#depth	N  1	N  2	N  3	N  4	N  5	N  6	N  7	N  8
 5.69374e+12	3.35e-02	9.13e-01	5.34e-02	1.74e-04	9.85e-07	0.00e+00	0.00e+00	0.00e+00
 3.41624e+13	3.36e-02	9.13e-01	5.33e-02	1.74e-04	0.00e+00	0.00e+00	0.00e+00	0.00e+00
 1.48037e+14	3.38e-02	9.13e-01	5.32e-02	1.73e-04	0.00e+00	0.00e+00	0.00e+00	0.00e+00
 6.03536e+14	3.48e-02	9.13e-01	5.23e-02	1.68e-04	0.00e+00	0.00e+00	0.00e+00	0.00e+00
 1.44165e+15	3.65e-02	9.11e-01	5.20e-02	1.68e-04	0.00e+00	0.00e+00	0.00e+00	0.00e+00
 2.53121e+15	3.86e-02	9.11e-01	5.05e-02	1.60e-04	0.00e+00	0.00e+00	0.00e+00	0.00e+00
 3.94763e+15	4.13e-02	9.11e-01	4.78e-02	1.46e-04	0.00e+00	0.00e+00	0.00e+00	0.00e+00
 5.78897e+15	4.49e-02	9.11e-01	4.37e-02	1.24e-04	0.00e+00	0.00e+00	0.00e+00	0.00e+00
 7.81410e+15	4.90e-02	9.12e-01	3.93e-02	1.03e-04	0.00e+00	0.00e+00	0.00e+00	0.00e+00
 9.70925e+15	5.32e-02	9.12e-01	3.49e-02	8.37e-05	0.00e+00	0.00e+00	0.00e+00	0.00e+00
 1.15103e+16	5.77e-02	9.12e-01	3.07e-02	6.67e-05	0.00e+00	0.00e+00	0.00e+00	0.00e+00
 1.33776e+16	6.33e-02	9.10e-01	2.62e-02	5.10e-05	0.00e+00	0.00e+00	0.00e+00	0.00e+00
 1.54091e+16	7.05e-02	9.08e-01	2.17e-02	3.74e-05	0.00e+00	0.00e+00	0.00e+00	0.00e+00
 1.74954e+16	7.96e-02	9.03e-01	1.75e-02	2.66e-05	0.00e+00	0.00e+00	0.00e+00	0.00e+00
 1.94325e+16	9.03e-02	8.96e-01	1.41e-02	1.90e-05	0.00e+00	0.00e+00	0.00e+00	0.00e+00
 2.11369e+16	1.02e-01	8.86e-01	1.13e-02	1.39e-05	0.00e+00	0.00e+00	0.00e+00	0.00e+00
 2.26999e+16	1.16e-01	8.75e-01	9.11e-03	1.03e-05	0.00e+00	0.00e+00	0.00e+00	0.00e+00
 2.43167e+16	1.34e-01	8.58e-01	7.10e-03	7.54e-06	0.00e+00	0.00e+00	0.00e+00	0.00e+00
 2.59142e+16	1.57e-01	8.37e-01	5.45e-03	5.53e-06	0.00e+00	0.00e+00	0.00e+00	0.00e+00
 2.71938e+16	1.80e-01	8.16e-01	4.33e-03	4.30e-06	0.00e+00	0.00e+00	0.00e+00	0.00e+00
 2.81283e+16	1.99e-01	7.98e-01	3.63e-03	3.59e-06	0.00e+00	0.00e+00	0.00e+00	0.00e+00
 2.88896e+16	2.16e-01	7.81e-01	3.12e-03	3.11e-06	0.00e+00	0.00e+00	0.00e+00	0.00e+00
 2.96224e+16	2.34e-01	7.63e-01	2.70e-03	2.72e-06	0.00e+00	0.00e+00	0.00e+00	0.00e+00
 3.03632e+16	2.53e-01	7.44e-01	2.32e-03	2.38e-06	0.00e+00	0.00e+00	0.00e+00	0.00e+00
 3.10771e+16	2.74e-01	7.24e-01	1.99e-03	2.09e-06	0.00e+00	0.00e+00	0.00e+00	0.00e+00
 3.17343e+16	2.94e-01	7.05e-01	1.73e-03	1.87e-06	0.00e+00	0.00e+00	0.00e+00	0.00e+00
 3.23444e+16	3.13e-01	6.86e-01	1.52e-03	1.68e-06	0.00e+00	0.00e+00	0.00e+00	0.00e+00
 3.29324e+16	3.32e-01	6.67e-01	1.33e-03	1.52e-06	0.00e+00	0.00e+00	0.00e+00	0.00e+00
 3.34079e+16	3.47e-01	6.52e-01	1.21e-03	1.42e-06	0.00e+00	0.00e+00	0.00e+00	0.00e+00
 3.37428e+16	3.58e-01	6.41e-01	1.12e-03	1.35e-06	0.00e+00	0.00e+00	0.00e+00	0.00e+00
 3.40673e+16	3.69e-01	6.30e-01	1.04e-03	1.28e-06	0.00e+00	0.00e+00	0.00e+00	0.00e+00
 3.44503e+16	3.82e-01	6.17e-01	9.56e-04	1.21e-06	0.00e+00	0.00e+00	0.00e+00	0.00e+00
 3.48674e+16	3.96e-01	6.03e-01	8.72e-04	1.13e-06	0.00e+00	0.00e+00	0.00e+00	0.00e+00
 3.52775e+16	4.10e-01	5.89e-01	7.95e-04	1.07e-06	0.00e+00	0.00e+00	0.00e+00	0.00e+00
 3.56738e+16	4.23e-01	5.76e-01	7.30e-04	1.01e-06	0.00e+00	0.00e+00	0.00e+00	0.00e+00
 3.60795e+16	4.38e-01	5.62e-01	6.65e-04	9.52e-07	0.00e+00	0.00e+00	0.00e+00	0.00e+00
 3.65020e+16	4.52e-01	5.47e-01	6.06e-04	0.00e+00	0.00e+00	0.00e+00	0.00e+00	0.00e+00
 3.69209e+16	4.66e-01	5.33e-01	5.52e-04	0.00e+00	0.00e+00	0.00e+00	0.00e+00	0.00e+00
 3.73498e+16	4.80e-01	5.19e-01	5.02e-04	0.00e+00	0.00e+00	0.00e+00	0.00e+00	0.00e+00
 3.78045e+16	4.95e-01	5.04e-01	4.53e-04	0.00e+00	0.00e+00	0.00e+00	0.00e+00	0.00e+00
 3.82640e+16	5.10e-01	4.89e-01	4.10e-04	0.00e+00	0.00e+00	0.00e+00	0.00e+00	0.00e+00
 3.87208e+16	5.25e-01	4.74e-01	3.70e-04	0.00e+00	0.00e+00	0.00e+00	0.00e+00	0.00e+00
 3.91828e+16	5.39e-01	4.60e-01	3.35e-04	0.00e+00	0.00e+00	0.00e+00	0.00e+00	0.00e+00
 3.96610e+16	5.54e-01	4.45e-01	3.01e-04	0.00e+00	0.00e+00	0.00e+00	0.00e+00	0.00e+00
 4.01550e+16	5.69e-01	4.31e-01	2.71e-04	0.00e+00	0.00e+00	0.00e+00	0.00e+00	0.00e+00
 4.06597e+16	5.84e-01	4.15e-01	2.42e-04	0.00e+00	0.00e+00	0.00e+00	0.00e+00	0.00e+00
 4.11688e+16	5.98e-01	4.01e-01	2.17e-04	0.00e+00	0.00e+00	0.00e+00	0.00e+00	0.00e+00
 4.16907e+16	6.14e-01	3.86e-01	1.93e-04	0.00e+00	0.00e+00	0.00e+00	0.00e+00	0.00e+00
 4.22193e+16	6.28e-01	3.72e-01	1.73e-04	0.00e+00	0.00e+00	0.00e+00	0.00e+00	0.00e+00
 4.27543e+16	6.42e-01	3.58e-01	1.55e-04	0.00e+00	0.00e+00	0.00e+00	0.00e+00	0.00e+00
 4.33282e+16	6.56e-01	3.44e-01	1.38e-04	0.00e+00	0.00e+00	0.00e+00	0.00e+00	0.00e+00
 4.39320e+16	6.71e-01	3.29e-01	1.21e-04	0.00e+00	0.00e+00	0.00e+00	0.00e+00	0.00e+00
 4.45052e+16	6.84e-01	3.16e-01	1.08e-04	0.00e+00	0.00e+00	0.00e+00	0.00e+00	0.00e+00
 4.50288e+16	6.95e-01	3.05e-01	9.75e-05	0.00e+00	0.00e+00	0.00e+00	0.00e+00	0.00e+00
 4.55965e+16	7.07e-01	2.93e-01	8.71e-05	0.00e+00	0.00e+00	0.00e+00	0.00e+00	0.00e+00
 4.62585e+16	7.22e-01	2.78e-01	7.61e-05	0.00e+00	0.00e+00	0.00e+00	0.00e+00	0.00e+00
 4.69299e+16	7.34e-01	2.66e-01	6.72e-05	0.00e+00	0.00e+00	0.00e+00	0.00e+00	0.00e+00
 4.75429e+16	7.46e-01	2.54e-01	6.00e-05	0.00e+00	0.00e+00	0.00e+00	0.00e+00	0.00e+00
 4.81532e+16	7.57e-01	2.43e-01	5.34e-05	0.00e+00	0.00e+00	0.00e+00	0.00e+00	0.00e+00
 4.88209e+16	7.67e-01	2.33e-01	4.76e-05	0.00e+00	0.00e+00	0.00e+00	0.00e+00	0.00e+00
 4.95191e+16	7.80e-01	2.20e-01	4.18e-05	0.00e+00	0.00e+00	0.00e+00	0.00e+00	0.00e+00
 5.01727e+16	7.89e-01	2.11e-01	3.76e-05	0.00e+00	0.00e+00	0.00e+00	0.00e+00	0.00e+00
 5.07771e+16	7.97e-01	2.03e-01	3.41e-05	0.00e+00	0.00e+00	0.00e+00	0.00e+00	0.00e+00
 5.14138e+16	8.05e-01	1.95e-01	3.08e-05	0.00e+00	0.00e+00	0.00e+00	0.00e+00	0.00e+00
 5.21424e+16	8.15e-01	1.85e-01	2.73e-05	0.00e+00	0.00e+00	0.00e+00	0.00e+00	0.00e+00
 5.29295e+16	8.24e-01	1.76e-01	2.43e-05	0.00e+00	0.00e+00	0.00e+00	0.00e+00	0.00e+00
 5.37079e+16	8.33e-01	1.67e-01	2.16e-05	0.00e+00	0.00e+00	0.00e+00	0.00e+00	0.00e+00
 5.44797e+16	8.41e-01	1.59e-01	1.94e-05	0.00e+00	0.00e+00	0.00e+00	0.00e+00	0.00e+00
 5.52365e+16	8.48e-01	1.52e-01	1.76e-05	0.00e+00	0.00e+00	0.00e+00	0.00e+00	0.00e+00
 5.60163e+16	8.55e-01	1.45e-01	1.59e-05	0.00e+00	0.00e+00	0.00e+00	0.00e+00	0.00e+00
 5.69097e+16	8.63e-01	1.37e-01	1.42e-05	0.00e+00	0.00e+00	0.00e+00	0.00e+00	0.00e+00
 5.77977e+16	8.70e-01	1.30e-01	1.28e-05	0.00e+00	0.00e+00	0.00e+00	0.00e+00	0.00e+00
 5.86351e+16	8.76e-01	1.24e-01	1.17e-05	0.00e+00	0.00e+00	0.00e+00	0.00e+00	0.00e+00
 5.95200e+16	8.82e-01	1.18e-01	1.06e-05	0.00e+00	0.00e+00	0.00e+00	0.00e+00	0.00e+00
 6.04581e+16	8.87e-01	1.13e-01	9.67e-06	0.00e+00	0.00e+00	0.00e+00	0.00e+00	0.00e+00
 6.13692e+16	8.93e-01	1.07e-01	8.85e-06	0.00e+00	0.00e+00	0.00e+00	0.00e+00	0.00e+00
 6.22391e+16	8.97e-01	1.03e-01	8.19e-06	0.00e+00	0.00e+00	0.00e+00	0.00e+00	0.00e+00
 6.31686e+16	9.03e-01	9.74e-02	7.53e-06	0.00e+00	0.00e+00	0.00e+00	0.00e+00	0.00e+00
 6.41347e+16	9.07e-01	9.25e-02	6.93e-06	0.00e+00	0.00e+00	0.00e+00	0.00e+00	0.00e+00
 6.50657e+16	9.12e-01	8.83e-02	6.45e-06	0.00e+00	0.00e+00	0.00e+00	0.00e+00	0.00e+00
 6.59727e+16	9.16e-01	8.43e-02	6.00e-06	0.00e+00	0.00e+00	0.00e+00	0.00e+00	0.00e+00
 6.68588e+16	9.19e-01	8.09e-02	5.64e-06	0.00e+00	0.00e+00	0.00e+00	0.00e+00	0.00e+00
 6.77380e+16	9.23e-01	7.71e-02	5.27e-06	0.00e+00	0.00e+00	0.00e+00	0.00e+00	0.00e+00
 6.85815e+16	9.26e-01	7.40e-02	4.98e-06	0.00e+00	0.00e+00	0.00e+00	0.00e+00	0.00e+00
 6.93869e+16	9.29e-01	7.07e-02	4.70e-06	0.00e+00	0.00e+00	0.00e+00	0.00e+00	0.00e+00
 7.01773e+16	9.32e-01	6.81e-02	4.47e-06	0.00e+00	0.00e+00	0.00e+00	0.00e+00	0.00e+00
 7.09344e+16	9.34e-01	6.56e-02	4.26e-06	0.00e+00	0.00e+00	0.00e+00	0.00e+00	0.00e+00
 7.16994e+16	9.37e-01	6.26e-02	4.04e-06	0.00e+00	0.00e+00	0.00e+00	0.00e+00	0.00e+00
 7.24352e+16	9.40e-01	6.01e-02	3.86e-06	0.00e+00	0.00e+00	0.00e+00	0.00e+00	0.00e+00
 7.31142e+16	9.42e-01	5.80e-02	3.70e-06	0.00e+00	0.00e+00	0.00e+00	0.00e+00	0.00e+00
 7.37619e+16	9.44e-01	5.61e-02	3.58e-06	0.00e+00	0.00e+00	0.00e+00	0.00e+00	0.00e+00
 7.44527e+16	9.46e-01	5.39e-02	3.42e-06	0.00e+00	0.00e+00	0.00e+00	0.00e+00	0.00e+00
 7.51422e+16	9.49e-01	5.14e-02	3.27e-06	0.00e+00	0.00e+00	0.00e+00	0.00e+00	0.00e+00
 7.57214e+16	9.50e-01	4.98e-02	3.16e-06	0.00e+00	0.00e+00	0.00e+00	0.00e+00	0.00e+00
 7.62672e+16	9.52e-01	4.83e-02	3.07e-06	0.00e+00	0.00e+00	0.00e+00	0.00e+00	0.00e+00
 7.68763e+16	9.54e-01	4.62e-02	2.95e-06	0.00e+00	0.00e+00	0.00e+00	0.00e+00	0.00e+00
 7.74641e+16	9.56e-01	4.43e-02	2.84e-06	0.00e+00	0.00e+00	0.00e+00	0.00e+00	0.00e+00
 7.79591e+16	9.57e-01	4.30e-02	2.76e-06	0.00e+00	0.00e+00	0.00e+00	0.00e+00	0.00e+00
 7.84293e+16	9.58e-01	4.18e-02	2.70e-06	0.00e+00	0.00e+00	0.00e+00	0.00e+00	0.00e+00
 7.89478e+16	9.60e-01	4.02e-02	2.61e-06	0.00e+00	0.00e+00	0.00e+00	0.00e+00	0.00e+00
 7.94527e+16	9.62e-01	3.85e-02	2.52e-06	0.00e+00	0.00e+00	0.00e+00	0.00e+00	0.00e+00
 7.98736e+16	9.63e-01	3.74e-02	2.46e-06	0.00e+00	0.00e+00	0.00e+00	0.00e+00	0.00e+00
 8.02634e+16	9.64e-01	3.64e-02	2.41e-06	0.00e+00	0.00e+00	0.00e+00	0.00e+00	0.00e+00
 8.07011e+16	9.65e-01	3.50e-02	2.34e-06	0.00e+00	0.00e+00	0.00e+00	0.00e+00	0.00e+00
 8.11431e+16	9.66e-01	3.36e-02	2.27e-06	0.00e+00	0.00e+00	0.00e+00	0.00e+00	0.00e+00
 8.15013e+16	9.67e-01	3.30e-02	2.24e-06	0.00e+00	0.00e+00	0.00e+00	0.00e+00	0.00e+00
 8.18778e+16	9.68e-01	3.15e-02	2.17e-06	0.00e+00	0.00e+00	0.00e+00	0.00e+00	0.00e+00
 8.22444e+16	9.70e-01	3.04e-02	2.11e-06	0.00e+00	0.00e+00	0.00e+00	0.00e+00	0.00e+00
 8.25297e+16	9.70e-01	2.97e-02	2.08e-06	0.00e+00	0.00e+00	0.00e+00	0.00e+00	0.00e+00
 8.28318e+16	9.71e-01	2.92e-02	2.06e-06	0.00e+00	0.00e+00	0.00e+00	0.00e+00	0.00e+00
 8.32245e+16	9.72e-01	2.79e-02	1.99e-06	0.00e+00	0.00e+00	0.00e+00	0.00e+00	0.00e+00
 8.36033e+16	9.73e-01	2.66e-02	1.94e-06	0.00e+00	0.00e+00	0.00e+00	0.00e+00	0.00e+00
 8.38726e+16	9.74e-01	2.61e-02	1.91e-06	0.00e+00	0.00e+00	0.00e+00	0.00e+00	0.00e+00
 8.41262e+16	9.74e-01	2.56e-02	1.89e-06	0.00e+00	0.00e+00	0.00e+00	0.00e+00	0.00e+00
 8.44446e+16	9.76e-01	2.43e-02	1.83e-06	0.00e+00	0.00e+00	0.00e+00	0.00e+00	0.00e+00
 8.47403e+16	9.77e-01	2.33e-02	1.78e-06	0.00e+00	0.00e+00	0.00e+00	0.00e+00	0.00e+00
 8.49435e+16	9.77e-01	2.28e-02	1.76e-06	0.00e+00	0.00e+00	0.00e+00	0.00e+00	0.00e+00
 8.51385e+16	9.78e-01	2.24e-02	1.74e-06	0.00e+00	0.00e+00	0.00e+00	0.00e+00	0.00e+00
 8.53861e+16	9.79e-01	2.15e-02	1.70e-06	0.00e+00	0.00e+00	0.00e+00	0.00e+00	0.00e+00
 8.56061e+16	9.79e-01	2.09e-02	1.67e-06	0.00e+00	0.00e+00	0.00e+00	0.00e+00	0.00e+00
 8.57381e+16	9.79e-01	2.05e-02	1.65e-06	0.00e+00	0.00e+00	0.00e+00	0.00e+00	0.00e+00
 8.58327e+16	9.80e-01	2.03e-02	1.64e-06	0.00e+00	0.00e+00	0.00e+00	0.00e+00	0.00e+00
 8.59274e+16	9.80e-01	2.00e-02	1.63e-06	0.00e+00	0.00e+00	0.00e+00	0.00e+00	0.00e+00
 8.60298e+16	9.80e-01	1.97e-02	1.61e-06	0.00e+00	0.00e+00	0.00e+00	0.00e+00	0.00e+00
 8.61355e+16	9.81e-01	1.95e-02	1.60e-06	0.00e+00	0.00e+00	0.00e+00	0.00e+00	0.00e+00
 8.62354e+16	9.81e-01	1.92e-02	1.59e-06	0.00e+00	0.00e+00	0.00e+00	0.00e+00	0.00e+00
 8.63254e+16	9.81e-01	1.89e-02	1.57e-06	0.00e+00	0.00e+00	0.00e+00	0.00e+00	0.00e+00
 8.64126e+16	9.81e-01	1.86e-02	1.56e-06	0.00e+00	0.00e+00	0.00e+00	0.00e+00	0.00e+00
 8.64994e+16	9.82e-01	1.84e-02	1.55e-06	0.00e+00	0.00e+00	0.00e+00	0.00e+00	0.00e+00
 8.65854e+16	9.82e-01	1.81e-02	1.54e-06	0.00e+00	0.00e+00	0.00e+00	0.00e+00	0.00e+00
 8.66699e+16	9.82e-01	1.78e-02	1.52e-06	0.00e+00	0.00e+00	0.00e+00	0.00e+00	0.00e+00
 8.67522e+16	9.82e-01	1.76e-02	1.51e-06	0.00e+00	0.00e+00	0.00e+00	0.00e+00	0.00e+00
 8.68324e+16	9.83e-01	1.73e-02	1.50e-06	0.00e+00	0.00e+00	0.00e+00	0.00e+00	0.00e+00
 8.69110e+16	9.83e-01	1.71e-02	1.49e-06	0.00e+00	0.00e+00	0.00e+00	0.00e+00	0.00e+00
 8.69887e+16	9.83e-01	1.68e-02	1.47e-06	0.00e+00	0.00e+00	0.00e+00	0.00e+00	0.00e+00
 8.70569e+16	9.83e-01	1.65e-02	1.46e-06	0.00e+00	0.00e+00	0.00e+00	0.00e+00	0.00e+00
 8.71172e+16	9.84e-01	1.64e-02	1.45e-06	0.00e+00	0.00e+00	0.00e+00	0.00e+00	0.00e+00
 8.71795e+16	9.84e-01	1.61e-02	1.44e-06	0.00e+00	0.00e+00	0.00e+00	0.00e+00	0.00e+00
 8.72528e+16	9.84e-01	1.59e-02	1.43e-06	0.00e+00	0.00e+00	0.00e+00	0.00e+00	0.00e+00
 8.73347e+16	9.84e-01	1.56e-02	1.42e-06	0.00e+00	0.00e+00	0.00e+00	0.00e+00	0.00e+00
 8.74118e+16	9.85e-01	1.54e-02	1.41e-06	0.00e+00	0.00e+00	0.00e+00	0.00e+00	0.00e+00
 8.74829e+16	9.85e-01	1.51e-02	1.40e-06	0.00e+00	0.00e+00	0.00e+00	0.00e+00	0.00e+00
 8.75516e+16	9.85e-01	1.49e-02	1.39e-06	0.00e+00	0.00e+00	0.00e+00	0.00e+00	0.00e+00
 8.76215e+16	9.85e-01	1.47e-02	1.37e-06	0.00e+00	0.00e+00	0.00e+00	0.00e+00	0.00e+00
 8.76939e+16	9.86e-01	1.44e-02	1.36e-06	0.00e+00	0.00e+00	0.00e+00	0.00e+00	0.00e+00
 8.77684e+16	9.86e-01	1.42e-02	1.35e-06	0.00e+00	0.00e+00	0.00e+00	0.00e+00	0.00e+00
 8.78476e+16	9.86e-01	1.39e-02	1.34e-06	0.00e+00	0.00e+00	0.00e+00	0.00e+00	0.00e+00
 8.79289e+16	9.86e-01	1.36e-02	1.33e-06	0.00e+00	0.00e+00	0.00e+00	0.00e+00	0.00e+00
 8.80022e+16	9.87e-01	1.34e-02	1.31e-06	0.00e+00	0.00e+00	0.00e+00	0.00e+00	0.00e+00
 8.80690e+16	9.87e-01	1.32e-02	1.30e-06	0.00e+00	0.00e+00	0.00e+00	0.00e+00	0.00e+00
 8.81390e+16	9.87e-01	1.29e-02	1.29e-06	0.00e+00	0.00e+00	0.00e+00	0.00e+00	0.00e+00
 8.82167e+16	9.87e-01	1.27e-02	1.28e-06	0.00e+00	0.00e+00	0.00e+00	0.00e+00	0.00e+00
 8.82993e+16	9.88e-01	1.24e-02	1.27e-06	0.00e+00	0.00e+00	0.00e+00	0.00e+00	0.00e+00
 8.83808e+16	9.88e-01	1.21e-02	1.25e-06	0.00e+00	0.00e+00	0.00e+00	0.00e+00	0.00e+00
 8.84594e+16	9.88e-01	1.19e-02	1.24e-06	0.00e+00	0.00e+00	0.00e+00	0.00e+00	0.00e+00
 8.85381e+16	9.88e-01	1.16e-02	1.23e-06	0.00e+00	0.00e+00	0.00e+00	0.00e+00	0.00e+00
 8.86176e+16	9.89e-01	1.14e-02	1.22e-06	0.00e+00	0.00e+00	0.00e+00	0.00e+00	0.00e+00
 8.87006e+16	9.89e-01	1.12e-02	1.20e-06	0.00e+00	0.00e+00	0.00e+00	0.00e+00	0.00e+00
 8.87896e+16	9.89e-01	1.07e-02	1.18e-06	0.00e+00	0.00e+00	0.00e+00	0.00e+00	0.00e+00
 8.88665e+16	9.89e-01	1.05e-02	1.17e-06	0.00e+00	0.00e+00	0.00e+00	0.00e+00	0.00e+00
 8.89359e+16	9.90e-01	1.03e-02	1.16e-06	0.00e+00	0.00e+00	0.00e+00	0.00e+00	0.00e+00
 8.90243e+16	9.90e-01	1.01e-02	1.15e-06	0.00e+00	0.00e+00	0.00e+00	0.00e+00	0.00e+00
 8.91340e+16	9.90e-01	9.53e-03	1.12e-06	0.00e+00	0.00e+00	0.00e+00	0.00e+00	0.00e+00
 8.92316e+16	9.91e-01	9.07e-03	1.09e-06	0.00e+00	0.00e+00	0.00e+00	0.00e+00	0.00e+00
 8.92962e+16	9.91e-01	8.88e-03	1.08e-06	0.00e+00	0.00e+00	0.00e+00	0.00e+00	0.00e+00
 8.93580e+16	9.91e-01	8.68e-03	1.07e-06	0.00e+00	0.00e+00	0.00e+00	0.00e+00	0.00e+00
 8.94383e+16	9.92e-01	8.34e-03	1.05e-06	0.00e+00	0.00e+00	0.00e+00	0.00e+00	0.00e+00
 8.95244e+16	9.92e-01	7.93e-03	1.02e-06	0.00e+00	0.00e+00	0.00e+00	0.00e+00	0.00e+00
 8.96022e+16	9.93e-01	7.40e-03	9.90e-07	0.00e+00	0.00e+00	0.00e+00	0.00e+00	0.00e+00
 8.96729e+16	9.93e-01	6.94e-03	9.57e-07	0.00e+00	0.00e+00	0.00e+00	0.00e+00	0.00e+00
 8.97373e+16	9.94e-01	6.32e-03	9.13e-07	0.00e+00	0.00e+00	0.00e+00	0.00e+00	0.00e+00
 8.97959e+16	9.97e-01	2.78e-03	4.94e-07	0.00e+00	0.00e+00	0.00e+00	0.00e+00	0.00e+00
 8.98492e+16	9.97e-01	2.51e-03	4.51e-07	0.00e+00	0.00e+00	0.00e+00	0.00e+00	0.00e+00
 8.98977e+16	9.98e-01	2.33e-03	4.22e-07	0.00e+00	0.00e+00	0.00e+00	0.00e+00	0.00e+00
 8.99419e+16	9.98e-01	2.20e-03	4.02e-07	0.00e+00	0.00e+00	0.00e+00	0.00e+00	0.00e+00
 8.99821e+16	9.98e-01	2.10e-03	3.86e-07	0.00e+00	0.00e+00	0.00e+00	0.00e+00	0.00e+00
 9.00186e+16	9.98e-01	2.03e-03	3.75e-07	0.00e+00	0.00e+00	0.00e+00	0.00e+00	0.00e+00
 9.00519e+16	9.98e-01	1.94e-03	3.60e-07	0.00e+00	0.00e+00	0.00e+00	0.00e+00	0.00e+00
 9.00822e+16	9.98e-01	1.89e-03	3.54e-07	0.00e+00	0.00e+00	0.00e+00	0.00e+00	0.00e+00
 9.01097e+16	9.98e-01	1.83e-03	3.44e-07	0.00e+00	0.00e+00	0.00e+00	0.00e+00	0.00e+00
 9.01348e+16	9.98e-01	1.78e-03	3.38e-07	0.00e+00	0.00e+00	0.00e+00	0.00e+00	0.00e+00
 9.01576e+16	9.98e-01	1.74e-03	3.32e-07	0.00e+00	0.00e+00	0.00e+00	0.00e+00	0.00e+00
 9.01784e+16	9.98e-01	1.70e-03	3.26e-07	0.00e+00	0.00e+00	0.00e+00	0.00e+00	0.00e+00
 9.01973e+16	9.98e-01	1.68e-03	3.24e-07	0.00e+00	0.00e+00	0.00e+00	0.00e+00	0.00e+00
 9.02180e+16	9.98e-01	1.64e-03	3.18e-07	0.00e+00	0.00e+00	0.00e+00	0.00e+00	0.00e+00
 9.02404e+16	9.98e-01	1.57e-03	3.09e-07	0.00e+00	0.00e+00	0.00e+00	0.00e+00	0.00e+00
 9.02607e+16	9.98e-01	1.53e-03	3.04e-07	0.00e+00	0.00e+00	0.00e+00	0.00e+00	0.00e+00
###########################
 5.69374e+12	3.35e-02	9.13e-01	5.34e-02	1.74e-04	9.85e-07	0.00e+00	0.00e+00	0.00e+00
 3.41624e+13	3.36e-02	9.13e-01	5.33e-02	1.74e-04	0.00e+00	0.00e+00	0.00e+00	0.00e+00
 1.48037e+14	3.38e-02	9.13e-01	5.32e-02	1.74e-04	0.00e+00	0.00e+00	0.00e+00	0.00e+00
 6.03536e+14	3.47e-02	9.12e-01	5.27e-02	1.70e-04	0.00e+00	0.00e+00	0.00e+00	0.00e+00
 1.44165e+15	3.63e-02	9.11e-01	5.27e-02	1.70e-04	0.00e+00	0.00e+00	0.00e+00	0.00e+00
 2.53121e+15	3.84e-02	9.10e-01	5.11e-02	1.62e-04	0.00e+00	0.00e+00	0.00e+00	0.00e+00
 3.94763e+15	4.13e-02	9.10e-01	4.82e-02	1.46e-04	0.00e+00	0.00e+00	0.00e+00	0.00e+00
 5.78897e+15	4.52e-02	9.11e-01	4.36e-02	1.23e-04	0.00e+00	0.00e+00	0.00e+00	0.00e+00
 7.81029e+15	4.96e-02	9.11e-01	3.88e-02	1.01e-04	0.00e+00	0.00e+00	0.00e+00	0.00e+00
 9.69254e+15	5.42e-02	9.12e-01	3.41e-02	8.07e-05	0.00e+00	0.00e+00	0.00e+00	0.00e+00
 1.14703e+16	5.92e-02	9.11e-01	2.96e-02	6.34e-05	0.00e+00	0.00e+00	0.00e+00	0.00e+00
 1.33020e+16	6.53e-02	9.10e-01	2.50e-02	4.79e-05	0.00e+00	0.00e+00	0.00e+00	0.00e+00
 1.52970e+16	7.33e-02	9.06e-01	2.05e-02	3.45e-05	0.00e+00	0.00e+00	0.00e+00	0.00e+00
 1.72990e+16	8.31e-02	9.00e-01	1.64e-02	2.44e-05	0.00e+00	0.00e+00	0.00e+00	0.00e+00
 1.90808e+16	9.42e-02	8.93e-01	1.32e-02	1.75e-05	0.00e+00	0.00e+00	0.00e+00	0.00e+00
 2.06319e+16	1.06e-01	8.83e-01	1.06e-02	1.30e-05	0.00e+00	0.00e+00	0.00e+00	0.00e+00
 2.20820e+16	1.21e-01	8.71e-01	8.57e-03	9.70e-06	0.00e+00	0.00e+00	0.00e+00	0.00e+00
 2.35784e+16	1.39e-01	8.54e-01	6.70e-03	7.12e-06	0.00e+00	0.00e+00	0.00e+00	0.00e+00
 2.50184e+16	1.61e-01	8.34e-01	5.21e-03	5.30e-06	0.00e+00	0.00e+00	0.00e+00	0.00e+00
 2.61631e+16	1.83e-01	8.13e-01	4.21e-03	4.20e-06	0.00e+00	0.00e+00	0.00e+00	0.00e+00
 2.70229e+16	2.01e-01	7.96e-01	3.55e-03	3.54e-06	0.00e+00	0.00e+00	0.00e+00	0.00e+00
 2.77503e+16	2.18e-01	7.79e-01	3.07e-03	3.07e-06	0.00e+00	0.00e+00	0.00e+00	0.00e+00
 2.84561e+16	2.36e-01	7.61e-01	2.65e-03	2.67e-06	0.00e+00	0.00e+00	0.00e+00	0.00e+00
 2.91562e+16	2.56e-01	7.42e-01	2.28e-03	2.34e-06	0.00e+00	0.00e+00	0.00e+00	0.00e+00
 2.98211e+16	2.76e-01	7.22e-01	1.97e-03	2.07e-06	0.00e+00	0.00e+00	0.00e+00	0.00e+00
 3.04393e+16	2.95e-01	7.03e-01	1.72e-03	1.85e-06	0.00e+00	0.00e+00	0.00e+00	0.00e+00
 3.10216e+16	3.14e-01	6.85e-01	1.51e-03	1.67e-06	0.00e+00	0.00e+00	0.00e+00	0.00e+00
 3.15875e+16	3.33e-01	6.66e-01	1.33e-03	1.52e-06	0.00e+00	0.00e+00	0.00e+00	0.00e+00
 3.20480e+16	3.48e-01	6.51e-01	1.21e-03	1.41e-06	0.00e+00	0.00e+00	0.00e+00	0.00e+00
 3.23749e+16	3.59e-01	6.40e-01	1.12e-03	1.34e-06	0.00e+00	0.00e+00	0.00e+00	0.00e+00
 3.26914e+16	3.70e-01	6.29e-01	1.04e-03	1.27e-06	0.00e+00	0.00e+00	0.00e+00	0.00e+00
 3.30490e+16	3.83e-01	6.16e-01	9.62e-04	1.20e-06	0.00e+00	0.00e+00	0.00e+00	0.00e+00
 3.34411e+16	3.96e-01	6.03e-01	8.80e-04	1.13e-06	0.00e+00	0.00e+00	0.00e+00	0.00e+00
 3.38415e+16	4.11e-01	5.88e-01	8.01e-04	1.06e-06	0.00e+00	0.00e+00	0.00e+00	0.00e+00
 3.42238e+16	4.24e-01	5.75e-01	7.36e-04	1.01e-06	0.00e+00	0.00e+00	0.00e+00	0.00e+00
 3.46059e+16	4.38e-01	5.61e-01	6.74e-04	9.49e-07	0.00e+00	0.00e+00	0.00e+00	0.00e+00
 3.50012e+16	4.52e-01	5.48e-01	6.16e-04	0.00e+00	0.00e+00	0.00e+00	0.00e+00	0.00e+00
 3.54028e+16	4.65e-01	5.34e-01	5.63e-04	0.00e+00	0.00e+00	0.00e+00	0.00e+00	0.00e+00
 3.58276e+16	4.80e-01	5.19e-01	5.10e-04	0.00e+00	0.00e+00	0.00e+00	0.00e+00	0.00e+00
 3.62636e+16	4.95e-01	5.05e-01	4.63e-04	0.00e+00	0.00e+00	0.00e+00	0.00e+00	0.00e+00
 3.66995e+16	5.10e-01	4.90e-01	4.19e-04	0.00e+00	0.00e+00	0.00e+00	0.00e+00	0.00e+00
 3.71363e+16	5.24e-01	4.76e-01	3.81e-04	0.00e+00	0.00e+00	0.00e+00	0.00e+00	0.00e+00
 3.75847e+16	5.39e-01	4.61e-01	3.44e-04	0.00e+00	0.00e+00	0.00e+00	0.00e+00	0.00e+00
 3.80548e+16	5.53e-01	4.47e-01	3.10e-04	0.00e+00	0.00e+00	0.00e+00	0.00e+00	0.00e+00
 3.85406e+16	5.69e-01	4.31e-01	2.78e-04	0.00e+00	0.00e+00	0.00e+00	0.00e+00	0.00e+00
 3.90288e+16	5.83e-01	4.17e-01	2.51e-04	0.00e+00	0.00e+00	0.00e+00	0.00e+00	0.00e+00
 3.95274e+16	5.97e-01	4.02e-01	2.25e-04	0.00e+00	0.00e+00	0.00e+00	0.00e+00	0.00e+00
 4.00504e+16	6.13e-01	3.87e-01	2.00e-04	0.00e+00	0.00e+00	0.00e+00	0.00e+00	0.00e+00
 4.05643e+16	6.26e-01	3.74e-01	1.80e-04	0.00e+00	0.00e+00	0.00e+00	0.00e+00	0.00e+00
 4.10919e+16	6.40e-01	3.60e-01	1.61e-04	0.00e+00	0.00e+00	0.00e+00	0.00e+00	0.00e+00
 4.16724e+16	6.56e-01	3.44e-01	1.42e-04	0.00e+00	0.00e+00	0.00e+00	0.00e+00	0.00e+00
 4.22448e+16	6.69e-01	3.31e-01	1.26e-04	0.00e+00	0.00e+00	0.00e+00	0.00e+00	0.00e+00
 4.27832e+16	6.81e-01	3.18e-01	1.14e-04	0.00e+00	0.00e+00	0.00e+00	0.00e+00	0.00e+00
 4.33591e+16	6.94e-01	3.06e-01	1.01e-04	0.00e+00	0.00e+00	0.00e+00	0.00e+00	0.00e+00
 4.39927e+16	7.09e-01	2.91e-01	8.88e-05	0.00e+00	0.00e+00	0.00e+00	0.00e+00	0.00e+00
 4.46082e+16	7.20e-01	2.80e-01	7.94e-05	0.00e+00	0.00e+00	0.00e+00	0.00e+00	0.00e+00
 4.51666e+16	7.31e-01	2.69e-01	7.15e-05	0.00e+00	0.00e+00	0.00e+00	0.00e+00	0.00e+00
 4.57609e+16	7.42e-01	2.58e-01	6.40e-05	0.00e+00	0.00e+00	0.00e+00	0.00e+00	0.00e+00
 4.64474e+16	7.55e-01	2.45e-01	5.60e-05	0.00e+00	0.00e+00	0.00e+00	0.00e+00	0.00e+00
 4.71479e+16	7.66e-01	2.34e-01	4.96e-05	0.00e+00	0.00e+00	0.00e+00	0.00e+00	0.00e+00
 4.78209e+16	7.77e-01	2.23e-01	4.40e-05	0.00e+00	0.00e+00	0.00e+00	0.00e+00	0.00e+00
 4.85056e+16	7.87e-01	2.13e-01	3.92e-05	0.00e+00	0.00e+00	0.00e+00	0.00e+00	0.00e+00
 4.92335e+16	7.97e-01	2.03e-01	3.48e-05	0.00e+00	0.00e+00	0.00e+00	0.00e+00	0.00e+00
 4.99572e+16	8.07e-01	1.93e-01	3.12e-05	0.00e+00	0.00e+00	0.00e+00	0.00e+00	0.00e+00
 5.06580e+16	8.15e-01	1.85e-01	2.79e-05	0.00e+00	0.00e+00	0.00e+00	0.00e+00	0.00e+00
 5.13719e+16	8.23e-01	1.77e-01	2.52e-05	0.00e+00	0.00e+00	0.00e+00	0.00e+00	0.00e+00
 5.21217e+16	8.32e-01	1.68e-01	2.25e-05	0.00e+00	0.00e+00	0.00e+00	0.00e+00	0.00e+00
 5.29293e+16	8.40e-01	1.60e-01	2.02e-05	0.00e+00	0.00e+00	0.00e+00	0.00e+00	0.00e+00
 5.37543e+16	8.48e-01	1.52e-01	1.80e-05	0.00e+00	0.00e+00	0.00e+00	0.00e+00	0.00e+00
 5.45330e+16	8.54e-01	1.46e-01	1.64e-05	0.00e+00	0.00e+00	0.00e+00	0.00e+00	0.00e+00
 5.53269e+16	8.61e-01	1.39e-01	1.48e-05	0.00e+00	0.00e+00	0.00e+00	0.00e+00	0.00e+00
 5.62317e+16	8.68e-01	1.32e-01	1.34e-05	0.00e+00	0.00e+00	0.00e+00	0.00e+00	0.00e+00
 5.71331e+16	8.75e-01	1.25e-01	1.21e-05	0.00e+00	0.00e+00	0.00e+00	0.00e+00	0.00e+00
 5.79847e+16	8.80e-01	1.20e-01	1.11e-05	0.00e+00	0.00e+00	0.00e+00	0.00e+00	0.00e+00
 5.89701e+16	8.86e-01	1.14e-01	9.99e-06	0.00e+00	0.00e+00	0.00e+00	0.00e+00	0.00e+00
 6.00494e+16	8.93e-01	1.07e-01	9.01e-06	0.00e+00	0.00e+00	0.00e+00	0.00e+00	0.00e+00
 6.10391e+16	8.98e-01	1.02e-01	8.27e-06	0.00e+00	0.00e+00	0.00e+00	0.00e+00	0.00e+00
 6.19744e+16	9.02e-01	9.76e-02	7.63e-06	0.00e+00	0.00e+00	0.00e+00	0.00e+00	0.00e+00
 6.29296e+16	9.07e-01	9.30e-02	7.05e-06	0.00e+00	0.00e+00	0.00e+00	0.00e+00	0.00e+00
 6.38894e+16	9.11e-01	8.86e-02	6.53e-06	0.00e+00	0.00e+00	0.00e+00	0.00e+00	0.00e+00
 6.48208e+16	9.15e-01	8.45e-02	6.07e-06	0.00e+00	0.00e+00	0.00e+00	0.00e+00	0.00e+00
 6.57032e+16	9.19e-01	8.11e-02	5.70e-06	0.00e+00	0.00e+00	0.00e+00	0.00e+00	0.00e+00
 6.65805e+16	9.22e-01	7.75e-02	5.35e-06	0.00e+00	0.00e+00	0.00e+00	0.00e+00	0.00e+00
 6.74539e+16	9.26e-01	7.41e-02	5.03e-06	0.00e+00	0.00e+00	0.00e+00	0.00e+00	0.00e+00
 6.82784e+16	9.29e-01	7.11e-02	4.76e-06	0.00e+00	0.00e+00	0.00e+00	0.00e+00	0.00e+00
 6.90714e+16	9.32e-01	6.82e-02	4.51e-06	0.00e+00	0.00e+00	0.00e+00	0.00e+00	0.00e+00
 6.98437e+16	9.34e-01	6.55e-02	4.29e-06	0.00e+00	0.00e+00	0.00e+00	0.00e+00	0.00e+00
 7.05921e+16	9.37e-01	6.30e-02	4.09e-06	0.00e+00	0.00e+00	0.00e+00	0.00e+00	0.00e+00
 7.13292e+16	9.39e-01	6.06e-02	3.91e-06	0.00e+00	0.00e+00	0.00e+00	0.00e+00	0.00e+00
 7.20475e+16	9.42e-01	5.78e-02	3.71e-06	0.00e+00	0.00e+00	0.00e+00	0.00e+00	0.00e+00
 7.27020e+16	9.44e-01	5.60e-02	3.59e-06	0.00e+00	0.00e+00	0.00e+00	0.00e+00	0.00e+00
 7.33481e+16	9.46e-01	5.40e-02	3.45e-06	0.00e+00	0.00e+00	0.00e+00	0.00e+00	0.00e+00
 7.40088e+16	9.48e-01	5.18e-02	3.31e-06	0.00e+00	0.00e+00	0.00e+00	0.00e+00	0.00e+00
 7.46257e+16	9.50e-01	5.00e-02	3.19e-06	0.00e+00	0.00e+00	0.00e+00	0.00e+00	0.00e+00
 7.52108e+16	9.52e-01	4.82e-02	3.08e-06	0.00e+00	0.00e+00	0.00e+00	0.00e+00	0.00e+00
 7.57684e+16	9.54e-01	4.64e-02	2.98e-06	0.00e+00	0.00e+00	0.00e+00	0.00e+00	0.00e+00
 7.63036e+16	9.55e-01	4.48e-02	2.88e-06	0.00e+00	0.00e+00	0.00e+00	0.00e+00	0.00e+00
 7.68300e+16	9.57e-01	4.33e-02	2.80e-06	0.00e+00	0.00e+00	0.00e+00	0.00e+00	0.00e+00
 7.73753e+16	9.58e-01	4.17e-02	2.70e-06	0.00e+00	0.00e+00	0.00e+00	0.00e+00	0.00e+00
 7.78864e+16	9.60e-01	4.02e-02	2.62e-06	0.00e+00	0.00e+00	0.00e+00	0.00e+00	0.00e+00
 7.83184e+16	9.61e-01	3.88e-02	2.55e-06	0.00e+00	0.00e+00	0.00e+00	0.00e+00	0.00e+00
 7.87388e+16	9.62e-01	3.78e-02	2.50e-06	0.00e+00	0.00e+00	0.00e+00	0.00e+00	0.00e+00
 7.92176e+16	9.64e-01	3.62e-02	2.41e-06	0.00e+00	0.00e+00	0.00e+00	0.00e+00	0.00e+00
 7.96793e+16	9.65e-01	3.48e-02	2.35e-06	0.00e+00	0.00e+00	0.00e+00	0.00e+00	0.00e+00
 8.00476e+16	9.66e-01	3.38e-02	2.29e-06	0.00e+00	0.00e+00	0.00e+00	0.00e+00	0.00e+00
 8.03820e+16	9.67e-01	3.29e-02	2.25e-06	0.00e+00	0.00e+00	0.00e+00	0.00e+00	0.00e+00
 8.07586e+16	9.68e-01	3.17e-02	2.19e-06	0.00e+00	0.00e+00	0.00e+00	0.00e+00	0.00e+00
 8.11384e+16	9.69e-01	3.07e-02	2.14e-06	0.00e+00	0.00e+00	0.00e+00	0.00e+00	0.00e+00
 8.14808e+16	9.70e-01	2.95e-02	2.08e-06	0.00e+00	0.00e+00	0.00e+00	0.00e+00	0.00e+00
 8.17910e+16	9.71e-01	2.90e-02	2.05e-06	0.00e+00	0.00e+00	0.00e+00	0.00e+00	0.00e+00
 8.21010e+16	9.72e-01	2.82e-02	2.02e-06	0.00e+00	0.00e+00	0.00e+00	0.00e+00	0.00e+00
 8.24732e+16	9.73e-01	2.69e-02	1.96e-06	0.00e+00	0.00e+00	0.00e+00	0.00e+00	0.00e+00
 8.28058e+16	9.74e-01	2.59e-02	1.91e-06	0.00e+00	0.00e+00	0.00e+00	0.00e+00	0.00e+00
 8.30504e+16	9.75e-01	2.54e-02	1.89e-06	0.00e+00	0.00e+00	0.00e+00	0.00e+00	0.00e+00
 8.33007e+16	9.75e-01	2.46e-02	1.86e-06	0.00e+00	0.00e+00	0.00e+00	0.00e+00	0.00e+00
 8.35899e+16	9.76e-01	2.36e-02	1.80e-06	0.00e+00	0.00e+00	0.00e+00	0.00e+00	0.00e+00
 8.38385e+16	9.77e-01	2.29e-02	1.78e-06	0.00e+00	0.00e+00	0.00e+00	0.00e+00	0.00e+00
 8.40461e+16	9.78e-01	2.24e-02	1.75e-06	0.00e+00	0.00e+00	0.00e+00	0.00e+00	0.00e+00
 8.42731e+16	9.79e-01	2.15e-02	1.71e-06	0.00e+00	0.00e+00	0.00e+00	0.00e+00	0.00e+00
 8.44657e+16	9.79e-01	2.10e-02	1.69e-06	0.00e+00	0.00e+00	0.00e+00	0.00e+00	0.00e+00
 8.45813e+16	9.79e-01	2.06e-02	1.67e-06	0.00e+00	0.00e+00	0.00e+00	0.00e+00	0.00e+00
 8.46642e+16	9.80e-01	2.04e-02	1.66e-06	0.00e+00	0.00e+00	0.00e+00	0.00e+00	0.00e+00
 8.47464e+16	9.80e-01	2.01e-02	1.64e-06	0.00e+00	0.00e+00	0.00e+00	0.00e+00	0.00e+00
 8.48394e+16	9.80e-01	1.99e-02	1.63e-06	0.00e+00	0.00e+00	0.00e+00	0.00e+00	0.00e+00
 8.49382e+16	9.80e-01	1.95e-02	1.62e-06	0.00e+00	0.00e+00	0.00e+00	0.00e+00	0.00e+00
 8.50338e+16	9.81e-01	1.93e-02	1.60e-06	0.00e+00	0.00e+00	0.00e+00	0.00e+00	0.00e+00
 8.51203e+16	9.81e-01	1.90e-02	1.59e-06	0.00e+00	0.00e+00	0.00e+00	0.00e+00	0.00e+00
 8.52001e+16	9.81e-01	1.87e-02	1.58e-06	0.00e+00	0.00e+00	0.00e+00	0.00e+00	0.00e+00
 8.52820e+16	9.82e-01	1.85e-02	1.57e-06	0.00e+00	0.00e+00	0.00e+00	0.00e+00	0.00e+00
 8.53668e+16	9.82e-01	1.82e-02	1.55e-06	0.00e+00	0.00e+00	0.00e+00	0.00e+00	0.00e+00
 8.54484e+16	9.82e-01	1.79e-02	1.54e-06	0.00e+00	0.00e+00	0.00e+00	0.00e+00	0.00e+00
 8.55253e+16	9.82e-01	1.77e-02	1.53e-06	0.00e+00	0.00e+00	0.00e+00	0.00e+00	0.00e+00
 8.56031e+16	9.83e-01	1.74e-02	1.52e-06	0.00e+00	0.00e+00	0.00e+00	0.00e+00	0.00e+00
 8.56806e+16	9.83e-01	1.72e-02	1.51e-06	0.00e+00	0.00e+00	0.00e+00	0.00e+00	0.00e+00
 8.57573e+16	9.83e-01	1.69e-02	1.49e-06	0.00e+00	0.00e+00	0.00e+00	0.00e+00	0.00e+00
 8.58326e+16	9.83e-01	1.67e-02	1.48e-06	0.00e+00	0.00e+00	0.00e+00	0.00e+00	0.00e+00
 8.59065e+16	9.84e-01	1.64e-02	1.47e-06	0.00e+00	0.00e+00	0.00e+00	0.00e+00	0.00e+00
 8.59794e+16	9.84e-01	1.62e-02	1.46e-06	0.00e+00	0.00e+00	0.00e+00	0.00e+00	0.00e+00
 8.60515e+16	9.84e-01	1.59e-02	1.44e-06	0.00e+00	0.00e+00	0.00e+00	0.00e+00	0.00e+00
 8.61134e+16	9.84e-01	1.57e-02	1.43e-06	0.00e+00	0.00e+00	0.00e+00	0.00e+00	0.00e+00
 8.61661e+16	9.85e-01	1.55e-02	1.42e-06	0.00e+00	0.00e+00	0.00e+00	0.00e+00	0.00e+00
 8.62241e+16	9.85e-01	1.53e-02	1.41e-06	0.00e+00	0.00e+00	0.00e+00	0.00e+00	0.00e+00
 8.62914e+16	9.85e-01	1.50e-02	1.40e-06	0.00e+00	0.00e+00	0.00e+00	0.00e+00	0.00e+00
 8.63686e+16	9.85e-01	1.47e-02	1.39e-06	0.00e+00	0.00e+00	0.00e+00	0.00e+00	0.00e+00
 8.64516e+16	9.85e-01	1.45e-02	1.38e-06	0.00e+00	0.00e+00	0.00e+00	0.00e+00	0.00e+00
 8.65337e+16	9.86e-01	1.42e-02	1.37e-06	0.00e+00	0.00e+00	0.00e+00	0.00e+00	0.00e+00
 8.66071e+16	9.86e-01	1.40e-02	1.35e-06	0.00e+00	0.00e+00	0.00e+00	0.00e+00	0.00e+00
 8.66705e+16	9.86e-01	1.38e-02	1.34e-06	0.00e+00	0.00e+00	0.00e+00	0.00e+00	0.00e+00
 8.67324e+16	9.86e-01	1.35e-02	1.33e-06	0.00e+00	0.00e+00	0.00e+00	0.00e+00	0.00e+00
 8.68027e+16	9.87e-01	1.33e-02	1.32e-06	0.00e+00	0.00e+00	0.00e+00	0.00e+00	0.00e+00
 8.68818e+16	9.87e-01	1.30e-02	1.31e-06	0.00e+00	0.00e+00	0.00e+00	0.00e+00	0.00e+00
 8.69582e+16	9.87e-01	1.28e-02	1.30e-06	0.00e+00	0.00e+00	0.00e+00	0.00e+00	0.00e+00
 8.70302e+16	9.87e-01	1.25e-02	1.28e-06	0.00e+00	0.00e+00	0.00e+00	0.00e+00	0.00e+00
 8.71034e+16	9.88e-01	1.23e-02	1.27e-06	0.00e+00	0.00e+00	0.00e+00	0.00e+00	0.00e+00
 8.71801e+16	9.88e-01	1.21e-02	1.26e-06	0.00e+00	0.00e+00	0.00e+00	0.00e+00	0.00e+00
 8.72668e+16	9.88e-01	1.18e-02	1.25e-06	0.00e+00	0.00e+00	0.00e+00	0.00e+00	0.00e+00
 8.73544e+16	9.88e-01	1.15e-02	1.23e-06	0.00e+00	0.00e+00	0.00e+00	0.00e+00	0.00e+00
 8.74315e+16	9.89e-01	1.13e-02	1.22e-06	0.00e+00	0.00e+00	0.00e+00	0.00e+00	0.00e+00
 8.75061e+16	9.89e-01	1.10e-02	1.21e-06	0.00e+00	0.00e+00	0.00e+00	0.00e+00	0.00e+00
 8.75870e+16	9.89e-01	1.06e-02	1.19e-06	0.00e+00	0.00e+00	0.00e+00	0.00e+00	0.00e+00
 8.76595e+16	9.90e-01	1.05e-02	1.18e-06	0.00e+00	0.00e+00	0.00e+00	0.00e+00	0.00e+00
 8.77273e+16	9.90e-01	1.02e-02	1.16e-06	0.00e+00	0.00e+00	0.00e+00	0.00e+00	0.00e+00
 8.78149e+16	9.90e-01	9.97e-03	1.15e-06	0.00e+00	0.00e+00	0.00e+00	0.00e+00	0.00e+00
 8.79206e+16	9.90e-01	9.50e-03	1.12e-06	0.00e+00	0.00e+00	0.00e+00	0.00e+00	0.00e+00
 8.80135e+16	9.91e-01	9.08e-03	1.10e-06	0.00e+00	0.00e+00	0.00e+00	0.00e+00	0.00e+00
 8.80778e+16	9.91e-01	8.91e-03	1.09e-06	0.00e+00	0.00e+00	0.00e+00	0.00e+00	0.00e+00
 8.81419e+16	9.91e-01	8.58e-03	1.07e-06	0.00e+00	0.00e+00	0.00e+00	0.00e+00	0.00e+00
 8.82153e+16	9.92e-01	8.36e-03	1.06e-06	0.00e+00	0.00e+00	0.00e+00	0.00e+00	0.00e+00
 8.83005e+16	9.92e-01	7.95e-03	1.03e-06	0.00e+00	0.00e+00	0.00e+00	0.00e+00	0.00e+00
 8.83926e+16	9.93e-01	7.37e-03	9.95e-07	0.00e+00	0.00e+00	0.00e+00	0.00e+00	0.00e+00
 8.84763e+16	9.93e-01	6.56e-03	9.36e-07	0.00e+00	0.00e+00	0.00e+00	0.00e+00	0.00e+00
 8.85525e+16	9.97e-01	2.66e-03	4.78e-07	0.00e+00	0.00e+00	0.00e+00	0.00e+00	0.00e+00
 8.86219e+16	9.98e-01	2.33e-03	4.25e-07	0.00e+00	0.00e+00	0.00e+00	0.00e+00	0.00e+00
 8.86850e+16	9.98e-01	2.12e-03	3.90e-07	0.00e+00	0.00e+00	0.00e+00	0.00e+00	0.00e+00
 8.87424e+16	9.98e-01	1.95e-03	3.65e-07	0.00e+00	0.00e+00	0.00e+00	0.00e+00	0.00e+00
 8.87947e+16	9.98e-01	1.83e-03	3.45e-07	0.00e+00	0.00e+00	0.00e+00	0.00e+00	0.00e+00
 8.88423e+16	9.98e-01	1.71e-03	3.28e-07	0.00e+00	0.00e+00	0.00e+00	0.00e+00	0.00e+00
 8.88855e+16	9.98e-01	1.62e-03	3.15e-07	0.00e+00	0.00e+00	0.00e+00	0.00e+00	0.00e+00
 8.89249e+16	9.98e-01	1.53e-03	3.03e-07	0.00e+00	0.00e+00	0.00e+00	0.00e+00	0.00e+00
###########################
 5.69374e+12	3.35e-02	9.13e-01	5.34e-02	1.74e-04	9.85e-07	0.00e+00	0.00e+00	0.00e+00
 3.41624e+13	3.36e-02	9.13e-01	5.33e-02	1.74e-04	0.00e+00	0.00e+00	0.00e+00	0.00e+00
 1.48037e+14	3.38e-02	9.13e-01	5.32e-02	1.74e-04	0.00e+00	0.00e+00	0.00e+00	0.00e+00
 6.03536e+14	3.46e-02	9.12e-01	5.28e-02	1.70e-04	0.00e+00	0.00e+00	0.00e+00	0.00e+00
 1.44165e+15	3.63e-02	9.11e-01	5.27e-02	1.70e-04	0.00e+00	0.00e+00	0.00e+00	0.00e+00
 2.53121e+15	3.84e-02	9.10e-01	5.11e-02	1.62e-04	0.00e+00	0.00e+00	0.00e+00	0.00e+00
 3.94763e+15	4.13e-02	9.10e-01	4.82e-02	1.46e-04	0.00e+00	0.00e+00	0.00e+00	0.00e+00
 5.78897e+15	4.51e-02	9.11e-01	4.36e-02	1.23e-04	0.00e+00	0.00e+00	0.00e+00	0.00e+00
 7.81034e+15	4.96e-02	9.11e-01	3.88e-02	1.01e-04	0.00e+00	0.00e+00	0.00e+00	0.00e+00
 9.69268e+15	5.42e-02	9.12e-01	3.41e-02	8.07e-05	0.00e+00	0.00e+00	0.00e+00	0.00e+00
 1.14705e+16	5.92e-02	9.11e-01	2.96e-02	6.34e-05	0.00e+00	0.00e+00	0.00e+00	0.00e+00
 1.33023e+16	6.53e-02	9.10e-01	2.50e-02	4.79e-05	0.00e+00	0.00e+00	0.00e+00	0.00e+00
 1.52974e+16	7.33e-02	9.06e-01	2.05e-02	3.46e-05	0.00e+00	0.00e+00	0.00e+00	0.00e+00
 1.72995e+16	8.31e-02	9.00e-01	1.64e-02	2.44e-05	0.00e+00	0.00e+00	0.00e+00	0.00e+00
 1.90813e+16	9.42e-02	8.93e-01	1.32e-02	1.75e-05	0.00e+00	0.00e+00	0.00e+00	0.00e+00
 2.06325e+16	1.06e-01	8.83e-01	1.06e-02	1.30e-05	0.00e+00	0.00e+00	0.00e+00	0.00e+00
 2.20826e+16	1.21e-01	8.71e-01	8.57e-03	9.70e-06	0.00e+00	0.00e+00	0.00e+00	0.00e+00
 2.35791e+16	1.39e-01	8.54e-01	6.70e-03	7.12e-06	0.00e+00	0.00e+00	0.00e+00	0.00e+00
 2.50193e+16	1.61e-01	8.34e-01	5.21e-03	5.30e-06	0.00e+00	0.00e+00	0.00e+00	0.00e+00
 2.61640e+16	1.83e-01	8.13e-01	4.21e-03	4.20e-06	0.00e+00	0.00e+00	0.00e+00	0.00e+00
 2.70239e+16	2.01e-01	7.96e-01	3.55e-03	3.54e-06	0.00e+00	0.00e+00	0.00e+00	0.00e+00
 2.77513e+16	2.18e-01	7.79e-01	3.07e-03	3.07e-06	0.00e+00	0.00e+00	0.00e+00	0.00e+00
 2.84572e+16	2.36e-01	7.61e-01	2.65e-03	2.67e-06	0.00e+00	0.00e+00	0.00e+00	0.00e+00
 2.91573e+16	2.56e-01	7.42e-01	2.28e-03	2.34e-06	0.00e+00	0.00e+00	0.00e+00	0.00e+00
 2.98222e+16	2.76e-01	7.22e-01	1.97e-03	2.07e-06	0.00e+00	0.00e+00	0.00e+00	0.00e+00
 3.04404e+16	2.95e-01	7.03e-01	1.72e-03	1.85e-06	0.00e+00	0.00e+00	0.00e+00	0.00e+00
 3.10228e+16	3.14e-01	6.85e-01	1.51e-03	1.67e-06	0.00e+00	0.00e+00	0.00e+00	0.00e+00
 3.15887e+16	3.33e-01	6.66e-01	1.33e-03	1.52e-06	0.00e+00	0.00e+00	0.00e+00	0.00e+00
 3.20492e+16	3.48e-01	6.51e-01	1.21e-03	1.41e-06	0.00e+00	0.00e+00	0.00e+00	0.00e+00
 3.23762e+16	3.59e-01	6.40e-01	1.12e-03	1.34e-06	0.00e+00	0.00e+00	0.00e+00	0.00e+00
 3.26927e+16	3.70e-01	6.29e-01	1.04e-03	1.27e-06	0.00e+00	0.00e+00	0.00e+00	0.00e+00
 3.30503e+16	3.83e-01	6.16e-01	9.62e-04	1.20e-06	0.00e+00	0.00e+00	0.00e+00	0.00e+00
 3.34422e+16	3.96e-01	6.03e-01	8.81e-04	1.13e-06	0.00e+00	0.00e+00	0.00e+00	0.00e+00
 3.38443e+16	4.11e-01	5.88e-01	8.01e-04	1.06e-06	0.00e+00	0.00e+00	0.00e+00	0.00e+00
 3.42280e+16	4.24e-01	5.75e-01	7.36e-04	1.01e-06	0.00e+00	0.00e+00	0.00e+00	0.00e+00
 3.46089e+16	4.38e-01	5.61e-01	6.74e-04	9.49e-07	0.00e+00	0.00e+00	0.00e+00	0.00e+00
 3.50031e+16	4.51e-01	5.48e-01	6.17e-04	0.00e+00	0.00e+00	0.00e+00	0.00e+00	0.00e+00
 3.54139e+16	4.66e-01	5.33e-01	5.60e-04	0.00e+00	0.00e+00	0.00e+00	0.00e+00	0.00e+00
 3.58378e+16	4.80e-01	5.19e-01	5.10e-04	0.00e+00	0.00e+00	0.00e+00	0.00e+00	0.00e+00
 3.62663e+16	4.95e-01	5.04e-01	4.62e-04	0.00e+00	0.00e+00	0.00e+00	0.00e+00	0.00e+00
 3.66957e+16	5.09e-01	4.90e-01	4.20e-04	0.00e+00	0.00e+00	0.00e+00	0.00e+00	0.00e+00
 3.71341e+16	5.24e-01	4.76e-01	3.80e-04	0.00e+00	0.00e+00	0.00e+00	0.00e+00	0.00e+00
 3.75895e+16	5.38e-01	4.61e-01	3.44e-04	0.00e+00	0.00e+00	0.00e+00	0.00e+00	0.00e+00
 3.80619e+16	5.54e-01	4.46e-01	3.09e-04	0.00e+00	0.00e+00	0.00e+00	0.00e+00	0.00e+00
 3.85398e+16	5.68e-01	4.32e-01	2.79e-04	0.00e+00	0.00e+00	0.00e+00	0.00e+00	0.00e+00
 3.90251e+16	5.83e-01	4.17e-01	2.50e-04	0.00e+00	0.00e+00	0.00e+00	0.00e+00	0.00e+00
 3.95216e+16	5.97e-01	4.03e-01	2.25e-04	0.00e+00	0.00e+00	0.00e+00	0.00e+00	0.00e+00
 4.00334e+16	6.11e-01	3.88e-01	2.02e-04	0.00e+00	0.00e+00	0.00e+00	0.00e+00	0.00e+00
 4.05807e+16	6.27e-01	3.73e-01	1.78e-04	0.00e+00	0.00e+00	0.00e+00	0.00e+00	0.00e+00
 4.11186e+16	6.41e-01	3.59e-01	1.60e-04	0.00e+00	0.00e+00	0.00e+00	0.00e+00	0.00e+00
 4.16517e+16	6.54e-01	3.46e-01	1.43e-04	0.00e+00	0.00e+00	0.00e+00	0.00e+00	0.00e+00
 4.22314e+16	6.69e-01	3.31e-01	1.26e-04	0.00e+00	0.00e+00	0.00e+00	0.00e+00	0.00e+00
 4.28235e+16	6.83e-01	3.17e-01	1.12e-04	0.00e+00	0.00e+00	0.00e+00	0.00e+00	0.00e+00
 4.34073e+16	6.95e-01	3.05e-01	1.00e-04	0.00e+00	0.00e+00	0.00e+00	0.00e+00	0.00e+00
 4.40125e+16	7.09e-01	2.91e-01	8.86e-05	0.00e+00	0.00e+00	0.00e+00	0.00e+00	0.00e+00
 4.46227e+16	7.21e-01	2.79e-01	7.89e-05	0.00e+00	0.00e+00	0.00e+00	0.00e+00	0.00e+00
 4.52376e+16	7.32e-01	2.67e-01	7.04e-05	0.00e+00	0.00e+00	0.00e+00	0.00e+00	0.00e+00
 4.58816e+16	7.45e-01	2.55e-01	6.22e-05	0.00e+00	0.00e+00	0.00e+00	0.00e+00	0.00e+00
 4.65457e+16	7.56e-01	2.44e-01	5.54e-05	0.00e+00	0.00e+00	0.00e+00	0.00e+00	0.00e+00
 4.72161e+16	7.68e-01	2.32e-01	4.90e-05	0.00e+00	0.00e+00	0.00e+00	0.00e+00	0.00e+00
 4.78677e+16	7.78e-01	2.22e-01	4.37e-05	0.00e+00	0.00e+00	0.00e+00	0.00e+00	0.00e+00
 4.84899e+16	7.86e-01	2.13e-01	3.95e-05	0.00e+00	0.00e+00	0.00e+00	0.00e+00	0.00e+00
 4.91323e+16	7.95e-01	2.05e-01	3.55e-05	0.00e+00	0.00e+00	0.00e+00	0.00e+00	0.00e+00
 4.98565e+16	8.06e-01	1.94e-01	3.15e-05	0.00e+00	0.00e+00	0.00e+00	0.00e+00	0.00e+00
 5.06489e+16	8.15e-01	1.85e-01	2.80e-05	0.00e+00	0.00e+00	0.00e+00	0.00e+00	0.00e+00
 5.14266e+16	8.24e-01	1.76e-01	2.50e-05	0.00e+00	0.00e+00	0.00e+00	0.00e+00	0.00e+00
 5.21306e+16	8.31e-01	1.69e-01	2.26e-05	0.00e+00	0.00e+00	0.00e+00	0.00e+00	0.00e+00
 5.28742e+16	8.39e-01	1.61e-01	2.04e-05	0.00e+00	0.00e+00	0.00e+00	0.00e+00	0.00e+00
 5.37259e+16	8.48e-01	1.52e-01	1.81e-05	0.00e+00	0.00e+00	0.00e+00	0.00e+00	0.00e+00
 5.45912e+16	8.55e-01	1.45e-01	1.62e-05	0.00e+00	0.00e+00	0.00e+00	0.00e+00	0.00e+00
 5.54246e+16	8.61e-01	1.39e-01	1.48e-05	0.00e+00	0.00e+00	0.00e+00	0.00e+00	0.00e+00
 5.62276e+16	8.68e-01	1.32e-01	1.34e-05	0.00e+00	0.00e+00	0.00e+00	0.00e+00	0.00e+00
 5.70890e+16	8.74e-01	1.26e-01	1.21e-05	0.00e+00	0.00e+00	0.00e+00	0.00e+00	0.00e+00
 5.80219e+16	8.81e-01	1.19e-01	1.10e-05	0.00e+00	0.00e+00	0.00e+00	0.00e+00	0.00e+00
 5.89754e+16	8.86e-01	1.14e-01	1.00e-05	0.00e+00	0.00e+00	0.00e+00	0.00e+00	0.00e+00
 5.99341e+16	8.92e-01	1.08e-01	9.10e-06	0.00e+00	0.00e+00	0.00e+00	0.00e+00	0.00e+00
 6.08712e+16	8.97e-01	1.03e-01	8.37e-06	0.00e+00	0.00e+00	0.00e+00	0.00e+00	0.00e+00
 6.18240e+16	9.02e-01	9.80e-02	7.70e-06	0.00e+00	0.00e+00	0.00e+00	0.00e+00	0.00e+00
 6.28027e+16	9.06e-01	9.35e-02	7.11e-06	0.00e+00	0.00e+00	0.00e+00	0.00e+00	0.00e+00
 6.37823e+16	9.11e-01	8.88e-02	6.56e-06	0.00e+00	0.00e+00	0.00e+00	0.00e+00	0.00e+00
 6.47202e+16	9.15e-01	8.49e-02	6.12e-06	0.00e+00	0.00e+00	0.00e+00	0.00e+00	0.00e+00
 6.55991e+16	9.18e-01	8.15e-02	5.75e-06	0.00e+00	0.00e+00	0.00e+00	0.00e+00	0.00e+00
 6.64927e+16	9.22e-01	7.75e-02	5.36e-06	0.00e+00	0.00e+00	0.00e+00	0.00e+00	0.00e+00
 6.73758e+16	9.26e-01	7.44e-02	5.06e-06	0.00e+00	0.00e+00	0.00e+00	0.00e+00	0.00e+00
 6.82074e+16	9.29e-01	7.09e-02	4.75e-06	0.00e+00	0.00e+00	0.00e+00	0.00e+00	0.00e+00
 6.89775e+16	9.32e-01	6.82e-02	4.52e-06	0.00e+00	0.00e+00	0.00e+00	0.00e+00	0.00e+00
 6.97119e+16	9.34e-01	6.59e-02	4.32e-06	0.00e+00	0.00e+00	0.00e+00	0.00e+00	0.00e+00
 7.04845e+16	9.36e-01	6.35e-02	4.14e-06	0.00e+00	0.00e+00	0.00e+00	0.00e+00	0.00e+00
 7.13042e+16	9.40e-01	6.03e-02	3.90e-06	0.00e+00	0.00e+00	0.00e+00	0.00e+00	0.00e+00
 7.20543e+16	9.42e-01	5.81e-02	3.73e-06	0.00e+00	0.00e+00	0.00e+00	0.00e+00	0.00e+00
 7.26967e+16	9.44e-01	5.60e-02	3.58e-06	0.00e+00	0.00e+00	0.00e+00	0.00e+00	0.00e+00
 7.33257e+16	9.46e-01	5.40e-02	3.45e-06	0.00e+00	0.00e+00	0.00e+00	0.00e+00	0.00e+00
 7.39582e+16	9.48e-01	5.19e-02	3.31e-06	0.00e+00	0.00e+00	0.00e+00	0.00e+00	0.00e+00
 7.45766e+16	9.50e-01	5.01e-02	3.20e-06	0.00e+00	0.00e+00	0.00e+00	0.00e+00	0.00e+00
 7.51645e+16	9.52e-01	4.82e-02	3.08e-06	0.00e+00	0.00e+00	0.00e+00	0.00e+00	0.00e+00
 7.57325e+16	9.53e-01	4.65e-02	2.98e-06	0.00e+00	0.00e+00	0.00e+00	0.00e+00	0.00e+00
 7.62791e+16	9.55e-01	4.50e-02	2.90e-06	0.00e+00	0.00e+00	0.00e+00	0.00e+00	0.00e+00
 7.68387e+16	9.57e-01	4.33e-02	2.79e-06	0.00e+00	0.00e+00	0.00e+00	0.00e+00	0.00e+00
 7.73699e+16	9.58e-01	4.16e-02	2.70e-06	0.00e+00	0.00e+00	0.00e+00	0.00e+00	0.00e+00
 7.78205e+16	9.60e-01	4.04e-02	2.64e-06	0.00e+00	0.00e+00	0.00e+00	0.00e+00	0.00e+00
 7.82883e+16	9.61e-01	3.89e-02	2.56e-06	0.00e+00	0.00e+00	0.00e+00	0.00e+00	0.00e+00
 7.87626e+16	9.62e-01	3.75e-02	2.48e-06	0.00e+00	0.00e+00	0.00e+00	0.00e+00	0.00e+00
 7.91790e+16	9.64e-01	3.65e-02	2.43e-06	0.00e+00	0.00e+00	0.00e+00	0.00e+00	0.00e+00
 7.96206e+16	9.65e-01	3.50e-02	2.35e-06	0.00e+00	0.00e+00	0.00e+00	0.00e+00	0.00e+00
 8.00523e+16	9.66e-01	3.37e-02	2.29e-06	0.00e+00	0.00e+00	0.00e+00	0.00e+00	0.00e+00
 8.04044e+16	9.67e-01	3.27e-02	2.24e-06	0.00e+00	0.00e+00	0.00e+00	0.00e+00	0.00e+00
 8.07266e+16	9.68e-01	3.19e-02	2.20e-06	0.00e+00	0.00e+00	0.00e+00	0.00e+00	0.00e+00
 8.10887e+16	9.69e-01	3.07e-02	2.14e-06	0.00e+00	0.00e+00	0.00e+00	0.00e+00	0.00e+00
 8.14528e+16	9.70e-01	2.95e-02	2.08e-06	0.00e+00	0.00e+00	0.00e+00	0.00e+00	0.00e+00
 8.17394e+16	9.71e-01	2.90e-02	2.06e-06	0.00e+00	0.00e+00	0.00e+00	0.00e+00	0.00e+00
 8.20319e+16	9.72e-01	2.83e-02	2.03e-06	0.00e+00	0.00e+00	0.00e+00	0.00e+00	0.00e+00
 8.24121e+16	9.73e-01	2.71e-02	1.97e-06	0.00e+00	0.00e+00	0.00e+00	0.00e+00	0.00e+00
 8.27729e+16	9.74e-01	2.59e-02	1.92e-06	0.00e+00	0.00e+00	0.00e+00	0.00e+00	0.00e+00
 8.30263e+16	9.75e-01	2.54e-02	1.89e-06	0.00e+00	0.00e+00	0.00e+00	0.00e+00	0.00e+00
 8.32695e+16	9.75e-01	2.45e-02	1.85e-06	0.00e+00	0.00e+00	0.00e+00	0.00e+00	0.00e+00
 8.35245e+16	9.76e-01	2.39e-02	1.82e-06	0.00e+00	0.00e+00	0.00e+00	0.00e+00	0.00e+00
 8.37796e+16	9.77e-01	2.30e-02	1.78e-06	0.00e+00	0.00e+00	0.00e+00	0.00e+00	0.00e+00
 8.40199e+16	9.78e-01	2.24e-02	1.75e-06	0.00e+00	0.00e+00	0.00e+00	0.00e+00	0.00e+00
 8.42372e+16	9.78e-01	2.15e-02	1.71e-06	0.00e+00	0.00e+00	0.00e+00	0.00e+00	0.00e+00
 8.44179e+16	9.79e-01	2.11e-02	1.69e-06	0.00e+00	0.00e+00	0.00e+00	0.00e+00	0.00e+00
 8.45273e+16	9.79e-01	2.08e-02	1.68e-06	0.00e+00	0.00e+00	0.00e+00	0.00e+00	0.00e+00
 8.46132e+16	9.79e-01	2.05e-02	1.66e-06	0.00e+00	0.00e+00	0.00e+00	0.00e+00	0.00e+00
 8.47066e+16	9.80e-01	2.03e-02	1.65e-06	0.00e+00	0.00e+00	0.00e+00	0.00e+00	0.00e+00
 8.48035e+16	9.80e-01	1.99e-02	1.64e-06	0.00e+00	0.00e+00	0.00e+00	0.00e+00	0.00e+00
 8.49007e+16	9.80e-01	1.97e-02	1.62e-06	0.00e+00	0.00e+00	0.00e+00	0.00e+00	0.00e+00
 8.49914e+16	9.81e-01	1.94e-02	1.61e-06	0.00e+00	0.00e+00	0.00e+00	0.00e+00	0.00e+00
 8.50753e+16	9.81e-01	1.91e-02	1.60e-06	0.00e+00	0.00e+00	0.00e+00	0.00e+00	0.00e+00
 8.51604e+16	9.81e-01	1.88e-02	1.58e-06	0.00e+00	0.00e+00	0.00e+00	0.00e+00	0.00e+00
 8.52471e+16	9.81e-01	1.86e-02	1.57e-06	0.00e+00	0.00e+00	0.00e+00	0.00e+00	0.00e+00
 8.53297e+16	9.82e-01	1.83e-02	1.56e-06	0.00e+00	0.00e+00	0.00e+00	0.00e+00	0.00e+00
 8.54075e+16	9.82e-01	1.81e-02	1.55e-06	0.00e+00	0.00e+00	0.00e+00	0.00e+00	0.00e+00
 8.54868e+16	9.82e-01	1.78e-02	1.53e-06	0.00e+00	0.00e+00	0.00e+00	0.00e+00	0.00e+00
 8.55660e+16	9.82e-01	1.75e-02	1.52e-06	0.00e+00	0.00e+00	0.00e+00	0.00e+00	0.00e+00
 8.56443e+16	9.83e-01	1.73e-02	1.51e-06	0.00e+00	0.00e+00	0.00e+00	0.00e+00	0.00e+00
 8.57209e+16	9.83e-01	1.70e-02	1.50e-06	0.00e+00	0.00e+00	0.00e+00	0.00e+00	0.00e+00
 8.57959e+16	9.83e-01	1.68e-02	1.49e-06	0.00e+00	0.00e+00	0.00e+00	0.00e+00	0.00e+00
 8.58697e+16	9.83e-01	1.65e-02	1.47e-06	0.00e+00	0.00e+00	0.00e+00	0.00e+00	0.00e+00
 8.59429e+16	9.84e-01	1.63e-02	1.46e-06	0.00e+00	0.00e+00	0.00e+00	0.00e+00	0.00e+00
 8.60155e+16	9.84e-01	1.60e-02	1.45e-06	0.00e+00	0.00e+00	0.00e+00	0.00e+00	0.00e+00
 8.60779e+16	9.84e-01	1.58e-02	1.44e-06	0.00e+00	0.00e+00	0.00e+00	0.00e+00	0.00e+00
 8.61302e+16	9.84e-01	1.56e-02	1.43e-06	0.00e+00	0.00e+00	0.00e+00	0.00e+00	0.00e+00
 8.61899e+16	9.85e-01	1.53e-02	1.42e-06	0.00e+00	0.00e+00	0.00e+00	0.00e+00	0.00e+00
 8.62613e+16	9.85e-01	1.51e-02	1.41e-06	0.00e+00	0.00e+00	0.00e+00	0.00e+00	0.00e+00
 8.63372e+16	9.85e-01	1.49e-02	1.40e-06	0.00e+00	0.00e+00	0.00e+00	0.00e+00	0.00e+00
 8.64117e+16	9.85e-01	1.46e-02	1.38e-06	0.00e+00	0.00e+00	0.00e+00	0.00e+00	0.00e+00
 8.64868e+16	9.86e-01	1.44e-02	1.37e-06	0.00e+00	0.00e+00	0.00e+00	0.00e+00	0.00e+00
 8.65600e+16	9.86e-01	1.41e-02	1.36e-06	0.00e+00	0.00e+00	0.00e+00	0.00e+00	0.00e+00
 8.66276e+16	9.86e-01	1.39e-02	1.35e-06	0.00e+00	0.00e+00	0.00e+00	0.00e+00	0.00e+00
 8.66948e+16	9.86e-01	1.36e-02	1.34e-06	0.00e+00	0.00e+00	0.00e+00	0.00e+00	0.00e+00
 8.67680e+16	9.87e-01	1.34e-02	1.32e-06	0.00e+00	0.00e+00	0.00e+00	0.00e+00	0.00e+00
 8.68463e+16	9.87e-01	1.31e-02	1.31e-06	0.00e+00	0.00e+00	0.00e+00	0.00e+00	0.00e+00
 8.69205e+16	9.87e-01	1.29e-02	1.30e-06	0.00e+00	0.00e+00	0.00e+00	0.00e+00	0.00e+00
 8.69906e+16	9.87e-01	1.26e-02	1.29e-06	0.00e+00	0.00e+00	0.00e+00	0.00e+00	0.00e+00
 8.70629e+16	9.88e-01	1.24e-02	1.28e-06	0.00e+00	0.00e+00	0.00e+00	0.00e+00	0.00e+00
 8.71384e+16	9.88e-01	1.22e-02	1.26e-06	0.00e+00	0.00e+00	0.00e+00	0.00e+00	0.00e+00
 8.72164e+16	9.88e-01	1.19e-02	1.25e-06	0.00e+00	0.00e+00	0.00e+00	0.00e+00	0.00e+00
 8.72967e+16	9.88e-01	1.17e-02	1.24e-06	0.00e+00	0.00e+00	0.00e+00	0.00e+00	0.00e+00
 8.73775e+16	9.89e-01	1.14e-02	1.23e-06	0.00e+00	0.00e+00	0.00e+00	0.00e+00	0.00e+00
 8.74586e+16	9.89e-01	1.11e-02	1.21e-06	0.00e+00	0.00e+00	0.00e+00	0.00e+00	0.00e+00
 8.75400e+16	9.89e-01	1.09e-02	1.20e-06	0.00e+00	0.00e+00	0.00e+00	0.00e+00	0.00e+00
 8.76238e+16	9.90e-01	1.05e-02	1.18e-06	0.00e+00	0.00e+00	0.00e+00	0.00e+00	0.00e+00
 8.76959e+16	9.90e-01	1.03e-02	1.17e-06	0.00e+00	0.00e+00	0.00e+00	0.00e+00	0.00e+00
 8.77630e+16	9.90e-01	1.01e-02	1.16e-06	0.00e+00	0.00e+00	0.00e+00	0.00e+00	0.00e+00
 8.78502e+16	9.90e-01	9.84e-03	1.14e-06	0.00e+00	0.00e+00	0.00e+00	0.00e+00	0.00e+00
 8.79584e+16	9.91e-01	9.33e-03	1.12e-06	0.00e+00	0.00e+00	0.00e+00	0.00e+00	0.00e+00
 8.80552e+16	9.91e-01	8.94e-03	1.09e-06	0.00e+00	0.00e+00	0.00e+00	0.00e+00	0.00e+00
 8.81218e+16	9.91e-01	8.70e-03	1.08e-06	0.00e+00	0.00e+00	0.00e+00	0.00e+00	0.00e+00
 8.81875e+16	9.92e-01	8.35e-03	1.06e-06	0.00e+00	0.00e+00	0.00e+00	0.00e+00	0.00e+00
 8.82603e+16	9.92e-01	8.02e-03	1.04e-06	0.00e+00	0.00e+00	0.00e+00	0.00e+00	0.00e+00
 8.83351e+16	9.92e-01	7.67e-03	1.01e-06	0.00e+00	0.00e+00	0.00e+00	0.00e+00	0.00e+00
 8.84097e+16	9.93e-01	7.16e-03	9.80e-07	0.00e+00	0.00e+00	0.00e+00	0.00e+00	0.00e+00
 8.84777e+16	9.93e-01	6.56e-03	9.37e-07	0.00e+00	0.00e+00	0.00e+00	0.00e+00	0.00e+00
 8.85395e+16	9.97e-01	2.70e-03	4.84e-07	0.00e+00	0.00e+00	0.00e+00	0.00e+00	0.00e+00
 8.85957e+16	9.98e-01	2.43e-03	4.40e-07	0.00e+00	0.00e+00	0.00e+00	0.00e+00	0.00e+00
 8.86469e+16	9.98e-01	2.25e-03	4.12e-07	0.00e+00	0.00e+00	0.00e+00	0.00e+00	0.00e+00
 8.86935e+16	9.98e-01	2.12e-03	3.91e-07	0.00e+00	0.00e+00	0.00e+00	0.00e+00	0.00e+00
 8.87358e+16	9.98e-01	2.01e-03	3.74e-07	0.00e+00	0.00e+00	0.00e+00	0.00e+00	0.00e+00
 8.87744e+16	9.98e-01	1.91e-03	3.59e-07	0.00e+00	0.00e+00	0.00e+00	0.00e+00	0.00e+00
 8.88095e+16	9.98e-01	1.83e-03	3.45e-07	0.00e+00	0.00e+00	0.00e+00	0.00e+00	0.00e+00
 8.88415e+16	9.98e-01	1.76e-03	3.36e-07	0.00e+00	0.00e+00	0.00e+00	0.00e+00	0.00e+00
 8.88705e+16	9.98e-01	1.70e-03	3.26e-07	0.00e+00	0.00e+00	0.00e+00	0.00e+00	0.00e+00
 8.88970e+16	9.98e-01	1.63e-03	3.18e-07	0.00e+00	0.00e+00	0.00e+00	0.00e+00	0.00e+00
 8.89210e+16	9.98e-01	1.59e-03	3.12e-07	0.00e+00	0.00e+00	0.00e+00	0.00e+00	0.00e+00
 8.89429e+16	9.98e-01	1.53e-03	3.03e-07	0.00e+00	0.00e+00	0.00e+00	0.00e+00	0.00e+00
