#depth	N  1	N  2	N  3	N  4	N  5	N  6	N  7	N  8
 1.34621e+14	9.22e-07	3.19e-03	3.34e-01	5.40e-01	1.11e-01	1.13e-02	8.99e-06	0.00e+00
 8.07726e+14	9.26e-07	3.19e-03	3.35e-01	5.40e-01	1.11e-01	1.12e-02	8.91e-06	0.00e+00
 3.50014e+15	9.34e-07	3.21e-03	3.36e-01	5.40e-01	1.10e-01	1.10e-02	8.72e-06	0.00e+00
 1.42698e+16	9.69e-07	3.29e-03	3.44e-01	5.37e-01	1.06e-01	1.03e-02	8.07e-06	0.00e+00
 3.40860e+16	1.07e-06	3.49e-03	3.60e-01	5.31e-01	9.68e-02	8.91e-03	6.60e-06	0.00e+00
 5.67632e+16	1.17e-06	3.67e-03	3.77e-01	5.23e-01	8.86e-02	7.70e-03	5.47e-06	0.00e+00
 8.20947e+16	1.27e-06	3.86e-03	3.96e-01	5.13e-01	8.08e-02	6.71e-03	4.62e-06	0.00e+00
 1.13961e+17	1.39e-06	4.09e-03	4.20e-01	4.98e-01	7.23e-02	5.73e-03	3.85e-06	0.00e+00
 1.48383e+17	1.50e-06	4.31e-03	4.48e-01	4.80e-01	6.37e-02	4.90e-03	3.23e-06	0.00e+00
 1.78914e+17	1.58e-06	4.50e-03	4.73e-01	4.62e-01	5.68e-02	4.26e-03	2.80e-06	0.00e+00
 2.11390e+17	1.71e-06	4.79e-03	5.01e-01	4.41e-01	4.96e-02	3.66e-03	2.40e-06	0.00e+00
 2.46019e+17	1.84e-06	5.08e-03	5.31e-01	4.18e-01	4.24e-02	3.08e-03	2.02e-06	0.00e+00
 2.75400e+17	1.97e-06	5.37e-03	5.57e-01	3.98e-01	3.66e-02	2.62e-03	1.73e-06	0.00e+00
 3.00169e+17	2.12e-06	5.68e-03	5.79e-01	3.81e-01	3.19e-02	2.26e-03	1.48e-06	0.00e+00
 3.23192e+17	2.37e-06	6.14e-03	6.03e-01	3.62e-01	2.71e-02	1.88e-03	1.21e-06	0.00e+00
 3.44118e+17	2.62e-06	6.57e-03	6.23e-01	3.45e-01	2.33e-02	1.59e-03	1.00e-06	0.00e+00
 3.62794e+17	2.93e-06	7.05e-03	6.41e-01	3.30e-01	2.00e-02	1.34e-03	8.27e-07	0.00e+00
 3.80915e+17	3.32e-06	7.62e-03	6.59e-01	3.15e-01	1.69e-02	1.12e-03	0.00e+00	0.00e+00
 3.98527e+17	3.80e-06	8.29e-03	6.77e-01	3.00e-01	1.43e-02	9.35e-04	0.00e+00	0.00e+00
 4.15069e+17	4.38e-06	9.01e-03	6.93e-01	2.85e-01	1.20e-02	7.81e-04	0.00e+00	0.00e+00
 4.30619e+17	5.04e-06	9.78e-03	7.07e-01	2.72e-01	1.02e-02	6.59e-04	0.00e+00	0.00e+00
 4.48027e+17	5.94e-06	1.07e-02	7.23e-01	2.57e-01	8.45e-03	5.45e-04	0.00e+00	0.00e+00
 4.66895e+17	7.04e-06	1.18e-02	7.38e-01	2.43e-01	6.94e-03	4.50e-04	0.00e+00	0.00e+00
 4.84558e+17	8.21e-06	1.29e-02	7.50e-01	2.31e-01	5.84e-03	3.82e-04	0.00e+00	0.00e+00
 5.03645e+17	9.63e-06	1.41e-02	7.62e-01	2.19e-01	4.89e-03	3.24e-04	0.00e+00	0.00e+00
 5.27222e+17	1.16e-05	1.56e-02	7.74e-01	2.06e-01	4.00e-03	2.71e-04	0.00e+00	0.00e+00
 5.55950e+17	1.41e-05	1.73e-02	7.86e-01	1.93e-01	3.25e-03	2.26e-04	0.00e+00	0.00e+00
 5.86589e+17	1.71e-05	1.92e-02	7.96e-01	1.81e-01	2.69e-03	1.90e-04	0.00e+00	0.00e+00
 6.21070e+17	2.11e-05	2.14e-02	8.06e-01	1.70e-01	2.25e-03	1.60e-04	0.00e+00	0.00e+00
 6.52266e+17	2.47e-05	2.33e-02	8.12e-01	1.62e-01	1.99e-03	1.42e-04	0.00e+00	0.00e+00
 6.73477e+17	2.74e-05	2.46e-02	8.16e-01	1.57e-01	1.86e-03	1.31e-04	0.00e+00	0.00e+00
 6.95334e+17	3.07e-05	2.61e-02	8.20e-01	1.52e-01	1.73e-03	1.21e-04	0.00e+00	0.00e+00
 7.23749e+17	3.55e-05	2.81e-02	8.24e-01	1.46e-01	1.59e-03	1.09e-04	0.00e+00	0.00e+00
 7.53440e+17	4.10e-05	3.04e-02	8.27e-01	1.41e-01	1.48e-03	9.87e-05	0.00e+00	0.00e+00
 7.78245e+17	4.64e-05	3.25e-02	8.30e-01	1.36e-01	1.40e-03	9.08e-05	0.00e+00	0.00e+00
 7.99773e+17	5.18e-05	3.45e-02	8.32e-01	1.32e-01	1.34e-03	8.41e-05	0.00e+00	0.00e+00
 8.23590e+17	5.91e-05	3.70e-02	8.34e-01	1.27e-01	1.28e-03	7.69e-05	0.00e+00	0.00e+00
 8.48633e+17	6.79e-05	4.00e-02	8.36e-01	1.23e-01	1.22e-03	6.98e-05	0.00e+00	0.00e+00
 8.69332e+17	7.66e-05	4.28e-02	8.37e-01	1.18e-01	1.17e-03	6.41e-05	0.00e+00	0.00e+00
 8.86835e+17	8.53e-05	4.55e-02	8.38e-01	1.15e-01	1.13e-03	5.93e-05	0.00e+00	0.00e+00
 9.06124e+17	9.69e-05	4.89e-02	8.39e-01	1.10e-01	1.09e-03	5.41e-05	0.00e+00	0.00e+00
 9.26643e+17	1.11e-04	5.30e-02	8.40e-01	1.06e-01	1.04e-03	4.87e-05	0.00e+00	0.00e+00
 9.43872e+17	1.26e-04	5.70e-02	8.40e-01	1.01e-01	1.00e-03	4.44e-05	0.00e+00	0.00e+00
 9.58424e+17	1.41e-04	6.08e-02	8.40e-01	9.76e-02	9.67e-04	4.07e-05	0.00e+00	0.00e+00
 9.74386e+17	1.60e-04	6.55e-02	8.40e-01	9.32e-02	9.27e-04	3.68e-05	0.00e+00	0.00e+00
 9.91461e+17	1.85e-04	7.14e-02	8.39e-01	8.83e-02	8.83e-04	3.27e-05	0.00e+00	0.00e+00
 1.00593e+18	2.11e-04	7.70e-02	8.38e-01	8.41e-02	8.45e-04	2.94e-05	0.00e+00	0.00e+00
 1.01820e+18	2.37e-04	8.24e-02	8.36e-01	8.03e-02	8.12e-04	2.67e-05	0.00e+00	0.00e+00
 1.03165e+18	2.70e-04	8.92e-02	8.34e-01	7.59e-02	7.74e-04	2.38e-05	0.00e+00	0.00e+00
 1.04611e+18	3.14e-04	9.75e-02	8.30e-01	7.12e-02	7.32e-04	2.09e-05	0.00e+00	0.00e+00
 1.05849e+18	3.60e-04	1.06e-01	8.26e-01	6.70e-02	6.95e-04	1.85e-05	0.00e+00	0.00e+00
 1.06903e+18	4.06e-04	1.14e-01	8.22e-01	6.33e-02	6.63e-04	1.66e-05	0.00e+00	0.00e+00
 1.08057e+18	4.66e-04	1.23e-01	8.16e-01	5.91e-02	6.26e-04	1.46e-05	0.00e+00	0.00e+00
 1.09306e+18	5.46e-04	1.35e-01	8.09e-01	5.46e-02	5.85e-04	1.25e-05	0.00e+00	0.00e+00
 1.10386e+18	6.30e-04	1.48e-01	8.01e-01	5.06e-02	5.49e-04	1.09e-05	0.00e+00	0.00e+00
 1.11309e+18	7.15e-04	1.59e-01	7.92e-01	4.71e-02	5.18e-04	9.55e-06	0.00e+00	0.00e+00
 1.12321e+18	8.28e-04	1.74e-01	7.82e-01	4.33e-02	4.83e-04	8.20e-06	0.00e+00	0.00e+00
 1.13425e+18	9.78e-04	1.91e-01	7.68e-01	3.91e-02	4.44e-04	6.85e-06	0.00e+00	0.00e+00
 1.14391e+18	1.14e-03	2.10e-01	7.53e-01	3.55e-02	4.09e-04	5.77e-06	0.00e+00	0.00e+00
 1.15224e+18	1.31e-03	2.27e-01	7.39e-01	3.24e-02	3.79e-04	4.92e-06	0.00e+00	0.00e+00
 1.16142e+18	1.53e-03	2.49e-01	7.20e-01	2.89e-02	3.45e-04	4.08e-06	0.00e+00	0.00e+00
 1.17154e+18	1.84e-03	2.77e-01	6.96e-01	2.52e-02	3.08e-04	3.25e-06	0.00e+00	0.00e+00
 1.18062e+18	2.19e-03	3.05e-01	6.70e-01	2.20e-02	2.74e-04	2.59e-06	0.00e+00	0.00e+00
 1.18859e+18	2.56e-03	3.34e-01	6.44e-01	1.92e-02	2.45e-04	2.08e-06	0.00e+00	0.00e+00
 1.19739e+18	3.07e-03	3.68e-01	6.12e-01	1.63e-02	2.14e-04	1.61e-06	0.00e+00	0.00e+00
 1.20679e+18	3.75e-03	4.10e-01	5.73e-01	1.34e-02	1.81e-04	1.18e-06	0.00e+00	0.00e+00
 1.21465e+18	4.48e-03	4.50e-01	5.34e-01	1.11e-02	1.54e-04	8.80e-07	0.00e+00	0.00e+00
 1.22108e+18	5.21e-03	4.86e-01	4.99e-01	9.29e-03	1.32e-04	0.00e+00	0.00e+00	0.00e+00
 1.22796e+18	6.13e-03	5.26e-01	4.60e-01	7.58e-03	1.11e-04	0.00e+00	0.00e+00	0.00e+00
 1.23564e+18	7.41e-03	5.75e-01	4.12e-01	5.86e-03	8.90e-05	0.00e+00	0.00e+00	0.00e+00
 1.24251e+18	8.85e-03	6.22e-01	3.65e-01	4.49e-03	7.05e-05	0.00e+00	0.00e+00	0.00e+00
 1.24824e+18	1.03e-02	6.62e-01	3.24e-01	3.49e-03	5.66e-05	0.00e+00	0.00e+00	0.00e+00
 1.25308e+18	1.18e-02	6.97e-01	2.89e-01	2.77e-03	4.60e-05	0.00e+00	0.00e+00	0.00e+00
 1.25729e+18	1.32e-02	7.26e-01	2.58e-01	2.22e-03	3.79e-05	0.00e+00	0.00e+00	0.00e+00
 1.26194e+18	1.51e-02	7.58e-01	2.26e-01	1.71e-03	3.00e-05	0.00e+00	0.00e+00	0.00e+00
 1.26680e+18	1.74e-02	7.90e-01	1.91e-01	1.26e-03	2.27e-05	0.00e+00	0.00e+00	0.00e+00
 1.27073e+18	1.96e-02	8.15e-01	1.64e-01	9.57e-04	1.77e-05	0.00e+00	0.00e+00	0.00e+00
 1.27386e+18	2.17e-02	8.34e-01	1.43e-01	7.59e-04	1.42e-05	0.00e+00	0.00e+00	0.00e+00
 1.27721e+18	2.41e-02	8.52e-01	1.23e-01	5.85e-04	1.12e-05	0.00e+00	0.00e+00	0.00e+00
 1.28088e+18	2.74e-02	8.70e-01	1.02e-01	4.27e-04	8.24e-06	0.00e+00	0.00e+00	0.00e+00
 1.28405e+18	3.07e-02	8.84e-01	8.47e-02	3.19e-04	6.18e-06	0.00e+00	0.00e+00	0.00e+00
 1.28662e+18	3.38e-02	8.94e-01	7.20e-02	2.50e-04	4.82e-06	0.00e+00	0.00e+00	0.00e+00
 1.28935e+18	3.76e-02	9.02e-01	6.01e-02	1.91e-04	3.65e-06	0.00e+00	0.00e+00	0.00e+00
 1.29234e+18	4.25e-02	9.09e-01	4.81e-02	1.41e-04	2.61e-06	0.00e+00	0.00e+00	0.00e+00
 1.29491e+18	4.78e-02	9.13e-01	3.88e-02	1.07e-04	1.89e-06	0.00e+00	0.00e+00	0.00e+00
 1.29704e+18	5.29e-02	9.15e-01	3.21e-02	8.51e-05	1.43e-06	0.00e+00	0.00e+00	0.00e+00
 1.29930e+18	5.90e-02	9.15e-01	2.59e-02	6.72e-05	1.05e-06	0.00e+00	0.00e+00	0.00e+00
 1.30181e+18	6.76e-02	9.12e-01	1.99e-02	5.15e-05	7.13e-07	0.00e+00	0.00e+00	0.00e+00
 1.30403e+18	7.70e-02	9.08e-01	1.54e-02	4.07e-05	0.00e+00	0.00e+00	0.00e+00	0.00e+00
 1.30588e+18	8.65e-02	9.01e-01	1.22e-02	3.38e-05	0.00e+00	0.00e+00	0.00e+00	0.00e+00
 1.30756e+18	9.66e-02	8.94e-01	9.73e-03	2.87e-05	0.00e+00	0.00e+00	0.00e+00	0.00e+00
 1.30914e+18	1.08e-01	8.84e-01	7.75e-03	2.47e-05	0.00e+00	0.00e+00	0.00e+00	0.00e+00
 1.31055e+18	1.20e-01	8.74e-01	6.23e-03	2.16e-05	0.00e+00	0.00e+00	0.00e+00	0.00e+00
 1.31176e+18	1.32e-01	8.63e-01	5.12e-03	1.93e-05	0.00e+00	0.00e+00	0.00e+00	0.00e+00
 1.31281e+18	1.43e-01	8.53e-01	4.28e-03	1.76e-05	0.00e+00	0.00e+00	0.00e+00	0.00e+00
 1.31378e+18	1.55e-01	8.41e-01	3.59e-03	1.61e-05	0.00e+00	0.00e+00	0.00e+00	0.00e+00
 1.31455e+18	1.66e-01	8.31e-01	3.10e-03	1.51e-05	0.00e+00	0.00e+00	0.00e+00	0.00e+00
 1.31503e+18	1.72e-01	8.25e-01	2.84e-03	1.45e-05	0.00e+00	0.00e+00	0.00e+00	0.00e+00
 1.31548e+18	1.79e-01	8.18e-01	2.60e-03	1.39e-05	0.00e+00	0.00e+00	0.00e+00	0.00e+00
 1.31605e+18	1.88e-01	8.10e-01	2.33e-03	1.33e-05	0.00e+00	0.00e+00	0.00e+00	0.00e+00
 1.31668e+18	1.99e-01	7.99e-01	2.04e-03	1.25e-05	0.00e+00	0.00e+00	0.00e+00	0.00e+00
 1.31723e+18	2.10e-01	7.88e-01	1.81e-03	1.19e-05	0.00e+00	0.00e+00	0.00e+00	0.00e+00
 1.31769e+18	2.19e-01	7.80e-01	1.64e-03	1.14e-05	0.00e+00	0.00e+00	0.00e+00	0.00e+00
 1.31813e+18	2.28e-01	7.71e-01	1.49e-03	1.10e-05	0.00e+00	0.00e+00	0.00e+00	0.00e+00
 1.31862e+18	2.39e-01	7.60e-01	1.33e-03	1.05e-05	0.00e+00	0.00e+00	0.00e+00	0.00e+00
 1.31912e+18	2.51e-01	7.48e-01	1.19e-03	9.97e-06	0.00e+00	0.00e+00	0.00e+00	0.00e+00
 1.31959e+18	2.62e-01	7.37e-01	1.06e-03	9.52e-06	0.00e+00	0.00e+00	0.00e+00	0.00e+00
 1.32002e+18	2.73e-01	7.26e-01	9.56e-04	9.14e-06	0.00e+00	0.00e+00	0.00e+00	0.00e+00
 1.32044e+18	2.85e-01	7.15e-01	8.62e-04	8.77e-06	0.00e+00	0.00e+00	0.00e+00	0.00e+00
 1.32088e+18	2.97e-01	7.02e-01	7.70e-04	8.39e-06	0.00e+00	0.00e+00	0.00e+00	0.00e+00
 1.32132e+18	3.11e-01	6.89e-01	6.86e-04	8.01e-06	0.00e+00	0.00e+00	0.00e+00	0.00e+00
 1.32174e+18	3.24e-01	6.75e-01	6.14e-04	7.66e-06	0.00e+00	0.00e+00	0.00e+00	0.00e+00
 1.32214e+18	3.37e-01	6.63e-01	5.52e-04	7.33e-06	0.00e+00	0.00e+00	0.00e+00	0.00e+00
 1.32253e+18	3.50e-01	6.49e-01	4.95e-04	7.03e-06	0.00e+00	0.00e+00	0.00e+00	0.00e+00
 1.32294e+18	3.65e-01	6.35e-01	4.42e-04	6.71e-06	0.00e+00	0.00e+00	0.00e+00	0.00e+00
 1.32335e+18	3.80e-01	6.20e-01	3.94e-04	6.41e-06	0.00e+00	0.00e+00	0.00e+00	0.00e+00
 1.32373e+18	3.94e-01	6.05e-01	3.53e-04	6.13e-06	0.00e+00	0.00e+00	0.00e+00	0.00e+00
 1.32410e+18	4.09e-01	5.91e-01	3.17e-04	5.86e-06	0.00e+00	0.00e+00	0.00e+00	0.00e+00
 1.32448e+18	4.25e-01	5.75e-01	2.83e-04	5.60e-06	0.00e+00	0.00e+00	0.00e+00	0.00e+00
 1.32486e+18	4.41e-01	5.59e-01	2.53e-04	5.33e-06	0.00e+00	0.00e+00	0.00e+00	0.00e+00
 1.32523e+18	4.57e-01	5.43e-01	2.26e-04	5.08e-06	0.00e+00	0.00e+00	0.00e+00	0.00e+00
 1.32559e+18	4.73e-01	5.27e-01	2.03e-04	4.85e-06	0.00e+00	0.00e+00	0.00e+00	0.00e+00
 1.32594e+18	4.89e-01	5.10e-01	1.82e-04	4.62e-06	0.00e+00	0.00e+00	0.00e+00	0.00e+00
 1.32630e+18	5.06e-01	4.94e-01	1.63e-04	4.40e-06	0.00e+00	0.00e+00	0.00e+00	0.00e+00
 1.32665e+18	5.23e-01	4.77e-01	1.46e-04	4.17e-06	0.00e+00	0.00e+00	0.00e+00	0.00e+00
 1.32699e+18	5.39e-01	4.61e-01	1.32e-04	3.97e-06	0.00e+00	0.00e+00	0.00e+00	0.00e+00
 1.32732e+18	5.56e-01	4.44e-01	1.19e-04	3.78e-06	0.00e+00	0.00e+00	0.00e+00	0.00e+00
 1.32765e+18	5.72e-01	4.28e-01	1.08e-04	3.59e-06	0.00e+00	0.00e+00	0.00e+00	0.00e+00
 1.32797e+18	5.89e-01	4.11e-01	9.75e-05	3.41e-06	0.00e+00	0.00e+00	0.00e+00	0.00e+00
 1.32828e+18	6.04e-01	3.96e-01	8.87e-05	3.23e-06	0.00e+00	0.00e+00	0.00e+00	0.00e+00
 1.32859e+18	6.20e-01	3.80e-01	8.09e-05	3.07e-06	0.00e+00	0.00e+00	0.00e+00	0.00e+00
 1.32891e+18	6.37e-01	3.63e-01	7.36e-05	2.90e-06	0.00e+00	0.00e+00	0.00e+00	0.00e+00
 1.32922e+18	6.52e-01	3.48e-01	6.75e-05	2.75e-06	0.00e+00	0.00e+00	0.00e+00	0.00e+00
 1.32951e+18	6.66e-01	3.34e-01	6.22e-05	2.60e-06	0.00e+00	0.00e+00	0.00e+00	0.00e+00
 1.32980e+18	6.81e-01	3.19e-01	5.73e-05	2.46e-06	0.00e+00	0.00e+00	0.00e+00	0.00e+00
 1.33011e+18	6.97e-01	3.03e-01	5.27e-05	2.31e-06	0.00e+00	0.00e+00	0.00e+00	0.00e+00
 1.33042e+18	7.13e-01	2.87e-01	4.86e-05	2.17e-06	0.00e+00	0.00e+00	0.00e+00	0.00e+00
 1.33070e+18	7.27e-01	2.73e-01	4.53e-05	2.04e-06	0.00e+00	0.00e+00	0.00e+00	0.00e+00
 1.33096e+18	7.40e-01	2.60e-01	4.24e-05	1.93e-06	0.00e+00	0.00e+00	0.00e+00	0.00e+00
 1.33125e+18	7.55e-01	2.45e-01	3.95e-05	1.80e-06	0.00e+00	0.00e+00	0.00e+00	0.00e+00
 1.33154e+18	7.69e-01	2.31e-01	3.70e-05	1.69e-06	0.00e+00	0.00e+00	0.00e+00	0.00e+00
 1.33182e+18	7.82e-01	2.18e-01	3.47e-05	1.57e-06	0.00e+00	0.00e+00	0.00e+00	0.00e+00
 1.33209e+18	7.95e-01	2.04e-01	3.27e-05	1.47e-06	0.00e+00	0.00e+00	0.00e+00	0.00e+00
 1.33235e+18	8.08e-01	1.92e-01	3.10e-05	1.37e-06	0.00e+00	0.00e+00	0.00e+00	0.00e+00
 1.33263e+18	8.21e-01	1.79e-01	2.92e-05	1.27e-06	0.00e+00	0.00e+00	0.00e+00	0.00e+00
 1.33293e+18	8.33e-01	1.67e-01	2.76e-05	1.17e-06	0.00e+00	0.00e+00	0.00e+00	0.00e+00
 1.33322e+18	8.46e-01	1.54e-01	2.61e-05	1.07e-06	0.00e+00	0.00e+00	0.00e+00	0.00e+00
 1.33348e+18	8.57e-01	1.43e-01	2.49e-05	9.91e-07	0.00e+00	0.00e+00	0.00e+00	0.00e+00
 1.33377e+18	8.68e-01	1.32e-01	2.37e-05	0.00e+00	0.00e+00	0.00e+00	0.00e+00	0.00e+00
 1.33410e+18	8.80e-01	1.20e-01	2.23e-05	0.00e+00	0.00e+00	0.00e+00	0.00e+00	0.00e+00
 1.33437e+18	8.90e-01	1.10e-01	2.14e-05	0.00e+00	0.00e+00	0.00e+00	0.00e+00	0.00e+00
 1.33452e+18	8.94e-01	1.06e-01	2.09e-05	0.00e+00	0.00e+00	0.00e+00	0.00e+00	0.00e+00
 1.33465e+18	8.98e-01	1.02e-01	2.06e-05	0.00e+00	0.00e+00	0.00e+00	0.00e+00	0.00e+00
 1.33480e+18	9.03e-01	9.75e-02	2.00e-05	0.00e+00	0.00e+00	0.00e+00	0.00e+00	0.00e+00
 1.33496e+18	9.07e-01	9.25e-02	1.95e-05	0.00e+00	0.00e+00	0.00e+00	0.00e+00	0.00e+00
 1.33511e+18	9.12e-01	8.83e-02	1.91e-05	0.00e+00	0.00e+00	0.00e+00	0.00e+00	0.00e+00
 1.33524e+18	9.15e-01	8.45e-02	1.87e-05	0.00e+00	0.00e+00	0.00e+00	0.00e+00	0.00e+00
 1.33537e+18	9.19e-01	8.10e-02	1.84e-05	0.00e+00	0.00e+00	0.00e+00	0.00e+00	0.00e+00
 1.33550e+18	9.22e-01	7.75e-02	1.80e-05	0.00e+00	0.00e+00	0.00e+00	0.00e+00	0.00e+00
 1.33564e+18	9.26e-01	7.41e-02	1.76e-05	0.00e+00	0.00e+00	0.00e+00	0.00e+00	0.00e+00
 1.33577e+18	9.29e-01	7.07e-02	1.73e-05	0.00e+00	0.00e+00	0.00e+00	0.00e+00	0.00e+00
 1.33589e+18	9.32e-01	6.84e-02	1.71e-05	0.00e+00	0.00e+00	0.00e+00	0.00e+00	0.00e+00
 1.33603e+18	9.35e-01	6.48e-02	1.66e-05	0.00e+00	0.00e+00	0.00e+00	0.00e+00	0.00e+00
 1.33616e+18	9.38e-01	6.16e-02	1.63e-05	0.00e+00	0.00e+00	0.00e+00	0.00e+00	0.00e+00
 1.33627e+18	9.40e-01	5.98e-02	1.61e-05	0.00e+00	0.00e+00	0.00e+00	0.00e+00	0.00e+00
 1.33637e+18	9.42e-01	5.81e-02	1.58e-05	0.00e+00	0.00e+00	0.00e+00	0.00e+00	0.00e+00
 1.33650e+18	9.43e-01	5.70e-02	1.57e-05	0.00e+00	0.00e+00	0.00e+00	0.00e+00	0.00e+00
 1.33667e+18	9.46e-01	5.42e-02	1.54e-05	0.00e+00	0.00e+00	0.00e+00	0.00e+00	0.00e+00
 1.33684e+18	9.49e-01	5.10e-02	1.50e-05	0.00e+00	0.00e+00	0.00e+00	0.00e+00	0.00e+00
 1.33697e+18	9.50e-01	4.97e-02	1.49e-05	0.00e+00	0.00e+00	0.00e+00	0.00e+00	0.00e+00
 1.33709e+18	9.53e-01	4.74e-02	1.46e-05	0.00e+00	0.00e+00	0.00e+00	0.00e+00	0.00e+00
 1.33721e+18	9.54e-01	4.60e-02	1.44e-05	0.00e+00	0.00e+00	0.00e+00	0.00e+00	0.00e+00
 1.33732e+18	9.56e-01	4.42e-02	1.41e-05	0.00e+00	0.00e+00	0.00e+00	0.00e+00	0.00e+00
 1.33744e+18	9.57e-01	4.29e-02	1.40e-05	0.00e+00	0.00e+00	0.00e+00	0.00e+00	0.00e+00
 1.33756e+18	9.59e-01	4.11e-02	1.37e-05	0.00e+00	0.00e+00	0.00e+00	0.00e+00	0.00e+00
 1.33767e+18	9.60e-01	3.98e-02	1.35e-05	0.00e+00	0.00e+00	0.00e+00	0.00e+00	0.00e+00
 1.33779e+18	9.61e-01	3.88e-02	1.34e-05	0.00e+00	0.00e+00	0.00e+00	0.00e+00	0.00e+00
 1.33793e+18	9.63e-01	3.65e-02	1.30e-05	0.00e+00	0.00e+00	0.00e+00	0.00e+00	0.00e+00
 1.33806e+18	9.65e-01	3.46e-02	1.27e-05	0.00e+00	0.00e+00	0.00e+00	0.00e+00	0.00e+00
 1.33815e+18	9.66e-01	3.41e-02	1.26e-05	0.00e+00	0.00e+00	0.00e+00	0.00e+00	0.00e+00
 1.33823e+18	9.67e-01	3.34e-02	1.25e-05	0.00e+00	0.00e+00	0.00e+00	0.00e+00	0.00e+00
 1.33834e+18	9.67e-01	3.26e-02	1.24e-05	0.00e+00	0.00e+00	0.00e+00	0.00e+00	0.00e+00
 1.33848e+18	9.70e-01	3.03e-02	1.20e-05	0.00e+00	0.00e+00	0.00e+00	0.00e+00	0.00e+00
 1.33860e+18	9.72e-01	2.84e-02	1.16e-05	0.00e+00	0.00e+00	0.00e+00	0.00e+00	0.00e+00
 1.33867e+18	9.72e-01	2.81e-02	1.16e-05	0.00e+00	0.00e+00	0.00e+00	0.00e+00	0.00e+00
 1.33873e+18	9.72e-01	2.78e-02	1.15e-05	0.00e+00	0.00e+00	0.00e+00	0.00e+00	0.00e+00
 1.33880e+18	9.73e-01	2.73e-02	1.14e-05	0.00e+00	0.00e+00	0.00e+00	0.00e+00	0.00e+00
 1.33890e+18	9.73e-01	2.67e-02	1.13e-05	0.00e+00	0.00e+00	0.00e+00	0.00e+00	0.00e+00
 1.33903e+18	9.75e-01	2.48e-02	1.09e-05	0.00e+00	0.00e+00	0.00e+00	0.00e+00	0.00e+00
 1.33914e+18	9.77e-01	2.30e-02	1.05e-05	0.00e+00	0.00e+00	0.00e+00	0.00e+00	0.00e+00
 1.33921e+18	9.78e-01	2.17e-02	1.02e-05	0.00e+00	0.00e+00	0.00e+00	0.00e+00	0.00e+00
 1.33927e+18	9.79e-01	2.15e-02	1.01e-05	0.00e+00	0.00e+00	0.00e+00	0.00e+00	0.00e+00
 1.33932e+18	9.79e-01	2.11e-02	1.00e-05	0.00e+00	0.00e+00	0.00e+00	0.00e+00	0.00e+00
 1.33939e+18	9.79e-01	2.07e-02	9.94e-06	0.00e+00	0.00e+00	0.00e+00	0.00e+00	0.00e+00
 1.33948e+18	9.81e-01	1.91e-02	9.51e-06	0.00e+00	0.00e+00	0.00e+00	0.00e+00	0.00e+00
 1.33957e+18	9.84e-01	1.59e-02	8.56e-06	0.00e+00	0.00e+00	0.00e+00	0.00e+00	0.00e+00
 1.33964e+18	9.90e-01	1.01e-02	6.11e-06	0.00e+00	0.00e+00	0.00e+00	0.00e+00	0.00e+00
 1.33970e+18	9.91e-01	9.35e-03	5.70e-06	0.00e+00	0.00e+00	0.00e+00	0.00e+00	0.00e+00
 1.33976e+18	9.91e-01	8.78e-03	5.37e-06	0.00e+00	0.00e+00	0.00e+00	0.00e+00	0.00e+00
 1.33981e+18	9.91e-01	8.58e-03	5.26e-06	0.00e+00	0.00e+00	0.00e+00	0.00e+00	0.00e+00
 1.33986e+18	9.92e-01	8.39e-03	5.15e-06	0.00e+00	0.00e+00	0.00e+00	0.00e+00	0.00e+00
 1.33990e+18	9.92e-01	8.23e-03	5.04e-06	0.00e+00	0.00e+00	0.00e+00	0.00e+00	0.00e+00
 1.33995e+18	9.92e-01	8.15e-03	5.00e-06	0.00e+00	0.00e+00	0.00e+00	0.00e+00	0.00e+00
 1.34001e+18	9.92e-01	7.87e-03	4.83e-06	0.00e+00	0.00e+00	0.00e+00	0.00e+00	0.00e+00
 1.34008e+18	9.93e-01	7.49e-03	4.61e-06	0.00e+00	0.00e+00	0.00e+00	0.00e+00	0.00e+00
 1.34014e+18	9.93e-01	7.34e-03	4.51e-06	0.00e+00	0.00e+00	0.00e+00	0.00e+00	0.00e+00
 1.34019e+18	9.93e-01	7.27e-03	4.48e-06	0.00e+00	0.00e+00	0.00e+00	0.00e+00	0.00e+00
 1.34025e+18	9.93e-01	7.15e-03	4.40e-06	0.00e+00	0.00e+00	0.00e+00	0.00e+00	0.00e+00
 1.34033e+18	9.93e-01	6.98e-03	4.32e-06	0.00e+00	0.00e+00	0.00e+00	0.00e+00	0.00e+00
 1.34042e+18	9.93e-01	6.70e-03	4.17e-06	0.00e+00	0.00e+00	0.00e+00	0.00e+00	0.00e+00
 1.34049e+18	9.93e-01	6.57e-03	4.10e-06	0.00e+00	0.00e+00	0.00e+00	0.00e+00	0.00e+00
 1.34058e+18	9.93e-01	6.51e-03	4.06e-06	0.00e+00	0.00e+00	0.00e+00	0.00e+00	0.00e+00
 1.34069e+18	9.94e-01	6.28e-03	3.94e-06	0.00e+00	0.00e+00	0.00e+00	0.00e+00	0.00e+00
 1.34080e+18	9.94e-01	6.04e-03	3.82e-06	0.00e+00	0.00e+00	0.00e+00	0.00e+00	0.00e+00
 1.34091e+18	9.94e-01	5.97e-03	3.78e-06	0.00e+00	0.00e+00	0.00e+00	0.00e+00	0.00e+00
 1.34103e+18	9.94e-01	5.88e-03	3.73e-06	0.00e+00	0.00e+00	0.00e+00	0.00e+00	0.00e+00
 1.34118e+18	9.94e-01	5.71e-03	3.65e-06	0.00e+00	0.00e+00	0.00e+00	0.00e+00	0.00e+00
 1.34135e+18	9.95e-01	5.49e-03	3.54e-06	0.00e+00	0.00e+00	0.00e+00	0.00e+00	0.00e+00
 1.34150e+18	9.95e-01	5.39e-03	3.48e-06	0.00e+00	0.00e+00	0.00e+00	0.00e+00	0.00e+00
 1.34166e+18	9.95e-01	5.33e-03	3.45e-06	0.00e+00	0.00e+00	0.00e+00	0.00e+00	0.00e+00
 1.34188e+18	9.95e-01	5.12e-03	3.34e-06	0.00e+00	0.00e+00	0.00e+00	0.00e+00	0.00e+00
 1.34211e+18	9.95e-01	4.93e-03	3.25e-06	0.00e+00	0.00e+00	0.00e+00	0.00e+00	0.00e+00
 1.34232e+18	9.95e-01	4.83e-03	3.19e-06	0.00e+00	0.00e+00	0.00e+00	0.00e+00	0.00e+00
 1.34255e+18	9.95e-01	4.73e-03	3.13e-06	0.00e+00	0.00e+00	0.00e+00	0.00e+00	0.00e+00
 1.34285e+18	9.95e-01	4.53e-03	3.04e-06	0.00e+00	0.00e+00	0.00e+00	0.00e+00	0.00e+00
 1.34317e+18	9.96e-01	4.33e-03	2.94e-06	0.00e+00	0.00e+00	0.00e+00	0.00e+00	0.00e+00
 1.34346e+18	9.96e-01	4.24e-03	2.89e-06	0.00e+00	0.00e+00	0.00e+00	0.00e+00	0.00e+00
 1.34379e+18	9.96e-01	4.14e-03	2.83e-06	0.00e+00	0.00e+00	0.00e+00	0.00e+00	0.00e+00
 1.34413e+18	9.96e-01	3.95e-03	2.74e-06	0.00e+00	0.00e+00	0.00e+00	0.00e+00	0.00e+00
 1.34445e+18	9.96e-01	3.85e-03	2.68e-06	0.00e+00	0.00e+00	0.00e+00	0.00e+00	0.00e+00
 1.34474e+18	9.96e-01	3.75e-03	2.62e-06	0.00e+00	0.00e+00	0.00e+00	0.00e+00	0.00e+00
 1.34500e+18	9.96e-01	3.67e-03	2.57e-06	0.00e+00	0.00e+00	0.00e+00	0.00e+00	0.00e+00
 1.34529e+18	9.96e-01	3.58e-03	2.52e-06	0.00e+00	0.00e+00	0.00e+00	0.00e+00	0.00e+00
 1.34560e+18	9.97e-01	3.42e-03	2.44e-06	0.00e+00	0.00e+00	0.00e+00	0.00e+00	0.00e+00
 1.34588e+18	9.97e-01	3.34e-03	2.39e-06	0.00e+00	0.00e+00	0.00e+00	0.00e+00	0.00e+00
 1.34614e+18	9.97e-01	3.27e-03	2.34e-06	0.00e+00	0.00e+00	0.00e+00	0.00e+00	0.00e+00
 1.34642e+18	9.97e-01	3.39e-03	2.32e-06	0.00e+00	0.00e+00	0.00e+00	0.00e+00	0.00e+00
###########################
 1.34621e+14	9.11e-07	3.16e-03	3.33e-01	5.41e-01	1.12e-01	1.13e-02	9.09e-06	0.00e+00
 8.07726e+14	9.13e-07	3.16e-03	3.33e-01	5.41e-01	1.11e-01	1.13e-02	9.02e-06	0.00e+00
 3.50014e+15	9.17e-07	3.17e-03	3.35e-01	5.40e-01	1.10e-01	1.11e-02	8.84e-06	0.00e+00
 1.42698e+16	9.34e-07	3.20e-03	3.43e-01	5.37e-01	1.06e-01	1.05e-02	8.25e-06	0.00e+00
 3.40860e+16	9.96e-07	3.32e-03	3.57e-01	5.32e-01	9.80e-02	9.14e-03	6.87e-06	0.00e+00
 5.76257e+16	1.06e-06	3.43e-03	3.74e-01	5.25e-01	9.00e-02	7.97e-03	5.76e-06	0.00e+00
 8.60058e+16	1.14e-06	3.60e-03	3.94e-01	5.14e-01	8.16e-02	6.90e-03	4.84e-06	0.00e+00
 1.22900e+17	1.25e-06	3.83e-03	4.22e-01	4.97e-01	7.20e-02	5.80e-03	3.97e-06	0.00e+00
 1.60535e+17	1.35e-06	4.05e-03	4.51e-01	4.77e-01	6.29e-02	4.90e-03	3.30e-06	0.00e+00
 1.90758e+17	1.43e-06	4.26e-03	4.76e-01	4.60e-01	5.62e-02	4.28e-03	2.87e-06	0.00e+00
 2.21672e+17	1.62e-06	4.68e-03	5.06e-01	4.37e-01	4.84e-02	3.58e-03	2.37e-06	0.00e+00
 2.51676e+17	1.76e-06	5.00e-03	5.33e-01	4.17e-01	4.21e-02	3.07e-03	2.03e-06	0.00e+00
 2.75221e+17	1.90e-06	5.32e-03	5.55e-01	4.00e-01	3.73e-02	2.68e-03	1.77e-06	0.00e+00
 2.96989e+17	2.07e-06	5.69e-03	5.76e-01	3.83e-01	3.29e-02	2.34e-03	1.53e-06	0.00e+00
 3.18022e+17	2.28e-06	6.10e-03	5.96e-01	3.67e-01	2.88e-02	2.02e-03	1.31e-06	0.00e+00
 3.37999e+17	2.56e-06	6.61e-03	6.15e-01	3.51e-01	2.50e-02	1.72e-03	1.10e-06	0.00e+00
 3.56354e+17	2.88e-06	7.15e-03	6.33e-01	3.36e-01	2.16e-02	1.47e-03	9.16e-07	0.00e+00
 3.73094e+17	3.26e-06	7.76e-03	6.50e-01	3.22e-01	1.86e-02	1.25e-03	0.00e+00	0.00e+00
 3.89046e+17	3.73e-06	8.45e-03	6.67e-01	3.08e-01	1.60e-02	1.06e-03	0.00e+00	0.00e+00
 4.04709e+17	4.32e-06	9.24e-03	6.83e-01	2.94e-01	1.36e-02	8.87e-04	0.00e+00	0.00e+00
 4.20172e+17	5.03e-06	1.01e-02	6.98e-01	2.80e-01	1.16e-02	7.44e-04	0.00e+00	0.00e+00
 4.35328e+17	5.89e-06	1.11e-02	7.13e-01	2.66e-01	9.79e-03	6.26e-04	0.00e+00	0.00e+00
 4.51996e+17	7.02e-06	1.23e-02	7.27e-01	2.52e-01	8.12e-03	5.18e-04	0.00e+00	0.00e+00
 4.69733e+17	8.40e-06	1.37e-02	7.42e-01	2.38e-01	6.72e-03	4.29e-04	0.00e+00	0.00e+00
 4.86556e+17	9.90e-06	1.50e-02	7.54e-01	2.25e-01	5.66e-03	3.64e-04	0.00e+00	0.00e+00
 5.04721e+17	1.17e-05	1.65e-02	7.65e-01	2.13e-01	4.75e-03	3.09e-04	0.00e+00	0.00e+00
 5.26680e+17	1.42e-05	1.83e-02	7.77e-01	2.01e-01	3.91e-03	2.58e-04	0.00e+00	0.00e+00
 5.52997e+17	1.74e-05	2.04e-02	7.88e-01	1.88e-01	3.20e-03	2.16e-04	0.00e+00	0.00e+00
 5.79297e+17	2.09e-05	2.26e-02	7.97e-01	1.78e-01	2.70e-03	1.84e-04	0.00e+00	0.00e+00
 5.99978e+17	2.40e-05	2.43e-02	8.03e-01	1.70e-01	2.41e-03	1.65e-04	0.00e+00	0.00e+00
 6.17190e+17	2.72e-05	2.60e-02	8.08e-01	1.64e-01	2.19e-03	1.49e-04	0.00e+00	0.00e+00
 6.36917e+17	3.08e-05	2.77e-02	8.12e-01	1.58e-01	2.00e-03	1.36e-04	0.00e+00	0.00e+00
 6.62562e+17	3.60e-05	3.00e-02	8.17e-01	1.51e-01	1.80e-03	1.21e-04	0.00e+00	0.00e+00
 6.89032e+17	4.18e-05	3.25e-02	8.21e-01	1.45e-01	1.65e-03	1.09e-04	0.00e+00	0.00e+00
 7.11108e+17	4.73e-05	3.47e-02	8.23e-01	1.40e-01	1.55e-03	9.99e-05	0.00e+00	0.00e+00
 7.34336e+17	5.42e-05	3.73e-02	8.26e-01	1.35e-01	1.45e-03	9.10e-05	0.00e+00	0.00e+00
 7.58972e+17	6.27e-05	4.03e-02	8.28e-01	1.30e-01	1.36e-03	8.23e-05	0.00e+00	0.00e+00
 7.79599e+17	7.09e-05	4.31e-02	8.30e-01	1.26e-01	1.30e-03	7.56e-05	0.00e+00	0.00e+00
 7.97276e+17	7.92e-05	4.57e-02	8.31e-01	1.22e-01	1.25e-03	7.01e-05	0.00e+00	0.00e+00
 8.16958e+17	9.04e-05	4.92e-02	8.32e-01	1.18e-01	1.19e-03	6.40e-05	0.00e+00	0.00e+00
 8.37667e+17	1.04e-04	5.31e-02	8.33e-01	1.13e-01	1.13e-03	5.79e-05	0.00e+00	0.00e+00
 8.54883e+17	1.17e-04	5.69e-02	8.33e-01	1.09e-01	1.09e-03	5.30e-05	0.00e+00	0.00e+00
 8.69583e+17	1.31e-04	6.06e-02	8.33e-01	1.05e-01	1.05e-03	4.89e-05	0.00e+00	0.00e+00
 8.85839e+17	1.50e-04	6.53e-02	8.33e-01	1.01e-01	1.01e-03	4.43e-05	0.00e+00	0.00e+00
 9.02947e+17	1.73e-04	7.09e-02	8.32e-01	9.62e-02	9.63e-04	3.97e-05	0.00e+00	0.00e+00
 9.17179e+17	1.95e-04	7.61e-02	8.31e-01	9.21e-02	9.24e-04	3.61e-05	0.00e+00	0.00e+00
 9.29353e+17	2.19e-04	8.13e-02	8.29e-01	8.84e-02	8.90e-04	3.29e-05	0.00e+00	0.00e+00
 9.42835e+17	2.50e-04	8.79e-02	8.27e-01	8.40e-02	8.50e-04	2.95e-05	0.00e+00	0.00e+00
 9.57103e+17	2.90e-04	9.58e-02	8.24e-01	7.93e-02	8.06e-04	2.61e-05	0.00e+00	0.00e+00
 9.69098e+17	3.30e-04	1.03e-01	8.20e-01	7.51e-02	7.69e-04	2.34e-05	0.00e+00	0.00e+00
 9.79431e+17	3.71e-04	1.11e-01	8.17e-01	7.14e-02	7.35e-04	2.11e-05	0.00e+00	0.00e+00
 9.90895e+17	4.27e-04	1.20e-01	8.12e-01	6.70e-02	6.96e-04	1.86e-05	0.00e+00	0.00e+00
 1.00308e+18	4.97e-04	1.31e-01	8.05e-01	6.24e-02	6.54e-04	1.61e-05	0.00e+00	0.00e+00
 1.01341e+18	5.69e-04	1.42e-01	7.98e-01	5.83e-02	6.17e-04	1.42e-05	0.00e+00	0.00e+00
 1.02238e+18	6.44e-04	1.53e-01	7.91e-01	5.47e-02	5.84e-04	1.25e-05	0.00e+00	0.00e+00
 1.03236e+18	7.47e-04	1.67e-01	7.81e-01	5.05e-02	5.45e-04	1.08e-05	0.00e+00	0.00e+00
 1.04301e+18	8.78e-04	1.84e-01	7.69e-01	4.60e-02	5.04e-04	9.15e-06	0.00e+00	0.00e+00
 1.05214e+18	1.02e-03	2.00e-01	7.56e-01	4.22e-02	4.68e-04	7.83e-06	0.00e+00	0.00e+00
 1.06014e+18	1.16e-03	2.16e-01	7.44e-01	3.88e-02	4.35e-04	6.74e-06	0.00e+00	0.00e+00
 1.06908e+18	1.36e-03	2.37e-01	7.26e-01	3.49e-02	3.98e-04	5.62e-06	0.00e+00	0.00e+00
 1.07869e+18	1.62e-03	2.62e-01	7.05e-01	3.09e-02	3.58e-04	4.55e-06	0.00e+00	0.00e+00
 1.08709e+18	1.91e-03	2.87e-01	6.83e-01	2.74e-02	3.23e-04	3.72e-06	0.00e+00	0.00e+00
 1.09458e+18	2.22e-03	3.12e-01	6.61e-01	2.43e-02	2.92e-04	3.06e-06	0.00e+00	0.00e+00
 1.10301e+18	2.65e-03	3.44e-01	6.32e-01	2.09e-02	2.57e-04	2.39e-06	0.00e+00	0.00e+00
 1.11208e+18	3.23e-03	3.83e-01	5.96e-01	1.74e-02	2.20e-04	1.79e-06	0.00e+00	0.00e+00
 1.11984e+18	3.87e-03	4.21e-01	5.60e-01	1.46e-02	1.88e-04	1.35e-06	0.00e+00	0.00e+00
 1.12637e+18	4.53e-03	4.57e-01	5.26e-01	1.23e-02	1.62e-04	1.04e-06	0.00e+00	0.00e+00
 1.13343e+18	5.42e-03	5.00e-01	4.85e-01	9.99e-03	1.36e-04	7.58e-07	0.00e+00	0.00e+00
 1.14099e+18	6.57e-03	5.48e-01	4.37e-01	7.80e-03	1.09e-04	0.00e+00	0.00e+00	0.00e+00
 1.14742e+18	7.81e-03	5.93e-01	3.93e-01	6.12e-03	8.83e-05	0.00e+00	0.00e+00	0.00e+00
 1.15290e+18	9.09e-03	6.32e-01	3.54e-01	4.86e-03	7.19e-05	0.00e+00	0.00e+00	0.00e+00
 1.15889e+18	1.08e-02	6.77e-01	3.08e-01	3.64e-03	5.57e-05	0.00e+00	0.00e+00	0.00e+00
 1.16535e+18	1.31e-02	7.25e-01	2.59e-01	2.56e-03	4.07e-05	0.00e+00	0.00e+00	0.00e+00
 1.17027e+18	1.52e-02	7.62e-01	2.21e-01	1.90e-03	3.09e-05	0.00e+00	0.00e+00	0.00e+00
 1.17347e+18	1.68e-02	7.85e-01	1.97e-01	1.53e-03	2.53e-05	0.00e+00	0.00e+00	0.00e+00
 1.17659e+18	1.86e-02	8.06e-01	1.74e-01	1.22e-03	2.05e-05	0.00e+00	0.00e+00	0.00e+00
 1.18065e+18	2.14e-02	8.33e-01	1.45e-01	8.84e-04	1.53e-05	0.00e+00	0.00e+00	0.00e+00
 1.18461e+18	2.45e-02	8.56e-01	1.19e-01	6.30e-04	1.11e-05	0.00e+00	0.00e+00	0.00e+00
 1.18742e+18	2.71e-02	8.70e-01	1.02e-01	4.89e-04	8.68e-06	0.00e+00	0.00e+00	0.00e+00
 1.18965e+18	2.95e-02	8.81e-01	8.95e-02	3.95e-04	7.04e-06	0.00e+00	0.00e+00	0.00e+00
 1.19213e+18	3.26e-02	8.91e-01	7.59e-02	3.05e-04	5.44e-06	0.00e+00	0.00e+00	0.00e+00
 1.19486e+18	3.64e-02	9.01e-01	6.28e-02	2.29e-04	4.05e-06	0.00e+00	0.00e+00	0.00e+00
 1.19726e+18	4.03e-02	9.07e-01	5.23e-02	1.76e-04	3.06e-06	0.00e+00	0.00e+00	0.00e+00
 1.19932e+18	4.43e-02	9.11e-01	4.41e-02	1.40e-04	2.37e-06	0.00e+00	0.00e+00	0.00e+00
 1.20156e+18	4.93e-02	9.14e-01	3.61e-02	1.08e-04	1.75e-06	0.00e+00	0.00e+00	0.00e+00
 1.20393e+18	5.55e-02	9.16e-01	2.88e-02	8.23e-05	1.25e-06	0.00e+00	0.00e+00	0.00e+00
 1.20592e+18	6.18e-02	9.15e-01	2.35e-02	6.55e-05	9.25e-07	0.00e+00	0.00e+00	0.00e+00
 1.20764e+18	6.80e-02	9.13e-01	1.94e-02	5.40e-05	0.00e+00	0.00e+00	0.00e+00	0.00e+00
 1.20953e+18	7.62e-02	9.08e-01	1.55e-02	4.37e-05	0.00e+00	0.00e+00	0.00e+00	0.00e+00
 1.21161e+18	8.69e-02	9.01e-01	1.19e-02	3.50e-05	0.00e+00	0.00e+00	0.00e+00	0.00e+00
 1.21342e+18	9.82e-02	8.93e-01	9.30e-03	2.91e-05	0.00e+00	0.00e+00	0.00e+00	0.00e+00
 1.21489e+18	1.09e-01	8.84e-01	7.52e-03	2.52e-05	0.00e+00	0.00e+00	0.00e+00	0.00e+00
 1.21613e+18	1.19e-01	8.75e-01	6.22e-03	2.24e-05	0.00e+00	0.00e+00	0.00e+00	0.00e+00
 1.21728e+18	1.30e-01	8.65e-01	5.18e-03	2.01e-05	0.00e+00	0.00e+00	0.00e+00	0.00e+00
 1.21838e+18	1.42e-01	8.54e-01	4.30e-03	1.82e-05	0.00e+00	0.00e+00	0.00e+00	0.00e+00
 1.21940e+18	1.54e-01	8.42e-01	3.60e-03	1.66e-05	0.00e+00	0.00e+00	0.00e+00	0.00e+00
 1.22017e+18	1.64e-01	8.33e-01	3.16e-03	1.55e-05	0.00e+00	0.00e+00	0.00e+00	0.00e+00
 1.22065e+18	1.70e-01	8.27e-01	2.90e-03	1.49e-05	0.00e+00	0.00e+00	0.00e+00	0.00e+00
 1.22112e+18	1.77e-01	8.20e-01	2.65e-03	1.43e-05	0.00e+00	0.00e+00	0.00e+00	0.00e+00
 1.22168e+18	1.86e-01	8.12e-01	2.37e-03	1.36e-05	0.00e+00	0.00e+00	0.00e+00	0.00e+00
 1.22227e+18	1.95e-01	8.02e-01	2.11e-03	1.29e-05	0.00e+00	0.00e+00	0.00e+00	0.00e+00
 1.22281e+18	2.05e-01	7.93e-01	1.90e-03	1.23e-05	0.00e+00	0.00e+00	0.00e+00	0.00e+00
 1.22331e+18	2.14e-01	7.84e-01	1.72e-03	1.18e-05	0.00e+00	0.00e+00	0.00e+00	0.00e+00
 1.22379e+18	2.24e-01	7.75e-01	1.55e-03	1.13e-05	0.00e+00	0.00e+00	0.00e+00	0.00e+00
 1.22429e+18	2.34e-01	7.65e-01	1.39e-03	1.08e-05	0.00e+00	0.00e+00	0.00e+00	0.00e+00
 1.22479e+18	2.45e-01	7.54e-01	1.25e-03	1.03e-05	0.00e+00	0.00e+00	0.00e+00	0.00e+00
 1.22526e+18	2.55e-01	7.43e-01	1.12e-03	9.90e-06	0.00e+00	0.00e+00	0.00e+00	0.00e+00
 1.22573e+18	2.67e-01	7.32e-01	1.01e-03	9.49e-06	0.00e+00	0.00e+00	0.00e+00	0.00e+00
 1.22619e+18	2.78e-01	7.21e-01	9.07e-04	9.09e-06	0.00e+00	0.00e+00	0.00e+00	0.00e+00
 1.22665e+18	2.90e-01	7.09e-01	8.14e-04	8.71e-06	0.00e+00	0.00e+00	0.00e+00	0.00e+00
 1.22710e+18	3.03e-01	6.96e-01	7.30e-04	8.34e-06	0.00e+00	0.00e+00	0.00e+00	0.00e+00
 1.22754e+18	3.16e-01	6.84e-01	6.55e-04	7.99e-06	0.00e+00	0.00e+00	0.00e+00	0.00e+00
 1.22798e+18	3.29e-01	6.71e-01	5.88e-04	7.65e-06	0.00e+00	0.00e+00	0.00e+00	0.00e+00
 1.22841e+18	3.42e-01	6.57e-01	5.27e-04	7.33e-06	0.00e+00	0.00e+00	0.00e+00	0.00e+00
 1.22883e+18	3.56e-01	6.44e-01	4.73e-04	7.01e-06	0.00e+00	0.00e+00	0.00e+00	0.00e+00
 1.22925e+18	3.70e-01	6.29e-01	4.23e-04	6.71e-06	0.00e+00	0.00e+00	0.00e+00	0.00e+00
 1.22967e+18	3.84e-01	6.15e-01	3.79e-04	6.42e-06	0.00e+00	0.00e+00	0.00e+00	0.00e+00
 1.23008e+18	3.99e-01	6.00e-01	3.39e-04	6.13e-06	0.00e+00	0.00e+00	0.00e+00	0.00e+00
 1.23049e+18	4.15e-01	5.85e-01	3.04e-04	5.86e-06	0.00e+00	0.00e+00	0.00e+00	0.00e+00
 1.23089e+18	4.30e-01	5.70e-01	2.72e-04	5.60e-06	0.00e+00	0.00e+00	0.00e+00	0.00e+00
 1.23129e+18	4.46e-01	5.54e-01	2.43e-04	5.34e-06	0.00e+00	0.00e+00	0.00e+00	0.00e+00
 1.23169e+18	4.62e-01	5.38e-01	2.18e-04	5.10e-06	0.00e+00	0.00e+00	0.00e+00	0.00e+00
 1.23208e+18	4.78e-01	5.22e-01	1.96e-04	4.86e-06	0.00e+00	0.00e+00	0.00e+00	0.00e+00
 1.23247e+18	4.95e-01	5.05e-01	1.75e-04	4.63e-06	0.00e+00	0.00e+00	0.00e+00	0.00e+00
 1.23284e+18	5.10e-01	4.90e-01	1.58e-04	4.42e-06	0.00e+00	0.00e+00	0.00e+00	0.00e+00
 1.23319e+18	5.26e-01	4.74e-01	1.43e-04	4.22e-06	0.00e+00	0.00e+00	0.00e+00	0.00e+00
 1.23356e+18	5.42e-01	4.58e-01	1.29e-04	4.02e-06	0.00e+00	0.00e+00	0.00e+00	0.00e+00
 1.23393e+18	5.60e-01	4.40e-01	1.16e-04	3.80e-06	0.00e+00	0.00e+00	0.00e+00	0.00e+00
 1.23429e+18	5.76e-01	4.24e-01	1.05e-04	3.61e-06	0.00e+00	0.00e+00	0.00e+00	0.00e+00
 1.23462e+18	5.91e-01	4.09e-01	9.62e-05	3.45e-06	0.00e+00	0.00e+00	0.00e+00	0.00e+00
 1.23496e+18	6.06e-01	3.93e-01	8.78e-05	3.28e-06	0.00e+00	0.00e+00	0.00e+00	0.00e+00
 1.23529e+18	6.22e-01	3.78e-01	8.02e-05	3.11e-06	0.00e+00	0.00e+00	0.00e+00	0.00e+00
 1.23563e+18	6.38e-01	3.62e-01	7.34e-05	2.95e-06	0.00e+00	0.00e+00	0.00e+00	0.00e+00
 1.23597e+18	6.54e-01	3.45e-01	6.71e-05	2.78e-06	0.00e+00	0.00e+00	0.00e+00	0.00e+00
 1.23631e+18	6.70e-01	3.30e-01	6.17e-05	2.63e-06	0.00e+00	0.00e+00	0.00e+00	0.00e+00
 1.23665e+18	6.86e-01	3.14e-01	5.67e-05	2.48e-06	0.00e+00	0.00e+00	0.00e+00	0.00e+00
 1.23699e+18	7.01e-01	2.99e-01	5.24e-05	2.33e-06	0.00e+00	0.00e+00	0.00e+00	0.00e+00
 1.23730e+18	7.15e-01	2.85e-01	4.88e-05	2.20e-06	0.00e+00	0.00e+00	0.00e+00	0.00e+00
 1.23762e+18	7.29e-01	2.71e-01	4.54e-05	2.07e-06	0.00e+00	0.00e+00	0.00e+00	0.00e+00
 1.23794e+18	7.44e-01	2.56e-01	4.23e-05	1.94e-06	0.00e+00	0.00e+00	0.00e+00	0.00e+00
 1.23827e+18	7.59e-01	2.41e-01	3.95e-05	1.82e-06	0.00e+00	0.00e+00	0.00e+00	0.00e+00
 1.23860e+18	7.72e-01	2.28e-01	3.71e-05	1.70e-06	0.00e+00	0.00e+00	0.00e+00	0.00e+00
 1.23892e+18	7.86e-01	2.14e-01	3.48e-05	1.58e-06	0.00e+00	0.00e+00	0.00e+00	0.00e+00
 1.23924e+18	8.00e-01	2.00e-01	3.28e-05	1.47e-06	0.00e+00	0.00e+00	0.00e+00	0.00e+00
 1.23958e+18	8.13e-01	1.87e-01	3.08e-05	1.36e-06	0.00e+00	0.00e+00	0.00e+00	0.00e+00
 1.23993e+18	8.27e-01	1.73e-01	2.91e-05	1.25e-06	0.00e+00	0.00e+00	0.00e+00	0.00e+00
 1.24028e+18	8.40e-01	1.60e-01	2.74e-05	1.15e-06	0.00e+00	0.00e+00	0.00e+00	0.00e+00
 1.24063e+18	8.52e-01	1.48e-01	2.61e-05	1.05e-06	0.00e+00	0.00e+00	0.00e+00	0.00e+00
 1.24096e+18	8.63e-01	1.37e-01	2.48e-05	9.69e-07	0.00e+00	0.00e+00	0.00e+00	0.00e+00
 1.24131e+18	8.74e-01	1.26e-01	2.36e-05	0.00e+00	0.00e+00	0.00e+00	0.00e+00	0.00e+00
 1.24159e+18	8.82e-01	1.18e-01	2.28e-05	0.00e+00	0.00e+00	0.00e+00	0.00e+00	0.00e+00
 1.24178e+18	8.86e-01	1.14e-01	2.23e-05	0.00e+00	0.00e+00	0.00e+00	0.00e+00	0.00e+00
 1.24196e+18	8.91e-01	1.09e-01	2.18e-05	0.00e+00	0.00e+00	0.00e+00	0.00e+00	0.00e+00
 1.24215e+18	8.95e-01	1.05e-01	2.14e-05	0.00e+00	0.00e+00	0.00e+00	0.00e+00	0.00e+00
 1.24237e+18	9.01e-01	9.86e-02	2.07e-05	0.00e+00	0.00e+00	0.00e+00	0.00e+00	0.00e+00
 1.24259e+18	9.06e-01	9.36e-02	2.02e-05	0.00e+00	0.00e+00	0.00e+00	0.00e+00	0.00e+00
 1.24277e+18	9.10e-01	9.02e-02	1.99e-05	0.00e+00	0.00e+00	0.00e+00	0.00e+00	0.00e+00
 1.24296e+18	9.14e-01	8.60e-02	1.94e-05	0.00e+00	0.00e+00	0.00e+00	0.00e+00	0.00e+00
 1.24316e+18	9.18e-01	8.20e-02	1.90e-05	0.00e+00	0.00e+00	0.00e+00	0.00e+00	0.00e+00
 1.24334e+18	9.21e-01	7.87e-02	1.86e-05	0.00e+00	0.00e+00	0.00e+00	0.00e+00	0.00e+00
 1.24352e+18	9.24e-01	7.62e-02	1.84e-05	0.00e+00	0.00e+00	0.00e+00	0.00e+00	0.00e+00
 1.24373e+18	9.28e-01	7.22e-02	1.79e-05	0.00e+00	0.00e+00	0.00e+00	0.00e+00	0.00e+00
 1.24393e+18	9.31e-01	6.87e-02	1.75e-05	0.00e+00	0.00e+00	0.00e+00	0.00e+00	0.00e+00
 1.24410e+18	9.33e-01	6.69e-02	1.73e-05	0.00e+00	0.00e+00	0.00e+00	0.00e+00	0.00e+00
 1.24427e+18	9.36e-01	6.40e-02	1.70e-05	0.00e+00	0.00e+00	0.00e+00	0.00e+00	0.00e+00
 1.24446e+18	9.38e-01	6.18e-02	1.68e-05	0.00e+00	0.00e+00	0.00e+00	0.00e+00	0.00e+00
 1.24465e+18	9.41e-01	5.90e-02	1.64e-05	0.00e+00	0.00e+00	0.00e+00	0.00e+00	0.00e+00
 1.24484e+18	9.42e-01	5.80e-02	1.63e-05	0.00e+00	0.00e+00	0.00e+00	0.00e+00	0.00e+00
 1.24504e+18	9.43e-01	5.74e-02	1.62e-05	0.00e+00	0.00e+00	0.00e+00	0.00e+00	0.00e+00
 1.24529e+18	9.45e-01	5.54e-02	1.60e-05	0.00e+00	0.00e+00	0.00e+00	0.00e+00	0.00e+00
 1.24561e+18	9.48e-01	5.23e-02	1.56e-05	0.00e+00	0.00e+00	0.00e+00	0.00e+00	0.00e+00
 1.24589e+18	9.50e-01	5.00e-02	1.53e-05	0.00e+00	0.00e+00	0.00e+00	0.00e+00	0.00e+00
 1.24611e+18	9.51e-01	4.92e-02	1.52e-05	0.00e+00	0.00e+00	0.00e+00	0.00e+00	0.00e+00
 1.24635e+18	9.52e-01	4.77e-02	1.50e-05	0.00e+00	0.00e+00	0.00e+00	0.00e+00	0.00e+00
 1.24665e+18	9.54e-01	4.55e-02	1.47e-05	0.00e+00	0.00e+00	0.00e+00	0.00e+00	0.00e+00
 1.24696e+18	9.57e-01	4.35e-02	1.44e-05	0.00e+00	0.00e+00	0.00e+00	0.00e+00	0.00e+00
 1.24722e+18	9.57e-01	4.26e-02	1.43e-05	0.00e+00	0.00e+00	0.00e+00	0.00e+00	0.00e+00
 1.24749e+18	9.58e-01	4.17e-02	1.42e-05	0.00e+00	0.00e+00	0.00e+00	0.00e+00	0.00e+00
 1.24784e+18	9.60e-01	4.04e-02	1.40e-05	0.00e+00	0.00e+00	0.00e+00	0.00e+00	0.00e+00
 1.24828e+18	9.62e-01	3.75e-02	1.35e-05	0.00e+00	0.00e+00	0.00e+00	0.00e+00	0.00e+00
 1.24865e+18	9.64e-01	3.64e-02	1.34e-05	0.00e+00	0.00e+00	0.00e+00	0.00e+00	0.00e+00
 1.24894e+18	9.64e-01	3.59e-02	1.33e-05	0.00e+00	0.00e+00	0.00e+00	0.00e+00	0.00e+00
 1.24931e+18	9.66e-01	3.43e-02	1.30e-05	0.00e+00	0.00e+00	0.00e+00	0.00e+00	0.00e+00
 1.24968e+18	9.67e-01	3.28e-02	1.27e-05	0.00e+00	0.00e+00	0.00e+00	0.00e+00	0.00e+00
 1.25000e+18	9.68e-01	3.22e-02	1.26e-05	0.00e+00	0.00e+00	0.00e+00	0.00e+00	0.00e+00
 1.25032e+18	9.68e-01	3.16e-02	1.25e-05	0.00e+00	0.00e+00	0.00e+00	0.00e+00	0.00e+00
 1.25074e+18	9.70e-01	2.99e-02	1.22e-05	0.00e+00	0.00e+00	0.00e+00	0.00e+00	0.00e+00
 1.25116e+18	9.72e-01	2.83e-02	1.19e-05	0.00e+00	0.00e+00	0.00e+00	0.00e+00	0.00e+00
 1.25146e+18	9.72e-01	2.77e-02	1.18e-05	0.00e+00	0.00e+00	0.00e+00	0.00e+00	0.00e+00
 1.25175e+18	9.73e-01	2.72e-02	1.17e-05	0.00e+00	0.00e+00	0.00e+00	0.00e+00	0.00e+00
 1.25213e+18	9.75e-01	2.54e-02	1.13e-05	0.00e+00	0.00e+00	0.00e+00	0.00e+00	0.00e+00
 1.25248e+18	9.76e-01	2.41e-02	1.10e-05	0.00e+00	0.00e+00	0.00e+00	0.00e+00	0.00e+00
 1.25273e+18	9.76e-01	2.37e-02	1.09e-05	0.00e+00	0.00e+00	0.00e+00	0.00e+00	0.00e+00
 1.25301e+18	9.77e-01	2.28e-02	1.07e-05	0.00e+00	0.00e+00	0.00e+00	0.00e+00	0.00e+00
 1.25336e+18	9.79e-01	2.08e-02	1.02e-05	0.00e+00	0.00e+00	0.00e+00	0.00e+00	0.00e+00
 1.25366e+18	9.91e-01	8.75e-03	5.53e-06	0.00e+00	0.00e+00	0.00e+00	0.00e+00	0.00e+00
 1.25388e+18	9.92e-01	8.35e-03	5.27e-06	0.00e+00	0.00e+00	0.00e+00	0.00e+00	0.00e+00
 1.25408e+18	9.92e-01	7.68e-03	4.88e-06	0.00e+00	0.00e+00	0.00e+00	0.00e+00	0.00e+00
 1.25426e+18	9.92e-01	7.50e-03	4.78e-06	0.00e+00	0.00e+00	0.00e+00	0.00e+00	0.00e+00
 1.25443e+18	9.93e-01	7.27e-03	4.63e-06	0.00e+00	0.00e+00	0.00e+00	0.00e+00	0.00e+00
 1.25458e+18	9.93e-01	7.14e-03	4.54e-06	0.00e+00	0.00e+00	0.00e+00	0.00e+00	0.00e+00
 1.25474e+18	9.93e-01	7.00e-03	4.46e-06	0.00e+00	0.00e+00	0.00e+00	0.00e+00	0.00e+00
 1.25496e+18	9.93e-01	6.73e-03	4.32e-06	0.00e+00	0.00e+00	0.00e+00	0.00e+00	0.00e+00
 1.25519e+18	9.94e-01	6.40e-03	4.14e-06	0.00e+00	0.00e+00	0.00e+00	0.00e+00	0.00e+00
 1.25540e+18	9.94e-01	6.27e-03	4.07e-06	0.00e+00	0.00e+00	0.00e+00	0.00e+00	0.00e+00
 1.25559e+18	9.94e-01	6.14e-03	4.00e-06	0.00e+00	0.00e+00	0.00e+00	0.00e+00	0.00e+00
 1.25580e+18	9.94e-01	6.08e-03	3.97e-06	0.00e+00	0.00e+00	0.00e+00	0.00e+00	0.00e+00
 1.25608e+18	9.94e-01	5.83e-03	3.84e-06	0.00e+00	0.00e+00	0.00e+00	0.00e+00	0.00e+00
 1.25637e+18	9.94e-01	5.60e-03	3.72e-06	0.00e+00	0.00e+00	0.00e+00	0.00e+00	0.00e+00
 1.25664e+18	9.95e-01	5.48e-03	3.65e-06	0.00e+00	0.00e+00	0.00e+00	0.00e+00	0.00e+00
 1.25688e+18	9.95e-01	5.35e-03	3.58e-06	0.00e+00	0.00e+00	0.00e+00	0.00e+00	0.00e+00
 1.25711e+18	9.95e-01	5.24e-03	3.51e-06	0.00e+00	0.00e+00	0.00e+00	0.00e+00	0.00e+00
 1.25735e+18	9.95e-01	5.12e-03	3.44e-06	0.00e+00	0.00e+00	0.00e+00	0.00e+00	0.00e+00
 1.25761e+18	9.95e-01	4.92e-03	3.33e-06	0.00e+00	0.00e+00	0.00e+00	0.00e+00	0.00e+00
 1.25785e+18	9.95e-01	4.81e-03	3.27e-06	0.00e+00	0.00e+00	0.00e+00	0.00e+00	0.00e+00
 1.25812e+18	9.95e-01	4.71e-03	3.20e-06	0.00e+00	0.00e+00	0.00e+00	0.00e+00	0.00e+00
 1.25840e+18	9.95e-01	4.51e-03	3.10e-06	0.00e+00	0.00e+00	0.00e+00	0.00e+00	0.00e+00
 1.25866e+18	9.96e-01	4.41e-03	3.04e-06	0.00e+00	0.00e+00	0.00e+00	0.00e+00	0.00e+00
 1.25889e+18	9.96e-01	4.32e-03	2.99e-06	0.00e+00	0.00e+00	0.00e+00	0.00e+00	0.00e+00
 1.25915e+18	9.96e-01	4.22e-03	2.92e-06	0.00e+00	0.00e+00	0.00e+00	0.00e+00	0.00e+00
 1.25943e+18	9.96e-01	4.05e-03	2.83e-06	0.00e+00	0.00e+00	0.00e+00	0.00e+00	0.00e+00
 1.25968e+18	9.96e-01	4.07e-03	2.79e-06	0.00e+00	0.00e+00	0.00e+00	0.00e+00	0.00e+00
 1.25995e+18	9.96e-01	4.12e-03	2.74e-06	0.00e+00	0.00e+00	0.00e+00	0.00e+00	0.00e+00
 1.26031e+18	9.96e-01	3.99e-03	2.65e-06	0.00e+00	0.00e+00	0.00e+00	0.00e+00	0.00e+00
 1.26070e+18	9.96e-01	3.79e-03	2.55e-06	0.00e+00	0.00e+00	0.00e+00	0.00e+00	0.00e+00
 1.26106e+18	9.96e-01	3.67e-03	2.47e-06	0.00e+00	0.00e+00	0.00e+00	0.00e+00	0.00e+00
 1.26138e+18	9.96e-01	3.58e-03	2.42e-06	0.00e+00	0.00e+00	0.00e+00	0.00e+00	0.00e+00
 1.26167e+18	9.96e-01	3.50e-03	2.36e-06	0.00e+00	0.00e+00	0.00e+00	0.00e+00	0.00e+00
 1.26194e+18	9.97e-01	3.43e-03	2.32e-06	0.00e+00	0.00e+00	0.00e+00	0.00e+00	0.00e+00
###########################
 1.34621e+14	9.11e-07	3.16e-03	3.33e-01	5.41e-01	1.12e-01	1.13e-02	9.09e-06	0.00e+00
 8.07726e+14	9.14e-07	3.16e-03	3.33e-01	5.41e-01	1.11e-01	1.13e-02	9.02e-06	0.00e+00
 3.50014e+15	9.18e-07	3.17e-03	3.35e-01	5.40e-01	1.10e-01	1.11e-02	8.84e-06	0.00e+00
 1.42698e+16	9.34e-07	3.21e-03	3.43e-01	5.37e-01	1.06e-01	1.05e-02	8.25e-06	0.00e+00
 3.40860e+16	9.96e-07	3.32e-03	3.57e-01	5.32e-01	9.80e-02	9.14e-03	6.86e-06	0.00e+00
 5.76132e+16	1.06e-06	3.44e-03	3.74e-01	5.25e-01	9.00e-02	7.96e-03	5.76e-06	0.00e+00
 8.59648e+16	1.14e-06	3.60e-03	3.94e-01	5.14e-01	8.16e-02	6.89e-03	4.84e-06	0.00e+00
 1.22822e+17	1.25e-06	3.83e-03	4.22e-01	4.97e-01	7.20e-02	5.79e-03	3.97e-06	0.00e+00
 1.60422e+17	1.35e-06	4.05e-03	4.51e-01	4.77e-01	6.29e-02	4.90e-03	3.30e-06	0.00e+00
 1.90618e+17	1.43e-06	4.26e-03	4.76e-01	4.60e-01	5.62e-02	4.28e-03	2.87e-06	0.00e+00
 2.21505e+17	1.62e-06	4.69e-03	5.06e-01	4.37e-01	4.84e-02	3.58e-03	2.36e-06	0.00e+00
 2.51485e+17	1.76e-06	5.00e-03	5.33e-01	4.16e-01	4.21e-02	3.07e-03	2.02e-06	0.00e+00
 2.75011e+17	1.90e-06	5.33e-03	5.55e-01	3.99e-01	3.73e-02	2.68e-03	1.77e-06	0.00e+00
 2.96759e+17	2.08e-06	5.70e-03	5.76e-01	3.83e-01	3.29e-02	2.33e-03	1.53e-06	0.00e+00
 3.17775e+17	2.29e-06	6.11e-03	5.96e-01	3.67e-01	2.88e-02	2.02e-03	1.31e-06	0.00e+00
 3.37737e+17	2.56e-06	6.61e-03	6.15e-01	3.51e-01	2.50e-02	1.72e-03	1.10e-06	0.00e+00
 3.56084e+17	2.88e-06	7.16e-03	6.33e-01	3.36e-01	2.16e-02	1.46e-03	9.15e-07	0.00e+00
 3.72814e+17	3.26e-06	7.76e-03	6.50e-01	3.22e-01	1.86e-02	1.25e-03	0.00e+00	0.00e+00
 3.88749e+17	3.74e-06	8.45e-03	6.67e-01	3.08e-01	1.60e-02	1.05e-03	0.00e+00	0.00e+00
 4.04398e+17	4.32e-06	9.25e-03	6.83e-01	2.94e-01	1.36e-02	8.87e-04	0.00e+00	0.00e+00
 4.19850e+17	5.04e-06	1.01e-02	6.98e-01	2.79e-01	1.16e-02	7.44e-04	0.00e+00	0.00e+00
 4.34995e+17	5.89e-06	1.11e-02	7.13e-01	2.66e-01	9.78e-03	6.25e-04	0.00e+00	0.00e+00
 4.51646e+17	7.03e-06	1.23e-02	7.28e-01	2.51e-01	8.12e-03	5.17e-04	0.00e+00	0.00e+00
 4.69361e+17	8.41e-06	1.37e-02	7.42e-01	2.37e-01	6.72e-03	4.29e-04	0.00e+00	0.00e+00
 4.86166e+17	9.92e-06	1.50e-02	7.54e-01	2.25e-01	5.66e-03	3.64e-04	0.00e+00	0.00e+00
 5.04300e+17	1.18e-05	1.65e-02	7.65e-01	2.13e-01	4.75e-03	3.08e-04	0.00e+00	0.00e+00
 5.26200e+17	1.42e-05	1.83e-02	7.77e-01	2.01e-01	3.91e-03	2.58e-04	0.00e+00	0.00e+00
 5.52433e+17	1.75e-05	2.05e-02	7.88e-01	1.88e-01	3.19e-03	2.14e-04	0.00e+00	0.00e+00
 5.78365e+17	2.10e-05	2.26e-02	7.97e-01	1.78e-01	2.70e-03	1.84e-04	0.00e+00	0.00e+00
 5.98651e+17	2.40e-05	2.43e-02	8.03e-01	1.71e-01	2.42e-03	1.65e-04	0.00e+00	0.00e+00
 6.18344e+17	2.77e-05	2.62e-02	8.08e-01	1.63e-01	2.17e-03	1.47e-04	0.00e+00	0.00e+00
 6.39788e+17	3.15e-05	2.80e-02	8.13e-01	1.57e-01	1.97e-03	1.33e-04	0.00e+00	0.00e+00
 6.63508e+17	3.64e-05	3.02e-02	8.17e-01	1.51e-01	1.79e-03	1.20e-04	0.00e+00	0.00e+00
 6.88806e+17	4.20e-05	3.26e-02	8.21e-01	1.45e-01	1.64e-03	1.08e-04	0.00e+00	0.00e+00
 7.11252e+17	4.78e-05	3.49e-02	8.24e-01	1.40e-01	1.54e-03	9.90e-05	0.00e+00	0.00e+00
 7.31955e+17	5.38e-05	3.72e-02	8.26e-01	1.35e-01	1.45e-03	9.12e-05	0.00e+00	0.00e+00
 7.55296e+17	6.21e-05	4.01e-02	8.28e-01	1.30e-01	1.37e-03	8.28e-05	0.00e+00	0.00e+00
 7.79379e+17	7.17e-05	4.33e-02	8.30e-01	1.25e-01	1.29e-03	7.50e-05	0.00e+00	0.00e+00
 7.98876e+17	8.09e-05	4.63e-02	8.31e-01	1.21e-01	1.23e-03	6.90e-05	0.00e+00	0.00e+00
 8.15586e+17	9.02e-05	4.91e-02	8.32e-01	1.18e-01	1.19e-03	6.39e-05	0.00e+00	0.00e+00
 8.34226e+17	1.03e-04	5.28e-02	8.33e-01	1.13e-01	1.14e-03	5.83e-05	0.00e+00	0.00e+00
 8.53883e+17	1.18e-04	5.71e-02	8.33e-01	1.09e-01	1.09e-03	5.27e-05	0.00e+00	0.00e+00
 8.70277e+17	1.34e-04	6.12e-02	8.33e-01	1.05e-01	1.05e-03	4.82e-05	0.00e+00	0.00e+00
 8.84278e+17	1.49e-04	6.52e-02	8.33e-01	1.01e-01	1.01e-03	4.43e-05	0.00e+00	0.00e+00
 8.99753e+17	1.71e-04	7.04e-02	8.32e-01	9.65e-02	9.67e-04	4.01e-05	0.00e+00	0.00e+00
 9.16056e+17	1.97e-04	7.65e-02	8.31e-01	9.18e-02	9.21e-04	3.58e-05	0.00e+00	0.00e+00
 9.29623e+17	2.23e-04	8.22e-02	8.29e-01	8.77e-02	8.84e-04	3.24e-05	0.00e+00	0.00e+00
 9.41251e+17	2.50e-04	8.78e-02	8.27e-01	8.40e-02	8.50e-04	2.95e-05	0.00e+00	0.00e+00
 9.54172e+17	2.86e-04	9.51e-02	8.24e-01	7.96e-02	8.10e-04	2.63e-05	0.00e+00	0.00e+00
 9.67851e+17	3.32e-04	1.04e-01	8.20e-01	7.49e-02	7.67e-04	2.32e-05	0.00e+00	0.00e+00
 9.79360e+17	3.78e-04	1.12e-01	8.16e-01	7.08e-02	7.29e-04	2.07e-05	0.00e+00	0.00e+00
 9.89289e+17	4.26e-04	1.20e-01	8.12e-01	6.71e-02	6.96e-04	1.86e-05	0.00e+00	0.00e+00
 1.00032e+18	4.91e-04	1.31e-01	8.06e-01	6.27e-02	6.57e-04	1.63e-05	0.00e+00	0.00e+00
 1.01205e+18	5.73e-04	1.43e-01	7.98e-01	5.81e-02	6.15e-04	1.41e-05	0.00e+00	0.00e+00
 1.02203e+18	6.57e-04	1.55e-01	7.90e-01	5.41e-02	5.78e-04	1.23e-05	0.00e+00	0.00e+00
 1.03071e+18	7.46e-04	1.67e-01	7.81e-01	5.05e-02	5.45e-04	1.08e-05	0.00e+00	0.00e+00
 1.04037e+18	8.67e-04	1.82e-01	7.70e-01	4.64e-02	5.07e-04	9.26e-06	0.00e+00	0.00e+00
 1.05070e+18	1.02e-03	2.01e-01	7.56e-01	4.20e-02	4.66e-04	7.76e-06	0.00e+00	0.00e+00
 1.05959e+18	1.19e-03	2.19e-01	7.41e-01	3.83e-02	4.30e-04	6.58e-06	0.00e+00	0.00e+00
 1.06741e+18	1.36e-03	2.37e-01	7.27e-01	3.49e-02	3.98e-04	5.62e-06	0.00e+00	0.00e+00
 1.07615e+18	1.60e-03	2.60e-01	7.07e-01	3.12e-02	3.61e-04	4.62e-06	0.00e+00	0.00e+00
 1.08558e+18	1.92e-03	2.88e-01	6.83e-01	2.72e-02	3.22e-04	3.68e-06	0.00e+00	0.00e+00
 1.09386e+18	2.26e-03	3.16e-01	6.58e-01	2.39e-02	2.88e-04	2.97e-06	0.00e+00	0.00e+00
 1.10138e+18	2.66e-03	3.45e-01	6.31e-01	2.08e-02	2.56e-04	2.38e-06	0.00e+00	0.00e+00
 1.10993e+18	3.22e-03	3.82e-01	5.97e-01	1.75e-02	2.21e-04	1.80e-06	0.00e+00	0.00e+00
 1.11887e+18	3.94e-03	4.26e-01	5.56e-01	1.43e-02	1.85e-04	1.31e-06	0.00e+00	0.00e+00
 1.12611e+18	4.70e-03	4.66e-01	5.18e-01	1.18e-02	1.57e-04	9.77e-07	0.00e+00	0.00e+00
 1.13212e+18	5.47e-03	5.02e-01	4.82e-01	9.86e-03	1.34e-04	0.00e+00	0.00e+00	0.00e+00
 1.13870e+18	6.50e-03	5.45e-01	4.40e-01	7.92e-03	1.11e-04	0.00e+00	0.00e+00	0.00e+00
 1.14587e+18	7.87e-03	5.94e-01	3.92e-01	6.06e-03	8.75e-05	0.00e+00	0.00e+00	0.00e+00
 1.15211e+18	9.36e-03	6.40e-01	3.46e-01	4.63e-03	6.90e-05	0.00e+00	0.00e+00	0.00e+00
 1.15742e+18	1.09e-02	6.79e-01	3.06e-01	3.58e-03	5.49e-05	0.00e+00	0.00e+00	0.00e+00
 1.16320e+18	1.30e-02	7.23e-01	2.61e-01	2.61e-03	4.13e-05	0.00e+00	0.00e+00	0.00e+00
 1.16865e+18	1.53e-02	7.63e-01	2.20e-01	1.87e-03	3.06e-05	0.00e+00	0.00e+00	0.00e+00
 1.17228e+18	1.71e-02	7.89e-01	1.92e-01	1.46e-03	2.44e-05	0.00e+00	0.00e+00	0.00e+00
 1.17508e+18	1.88e-02	8.08e-01	1.72e-01	1.19e-03	2.02e-05	0.00e+00	0.00e+00	0.00e+00
 1.17818e+18	2.09e-02	8.28e-01	1.50e-01	9.34e-04	1.61e-05	0.00e+00	0.00e+00	0.00e+00
 1.18164e+18	2.35e-02	8.49e-01	1.27e-01	7.01e-04	1.23e-05	0.00e+00	0.00e+00	0.00e+00
 1.18474e+18	2.62e-02	8.66e-01	1.08e-01	5.32e-04	9.42e-06	0.00e+00	0.00e+00	0.00e+00
 1.18734e+18	2.89e-02	8.78e-01	9.24e-02	4.16e-04	7.41e-06	0.00e+00	0.00e+00	0.00e+00
 1.18973e+18	3.17e-02	8.89e-01	7.93e-02	3.26e-04	5.82e-06	0.00e+00	0.00e+00	0.00e+00
 1.19244e+18	3.55e-02	8.99e-01	6.56e-02	2.45e-04	4.34e-06	0.00e+00	0.00e+00	0.00e+00
 1.19524e+18	3.99e-02	9.07e-01	5.33e-02	1.81e-04	3.15e-06	0.00e+00	0.00e+00	0.00e+00
 1.19748e+18	4.42e-02	9.11e-01	4.44e-02	1.41e-04	2.39e-06	0.00e+00	0.00e+00	0.00e+00
 1.19935e+18	4.82e-02	9.14e-01	3.77e-02	1.14e-04	1.86e-06	0.00e+00	0.00e+00	0.00e+00
 1.20142e+18	5.35e-02	9.15e-01	3.09e-02	8.94e-05	1.39e-06	0.00e+00	0.00e+00	0.00e+00
 1.20368e+18	6.02e-02	9.15e-01	2.46e-02	6.91e-05	9.95e-07	0.00e+00	0.00e+00	0.00e+00
 1.20565e+18	6.72e-02	9.13e-01	1.99e-02	5.52e-05	0.00e+00	0.00e+00	0.00e+00	0.00e+00
 1.20737e+18	7.44e-02	9.09e-01	1.63e-02	4.57e-05	0.00e+00	0.00e+00	0.00e+00	0.00e+00
 1.20916e+18	8.32e-02	9.04e-01	1.30e-02	3.76e-05	0.00e+00	0.00e+00	0.00e+00	0.00e+00
 1.21109e+18	9.45e-02	8.95e-01	1.00e-02	3.08e-05	0.00e+00	0.00e+00	0.00e+00	0.00e+00
 1.21280e+18	1.06e-01	8.86e-01	7.87e-03	2.59e-05	0.00e+00	0.00e+00	0.00e+00	0.00e+00
 1.21415e+18	1.17e-01	8.76e-01	6.43e-03	2.28e-05	0.00e+00	0.00e+00	0.00e+00	0.00e+00
 1.21527e+18	1.28e-01	8.67e-01	5.38e-03	2.05e-05	0.00e+00	0.00e+00	0.00e+00	0.00e+00
 1.21633e+18	1.39e-01	8.57e-01	4.51e-03	1.86e-05	0.00e+00	0.00e+00	0.00e+00	0.00e+00
 1.21738e+18	1.51e-01	8.45e-01	3.77e-03	1.70e-05	0.00e+00	0.00e+00	0.00e+00	0.00e+00
 1.21818e+18	1.61e-01	8.36e-01	3.28e-03	1.58e-05	0.00e+00	0.00e+00	0.00e+00	0.00e+00
 1.21867e+18	1.67e-01	8.30e-01	3.01e-03	1.52e-05	0.00e+00	0.00e+00	0.00e+00	0.00e+00
 1.21914e+18	1.74e-01	8.23e-01	2.76e-03	1.46e-05	0.00e+00	0.00e+00	0.00e+00	0.00e+00
 1.21969e+18	1.82e-01	8.15e-01	2.47e-03	1.39e-05	0.00e+00	0.00e+00	0.00e+00	0.00e+00
 1.22029e+18	1.92e-01	8.06e-01	2.21e-03	1.32e-05	0.00e+00	0.00e+00	0.00e+00	0.00e+00
 1.22083e+18	2.01e-01	7.97e-01	1.98e-03	1.26e-05	0.00e+00	0.00e+00	0.00e+00	0.00e+00
 1.22133e+18	2.10e-01	7.88e-01	1.79e-03	1.20e-05	0.00e+00	0.00e+00	0.00e+00	0.00e+00
 1.22182e+18	2.20e-01	7.79e-01	1.61e-03	1.15e-05	0.00e+00	0.00e+00	0.00e+00	0.00e+00
 1.22232e+18	2.30e-01	7.69e-01	1.45e-03	1.10e-05	0.00e+00	0.00e+00	0.00e+00	0.00e+00
 1.22282e+18	2.40e-01	7.58e-01	1.30e-03	1.05e-05	0.00e+00	0.00e+00	0.00e+00	0.00e+00
 1.22330e+18	2.51e-01	7.48e-01	1.17e-03	1.01e-05	0.00e+00	0.00e+00	0.00e+00	0.00e+00
 1.22377e+18	2.62e-01	7.37e-01	1.05e-03	9.65e-06	0.00e+00	0.00e+00	0.00e+00	0.00e+00
 1.22423e+18	2.74e-01	7.25e-01	9.46e-04	9.25e-06	0.00e+00	0.00e+00	0.00e+00	0.00e+00
 1.22469e+18	2.86e-01	7.14e-01	8.49e-04	8.86e-06	0.00e+00	0.00e+00	0.00e+00	0.00e+00
 1.22515e+18	2.98e-01	7.01e-01	7.62e-04	8.48e-06	0.00e+00	0.00e+00	0.00e+00	0.00e+00
 1.22559e+18	3.10e-01	6.89e-01	6.84e-04	8.13e-06	0.00e+00	0.00e+00	0.00e+00	0.00e+00
 1.22603e+18	3.23e-01	6.76e-01	6.14e-04	7.78e-06	0.00e+00	0.00e+00	0.00e+00	0.00e+00
 1.22646e+18	3.37e-01	6.63e-01	5.51e-04	7.46e-06	0.00e+00	0.00e+00	0.00e+00	0.00e+00
 1.22689e+18	3.50e-01	6.49e-01	4.94e-04	7.14e-06	0.00e+00	0.00e+00	0.00e+00	0.00e+00
 1.22731e+18	3.64e-01	6.35e-01	4.42e-04	6.83e-06	0.00e+00	0.00e+00	0.00e+00	0.00e+00
 1.22773e+18	3.79e-01	6.21e-01	3.96e-04	6.53e-06	0.00e+00	0.00e+00	0.00e+00	0.00e+00
 1.22815e+18	3.94e-01	6.06e-01	3.54e-04	6.25e-06	0.00e+00	0.00e+00	0.00e+00	0.00e+00
 1.22856e+18	4.09e-01	5.91e-01	3.17e-04	5.97e-06	0.00e+00	0.00e+00	0.00e+00	0.00e+00
 1.22896e+18	4.24e-01	5.76e-01	2.84e-04	5.70e-06	0.00e+00	0.00e+00	0.00e+00	0.00e+00
 1.22936e+18	4.40e-01	5.60e-01	2.54e-04	5.44e-06	0.00e+00	0.00e+00	0.00e+00	0.00e+00
 1.22976e+18	4.56e-01	5.44e-01	2.28e-04	5.19e-06	0.00e+00	0.00e+00	0.00e+00	0.00e+00
 1.23015e+18	4.71e-01	5.28e-01	2.04e-04	4.96e-06	0.00e+00	0.00e+00	0.00e+00	0.00e+00
 1.23055e+18	4.88e-01	5.11e-01	1.83e-04	4.72e-06	0.00e+00	0.00e+00	0.00e+00	0.00e+00
 1.23092e+18	5.04e-01	4.95e-01	1.65e-04	4.50e-06	0.00e+00	0.00e+00	0.00e+00	0.00e+00
 1.23129e+18	5.20e-01	4.80e-01	1.49e-04	4.29e-06	0.00e+00	0.00e+00	0.00e+00	0.00e+00
 1.23166e+18	5.36e-01	4.64e-01	1.34e-04	4.09e-06	0.00e+00	0.00e+00	0.00e+00	0.00e+00
 1.23203e+18	5.53e-01	4.47e-01	1.21e-04	3.88e-06	0.00e+00	0.00e+00	0.00e+00	0.00e+00
 1.23239e+18	5.69e-01	4.30e-01	1.09e-04	3.69e-06	0.00e+00	0.00e+00	0.00e+00	0.00e+00
 1.23272e+18	5.84e-01	4.15e-01	9.98e-05	3.52e-06	0.00e+00	0.00e+00	0.00e+00	0.00e+00
 1.23306e+18	6.00e-01	3.99e-01	9.08e-05	3.34e-06	0.00e+00	0.00e+00	0.00e+00	0.00e+00
 1.23342e+18	6.17e-01	3.83e-01	8.25e-05	3.16e-06	0.00e+00	0.00e+00	0.00e+00	0.00e+00
 1.23377e+18	6.34e-01	3.66e-01	7.51e-05	2.99e-06	0.00e+00	0.00e+00	0.00e+00	0.00e+00
 1.23410e+18	6.49e-01	3.51e-01	6.90e-05	2.84e-06	0.00e+00	0.00e+00	0.00e+00	0.00e+00
 1.23441e+18	6.64e-01	3.36e-01	6.36e-05	2.68e-06	0.00e+00	0.00e+00	0.00e+00	0.00e+00
 1.23472e+18	6.79e-01	3.21e-01	5.89e-05	2.54e-06	0.00e+00	0.00e+00	0.00e+00	0.00e+00
 1.23504e+18	6.93e-01	3.07e-01	5.45e-05	2.40e-06	0.00e+00	0.00e+00	0.00e+00	0.00e+00
 1.23539e+18	7.09e-01	2.91e-01	5.02e-05	2.26e-06	0.00e+00	0.00e+00	0.00e+00	0.00e+00
 1.23573e+18	7.24e-01	2.76e-01	4.66e-05	2.12e-06	0.00e+00	0.00e+00	0.00e+00	0.00e+00
 1.23604e+18	7.38e-01	2.62e-01	4.36e-05	2.00e-06	0.00e+00	0.00e+00	0.00e+00	0.00e+00
 1.23636e+18	7.52e-01	2.48e-01	4.07e-05	1.87e-06	0.00e+00	0.00e+00	0.00e+00	0.00e+00
 1.23670e+18	7.68e-01	2.32e-01	3.79e-05	1.74e-06	0.00e+00	0.00e+00	0.00e+00	0.00e+00
 1.23704e+18	7.82e-01	2.18e-01	3.55e-05	1.62e-06	0.00e+00	0.00e+00	0.00e+00	0.00e+00
 1.23736e+18	7.95e-01	2.05e-01	3.35e-05	1.51e-06	0.00e+00	0.00e+00	0.00e+00	0.00e+00
 1.23768e+18	8.08e-01	1.92e-01	3.16e-05	1.40e-06	0.00e+00	0.00e+00	0.00e+00	0.00e+00
 1.23801e+18	8.21e-01	1.79e-01	2.98e-05	1.30e-06	0.00e+00	0.00e+00	0.00e+00	0.00e+00
 1.23837e+18	8.34e-01	1.66e-01	2.82e-05	1.19e-06	0.00e+00	0.00e+00	0.00e+00	0.00e+00
 1.23869e+18	8.46e-01	1.54e-01	2.67e-05	1.10e-06	0.00e+00	0.00e+00	0.00e+00	0.00e+00
 1.23903e+18	8.58e-01	1.42e-01	2.54e-05	1.01e-06	0.00e+00	0.00e+00	0.00e+00	0.00e+00
 1.23941e+18	8.70e-01	1.30e-01	2.41e-05	9.17e-07	0.00e+00	0.00e+00	0.00e+00	0.00e+00
 1.23973e+18	8.79e-01	1.21e-01	2.31e-05	0.00e+00	0.00e+00	0.00e+00	0.00e+00	0.00e+00
 1.23993e+18	8.84e-01	1.16e-01	2.25e-05	0.00e+00	0.00e+00	0.00e+00	0.00e+00	0.00e+00
 1.24011e+18	8.89e-01	1.11e-01	2.20e-05	0.00e+00	0.00e+00	0.00e+00	0.00e+00	0.00e+00
 1.24029e+18	8.93e-01	1.07e-01	2.15e-05	0.00e+00	0.00e+00	0.00e+00	0.00e+00	0.00e+00
 1.24050e+18	8.99e-01	1.01e-01	2.10e-05	0.00e+00	0.00e+00	0.00e+00	0.00e+00	0.00e+00
 1.24071e+18	9.04e-01	9.64e-02	2.05e-05	0.00e+00	0.00e+00	0.00e+00	0.00e+00	0.00e+00
 1.24091e+18	9.08e-01	9.19e-02	2.00e-05	0.00e+00	0.00e+00	0.00e+00	0.00e+00	0.00e+00
 1.24110e+18	9.12e-01	8.79e-02	1.96e-05	0.00e+00	0.00e+00	0.00e+00	0.00e+00	0.00e+00
 1.24129e+18	9.16e-01	8.41e-02	1.92e-05	0.00e+00	0.00e+00	0.00e+00	0.00e+00	0.00e+00
 1.24148e+18	9.19e-01	8.05e-02	1.88e-05	0.00e+00	0.00e+00	0.00e+00	0.00e+00	0.00e+00
 1.24166e+18	9.23e-01	7.72e-02	1.85e-05	0.00e+00	0.00e+00	0.00e+00	0.00e+00	0.00e+00
 1.24185e+18	9.25e-01	7.46e-02	1.82e-05	0.00e+00	0.00e+00	0.00e+00	0.00e+00	0.00e+00
 1.24206e+18	9.29e-01	7.07e-02	1.77e-05	0.00e+00	0.00e+00	0.00e+00	0.00e+00	0.00e+00
 1.24228e+18	9.33e-01	6.72e-02	1.74e-05	0.00e+00	0.00e+00	0.00e+00	0.00e+00	0.00e+00
 1.24245e+18	9.35e-01	6.54e-02	1.72e-05	0.00e+00	0.00e+00	0.00e+00	0.00e+00	0.00e+00
 1.24263e+18	9.37e-01	6.26e-02	1.68e-05	0.00e+00	0.00e+00	0.00e+00	0.00e+00	0.00e+00
 1.24282e+18	9.39e-01	6.05e-02	1.66e-05	0.00e+00	0.00e+00	0.00e+00	0.00e+00	0.00e+00
 1.24300e+18	9.42e-01	5.84e-02	1.63e-05	0.00e+00	0.00e+00	0.00e+00	0.00e+00	0.00e+00
 1.24321e+18	9.42e-01	5.79e-02	1.62e-05	0.00e+00	0.00e+00	0.00e+00	0.00e+00	0.00e+00
 1.24346e+18	9.44e-01	5.62e-02	1.61e-05	0.00e+00	0.00e+00	0.00e+00	0.00e+00	0.00e+00
 1.24379e+18	9.47e-01	5.30e-02	1.57e-05	0.00e+00	0.00e+00	0.00e+00	0.00e+00	0.00e+00
 1.24410e+18	9.50e-01	5.04e-02	1.54e-05	0.00e+00	0.00e+00	0.00e+00	0.00e+00	0.00e+00
 1.24432e+18	9.51e-01	4.94e-02	1.52e-05	0.00e+00	0.00e+00	0.00e+00	0.00e+00	0.00e+00
 1.24456e+18	9.52e-01	4.83e-02	1.51e-05	0.00e+00	0.00e+00	0.00e+00	0.00e+00	0.00e+00
 1.24486e+18	9.54e-01	4.61e-02	1.48e-05	0.00e+00	0.00e+00	0.00e+00	0.00e+00	0.00e+00
 1.24516e+18	9.55e-01	4.45e-02	1.46e-05	0.00e+00	0.00e+00	0.00e+00	0.00e+00	0.00e+00
 1.24544e+18	9.57e-01	4.34e-02	1.44e-05	0.00e+00	0.00e+00	0.00e+00	0.00e+00	0.00e+00
 1.24578e+18	9.59e-01	4.13e-02	1.41e-05	0.00e+00	0.00e+00	0.00e+00	0.00e+00	0.00e+00
 1.24612e+18	9.61e-01	3.95e-02	1.38e-05	0.00e+00	0.00e+00	0.00e+00	0.00e+00	0.00e+00
 1.24639e+18	9.61e-01	3.89e-02	1.37e-05	0.00e+00	0.00e+00	0.00e+00	0.00e+00	0.00e+00
 1.24667e+18	9.62e-01	3.81e-02	1.36e-05	0.00e+00	0.00e+00	0.00e+00	0.00e+00	0.00e+00
 1.24703e+18	9.64e-01	3.64e-02	1.33e-05	0.00e+00	0.00e+00	0.00e+00	0.00e+00	0.00e+00
 1.24740e+18	9.65e-01	3.53e-02	1.32e-05	0.00e+00	0.00e+00	0.00e+00	0.00e+00	0.00e+00
 1.24778e+18	9.66e-01	3.44e-02	1.31e-05	0.00e+00	0.00e+00	0.00e+00	0.00e+00	0.00e+00
 1.24824e+18	9.68e-01	3.21e-02	1.26e-05	0.00e+00	0.00e+00	0.00e+00	0.00e+00	0.00e+00
 1.24865e+18	9.69e-01	3.06e-02	1.24e-05	0.00e+00	0.00e+00	0.00e+00	0.00e+00	0.00e+00
 1.24891e+18	9.70e-01	3.04e-02	1.23e-05	0.00e+00	0.00e+00	0.00e+00	0.00e+00	0.00e+00
 1.24918e+18	9.70e-01	2.99e-02	1.22e-05	0.00e+00	0.00e+00	0.00e+00	0.00e+00	0.00e+00
 1.24954e+18	9.71e-01	2.90e-02	1.21e-05	0.00e+00	0.00e+00	0.00e+00	0.00e+00	0.00e+00
 1.24999e+18	9.73e-01	2.69e-02	1.16e-05	0.00e+00	0.00e+00	0.00e+00	0.00e+00	0.00e+00
 1.25039e+18	9.75e-01	2.50e-02	1.13e-05	0.00e+00	0.00e+00	0.00e+00	0.00e+00	0.00e+00
 1.25061e+18	9.75e-01	2.48e-02	1.12e-05	0.00e+00	0.00e+00	0.00e+00	0.00e+00	0.00e+00
 1.25081e+18	9.75e-01	2.46e-02	1.11e-05	0.00e+00	0.00e+00	0.00e+00	0.00e+00	0.00e+00
 1.25106e+18	9.76e-01	2.41e-02	1.10e-05	0.00e+00	0.00e+00	0.00e+00	0.00e+00	0.00e+00
 1.25139e+18	9.77e-01	2.25e-02	1.07e-05	0.00e+00	0.00e+00	0.00e+00	0.00e+00	0.00e+00
 1.25172e+18	9.80e-01	2.05e-02	1.02e-05	0.00e+00	0.00e+00	0.00e+00	0.00e+00	0.00e+00
 1.25194e+18	9.82e-01	1.81e-02	9.48e-06	0.00e+00	0.00e+00	0.00e+00	0.00e+00	0.00e+00
 1.25207e+18	9.82e-01	1.79e-02	9.41e-06	0.00e+00	0.00e+00	0.00e+00	0.00e+00	0.00e+00
 1.25216e+18	9.82e-01	1.78e-02	9.35e-06	0.00e+00	0.00e+00	0.00e+00	0.00e+00	0.00e+00
 1.25229e+18	9.82e-01	1.75e-02	9.28e-06	0.00e+00	0.00e+00	0.00e+00	0.00e+00	0.00e+00
 1.25245e+18	9.91e-01	9.16e-03	5.76e-06	0.00e+00	0.00e+00	0.00e+00	0.00e+00	0.00e+00
 1.25263e+18	9.92e-01	8.17e-03	5.16e-06	0.00e+00	0.00e+00	0.00e+00	0.00e+00	0.00e+00
 1.25279e+18	9.92e-01	7.67e-03	4.87e-06	0.00e+00	0.00e+00	0.00e+00	0.00e+00	0.00e+00
 1.25293e+18	9.92e-01	7.50e-03	4.77e-06	0.00e+00	0.00e+00	0.00e+00	0.00e+00	0.00e+00
 1.25307e+18	9.93e-01	7.35e-03	4.68e-06	0.00e+00	0.00e+00	0.00e+00	0.00e+00	0.00e+00
 1.25321e+18	9.93e-01	7.21e-03	4.59e-06	0.00e+00	0.00e+00	0.00e+00	0.00e+00	0.00e+00
 1.25340e+18	9.93e-01	6.94e-03	4.44e-06	0.00e+00	0.00e+00	0.00e+00	0.00e+00	0.00e+00
 1.25360e+18	9.93e-01	6.66e-03	4.29e-06	0.00e+00	0.00e+00	0.00e+00	0.00e+00	0.00e+00
 1.25379e+18	9.93e-01	6.51e-03	4.21e-06	0.00e+00	0.00e+00	0.00e+00	0.00e+00	0.00e+00
 1.25396e+18	9.94e-01	6.38e-03	4.13e-06	0.00e+00	0.00e+00	0.00e+00	0.00e+00	0.00e+00
 1.25414e+18	9.94e-01	6.32e-03	4.10e-06	0.00e+00	0.00e+00	0.00e+00	0.00e+00	0.00e+00
 1.25438e+18	9.94e-01	6.09e-03	3.98e-06	0.00e+00	0.00e+00	0.00e+00	0.00e+00	0.00e+00
 1.25464e+18	9.94e-01	5.85e-03	3.85e-06	0.00e+00	0.00e+00	0.00e+00	0.00e+00	0.00e+00
 1.25488e+18	9.94e-01	5.73e-03	3.79e-06	0.00e+00	0.00e+00	0.00e+00	0.00e+00	0.00e+00
 1.25514e+18	9.94e-01	5.60e-03	3.71e-06	0.00e+00	0.00e+00	0.00e+00	0.00e+00	0.00e+00
 1.25542e+18	9.95e-01	5.37e-03	3.59e-06	0.00e+00	0.00e+00	0.00e+00	0.00e+00	0.00e+00
 1.25567e+18	9.95e-01	5.25e-03	3.52e-06	0.00e+00	0.00e+00	0.00e+00	0.00e+00	0.00e+00
 1.25590e+18	9.95e-01	5.13e-03	3.45e-06	0.00e+00	0.00e+00	0.00e+00	0.00e+00	0.00e+00
 1.25611e+18	9.95e-01	5.03e-03	3.39e-06	0.00e+00	0.00e+00	0.00e+00	0.00e+00	0.00e+00
 1.25634e+18	9.95e-01	4.93e-03	3.33e-06	0.00e+00	0.00e+00	0.00e+00	0.00e+00	0.00e+00
 1.25664e+18	9.95e-01	4.72e-03	3.22e-06	0.00e+00	0.00e+00	0.00e+00	0.00e+00	0.00e+00
 1.25697e+18	9.95e-01	4.52e-03	3.11e-06	0.00e+00	0.00e+00	0.00e+00	0.00e+00	0.00e+00
 1.25726e+18	9.96e-01	4.41e-03	3.04e-06	0.00e+00	0.00e+00	0.00e+00	0.00e+00	0.00e+00
 1.25753e+18	9.96e-01	4.30e-03	2.98e-06	0.00e+00	0.00e+00	0.00e+00	0.00e+00	0.00e+00
 1.25777e+18	9.96e-01	4.20e-03	2.92e-06	0.00e+00	0.00e+00	0.00e+00	0.00e+00	0.00e+00
 1.25800e+18	9.96e-01	4.12e-03	2.87e-06	0.00e+00	0.00e+00	0.00e+00	0.00e+00	0.00e+00
 1.25824e+18	9.96e-01	4.30e-03	2.84e-06	0.00e+00	0.00e+00	0.00e+00	0.00e+00	0.00e+00
 1.25856e+18	9.96e-01	4.12e-03	2.75e-06	0.00e+00	0.00e+00	0.00e+00	0.00e+00	0.00e+00
 1.25890e+18	9.96e-01	3.99e-03	2.66e-06	0.00e+00	0.00e+00	0.00e+00	0.00e+00	0.00e+00
 1.25921e+18	9.96e-01	3.90e-03	2.60e-06	0.00e+00	0.00e+00	0.00e+00	0.00e+00	0.00e+00
 1.25949e+18	9.96e-01	3.81e-03	2.55e-06	0.00e+00	0.00e+00	0.00e+00	0.00e+00	0.00e+00
 1.25975e+18	9.96e-01	3.73e-03	2.50e-06	0.00e+00	0.00e+00	0.00e+00	0.00e+00	0.00e+00
 1.25998e+18	9.96e-01	3.67e-03	2.45e-06	0.00e+00	0.00e+00	0.00e+00	0.00e+00	0.00e+00
 1.26024e+18	9.96e-01	3.59e-03	2.40e-06	0.00e+00	0.00e+00	0.00e+00	0.00e+00	0.00e+00
 1.26052e+18	9.97e-01	3.44e-03	2.32e-06	0.00e+00	0.00e+00	0.00e+00	0.00e+00	0.00e+00
