#depth	S  1	S  2	S  3	S  4	S  5	S  6	S  7	S  8	S  9	S 10	S 11	S 12	S 13	S 14	S 15	S 16	S 17
 1.47857e+13	7.58e-04	2.64e-01	7.10e-01	2.34e-02	1.37e-03	1.17e-04	3.45e-06	0.00e+00	0.00e+00	0.00e+00	0.00e+00	0.00e+00	0.00e+00	0.00e+00	0.00e+00	0.00e+00	0.00e+00
 8.87140e+13	7.58e-04	2.64e-01	7.10e-01	2.34e-02	1.37e-03	1.17e-04	3.44e-06	0.00e+00	0.00e+00	0.00e+00	0.00e+00	0.00e+00	0.00e+00	0.00e+00	0.00e+00	0.00e+00	0.00e+00
 3.84427e+14	7.60e-04	2.65e-01	7.09e-01	2.35e-02	1.37e-03	1.17e-04	3.45e-06	0.00e+00	0.00e+00	0.00e+00	0.00e+00	0.00e+00	0.00e+00	0.00e+00	0.00e+00	0.00e+00	0.00e+00
 1.56728e+15	7.71e-04	2.66e-01	7.08e-01	2.34e-02	1.36e-03	1.16e-04	3.41e-06	0.00e+00	0.00e+00	0.00e+00	0.00e+00	0.00e+00	0.00e+00	0.00e+00	0.00e+00	0.00e+00	0.00e+00
 3.74373e+15	7.86e-04	2.70e-01	7.04e-01	2.37e-02	1.35e-03	1.16e-04	3.43e-06	0.00e+00	0.00e+00	0.00e+00	0.00e+00	0.00e+00	0.00e+00	0.00e+00	0.00e+00	0.00e+00	0.00e+00
 6.57312e+15	8.10e-04	2.73e-01	7.01e-01	2.34e-02	1.32e-03	1.14e-04	3.33e-06	0.00e+00	0.00e+00	0.00e+00	0.00e+00	0.00e+00	0.00e+00	0.00e+00	0.00e+00	0.00e+00	0.00e+00
 1.02513e+16	8.46e-04	2.78e-01	6.97e-01	2.26e-02	1.28e-03	1.09e-04	3.13e-06	0.00e+00	0.00e+00	0.00e+00	0.00e+00	0.00e+00	0.00e+00	0.00e+00	0.00e+00	0.00e+00	0.00e+00
 1.50330e+16	9.04e-04	2.85e-01	6.92e-01	2.10e-02	1.21e-03	1.01e-04	2.79e-06	0.00e+00	0.00e+00	0.00e+00	0.00e+00	0.00e+00	0.00e+00	0.00e+00	0.00e+00	0.00e+00	0.00e+00
 2.04228e+16	9.78e-04	2.92e-01	6.87e-01	1.91e-02	1.13e-03	9.09e-05	2.40e-06	0.00e+00	0.00e+00	0.00e+00	0.00e+00	0.00e+00	0.00e+00	0.00e+00	0.00e+00	0.00e+00	0.00e+00
 2.56614e+16	1.06e-03	3.00e-01	6.81e-01	1.70e-02	1.04e-03	8.07e-05	2.01e-06	0.00e+00	0.00e+00	0.00e+00	0.00e+00	0.00e+00	0.00e+00	0.00e+00	0.00e+00	0.00e+00	0.00e+00
 3.11029e+16	1.18e-03	3.11e-01	6.72e-01	1.48e-02	9.43e-04	6.95e-05	1.61e-06	0.00e+00	0.00e+00	0.00e+00	0.00e+00	0.00e+00	0.00e+00	0.00e+00	0.00e+00	0.00e+00	0.00e+00
 3.71941e+16	1.33e-03	3.25e-01	6.61e-01	1.22e-02	8.24e-04	5.73e-05	1.21e-06	0.00e+00	0.00e+00	0.00e+00	0.00e+00	0.00e+00	0.00e+00	0.00e+00	0.00e+00	0.00e+00	0.00e+00
 4.29654e+16	1.48e-03	3.39e-01	6.48e-01	1.01e-02	7.18e-04	4.73e-05	9.11e-07	0.00e+00	0.00e+00	0.00e+00	0.00e+00	0.00e+00	0.00e+00	0.00e+00	0.00e+00	0.00e+00	0.00e+00
 4.76284e+16	1.63e-03	3.54e-01	6.36e-01	8.53e-03	6.28e-04	3.96e-05	0.00e+00	0.00e+00	0.00e+00	0.00e+00	0.00e+00	0.00e+00	0.00e+00	0.00e+00	0.00e+00	0.00e+00	0.00e+00
 5.16881e+16	1.78e-03	3.68e-01	6.22e-01	7.22e-03	5.50e-04	3.33e-05	0.00e+00	0.00e+00	0.00e+00	0.00e+00	0.00e+00	0.00e+00	0.00e+00	0.00e+00	0.00e+00	0.00e+00	0.00e+00
 5.55678e+16	1.93e-03	3.85e-01	6.07e-01	6.07e-03	4.77e-04	2.79e-05	0.00e+00	0.00e+00	0.00e+00	0.00e+00	0.00e+00	0.00e+00	0.00e+00	0.00e+00	0.00e+00	0.00e+00	0.00e+00
 5.92939e+16	2.09e-03	4.03e-01	5.90e-01	5.07e-03	4.09e-04	2.31e-05	0.00e+00	0.00e+00	0.00e+00	0.00e+00	0.00e+00	0.00e+00	0.00e+00	0.00e+00	0.00e+00	0.00e+00	0.00e+00
 6.27777e+16	2.25e-03	4.22e-01	5.72e-01	4.22e-03	3.48e-04	1.91e-05	0.00e+00	0.00e+00	0.00e+00	0.00e+00	0.00e+00	0.00e+00	0.00e+00	0.00e+00	0.00e+00	0.00e+00	0.00e+00
 6.61112e+16	2.42e-03	4.42e-01	5.51e-01	3.48e-03	2.93e-04	1.56e-05	0.00e+00	0.00e+00	0.00e+00	0.00e+00	0.00e+00	0.00e+00	0.00e+00	0.00e+00	0.00e+00	0.00e+00	0.00e+00
 6.93321e+16	2.59e-03	4.65e-01	5.29e-01	2.85e-03	2.44e-04	1.27e-05	0.00e+00	0.00e+00	0.00e+00	0.00e+00	0.00e+00	0.00e+00	0.00e+00	0.00e+00	0.00e+00	0.00e+00	0.00e+00
 7.22308e+16	2.75e-03	4.87e-01	5.07e-01	2.35e-03	2.04e-04	1.03e-05	0.00e+00	0.00e+00	0.00e+00	0.00e+00	0.00e+00	0.00e+00	0.00e+00	0.00e+00	0.00e+00	0.00e+00	0.00e+00
 7.47213e+16	2.90e-03	5.08e-01	4.87e-01	1.97e-03	1.71e-04	8.52e-06	0.00e+00	0.00e+00	0.00e+00	0.00e+00	0.00e+00	0.00e+00	0.00e+00	0.00e+00	0.00e+00	0.00e+00	0.00e+00
 7.69017e+16	3.01e-03	5.27e-01	4.68e-01	1.68e-03	1.47e-04	7.18e-06	0.00e+00	0.00e+00	0.00e+00	0.00e+00	0.00e+00	0.00e+00	0.00e+00	0.00e+00	0.00e+00	0.00e+00	0.00e+00
 7.89331e+16	3.13e-03	5.46e-01	4.49e-01	1.43e-03	1.25e-04	6.03e-06	0.00e+00	0.00e+00	0.00e+00	0.00e+00	0.00e+00	0.00e+00	0.00e+00	0.00e+00	0.00e+00	0.00e+00	0.00e+00
 8.08755e+16	3.22e-03	5.64e-01	4.31e-01	1.22e-03	1.07e-04	5.09e-06	0.00e+00	0.00e+00	0.00e+00	0.00e+00	0.00e+00	0.00e+00	0.00e+00	0.00e+00	0.00e+00	0.00e+00	0.00e+00
 8.26986e+16	3.30e-03	5.81e-01	4.14e-01	1.05e-03	9.23e-05	4.32e-06	0.00e+00	0.00e+00	0.00e+00	0.00e+00	0.00e+00	0.00e+00	0.00e+00	0.00e+00	0.00e+00	0.00e+00	0.00e+00
 8.44132e+16	3.36e-03	5.97e-01	3.99e-01	9.15e-04	8.01e-05	3.70e-06	0.00e+00	0.00e+00	0.00e+00	0.00e+00	0.00e+00	0.00e+00	0.00e+00	0.00e+00	0.00e+00	0.00e+00	0.00e+00
 8.60492e+16	3.40e-03	6.11e-01	3.84e-01	8.00e-04	6.99e-05	3.19e-06	0.00e+00	0.00e+00	0.00e+00	0.00e+00	0.00e+00	0.00e+00	0.00e+00	0.00e+00	0.00e+00	0.00e+00	0.00e+00
 8.76262e+16	3.43e-03	6.24e-01	3.72e-01	7.04e-04	6.14e-05	2.78e-06	0.00e+00	0.00e+00	0.00e+00	0.00e+00	0.00e+00	0.00e+00	0.00e+00	0.00e+00	0.00e+00	0.00e+00	0.00e+00
 8.90974e+16	3.44e-03	6.35e-01	3.61e-01	6.26e-04	5.46e-05	2.44e-06	0.00e+00	0.00e+00	0.00e+00	0.00e+00	0.00e+00	0.00e+00	0.00e+00	0.00e+00	0.00e+00	0.00e+00	0.00e+00
 9.04152e+16	3.43e-03	6.44e-01	3.52e-01	5.65e-04	4.92e-05	2.19e-06	0.00e+00	0.00e+00	0.00e+00	0.00e+00	0.00e+00	0.00e+00	0.00e+00	0.00e+00	0.00e+00	0.00e+00	0.00e+00
 9.16170e+16	3.41e-03	6.51e-01	3.45e-01	5.16e-04	4.50e-05	1.99e-06	0.00e+00	0.00e+00	0.00e+00	0.00e+00	0.00e+00	0.00e+00	0.00e+00	0.00e+00	0.00e+00	0.00e+00	0.00e+00
 9.27515e+16	3.39e-03	6.57e-01	3.39e-01	4.75e-04	4.15e-05	1.82e-06	0.00e+00	0.00e+00	0.00e+00	0.00e+00	0.00e+00	0.00e+00	0.00e+00	0.00e+00	0.00e+00	0.00e+00	0.00e+00
 9.38460e+16	3.36e-03	6.62e-01	3.34e-01	4.39e-04	3.85e-05	1.68e-06	0.00e+00	0.00e+00	0.00e+00	0.00e+00	0.00e+00	0.00e+00	0.00e+00	0.00e+00	0.00e+00	0.00e+00	0.00e+00
 9.49132e+16	3.32e-03	6.67e-01	3.29e-01	4.08e-04	3.59e-05	1.56e-06	0.00e+00	0.00e+00	0.00e+00	0.00e+00	0.00e+00	0.00e+00	0.00e+00	0.00e+00	0.00e+00	0.00e+00	0.00e+00
 9.57537e+16	3.28e-03	6.70e-01	3.27e-01	3.86e-04	3.41e-05	1.48e-06	0.00e+00	0.00e+00	0.00e+00	0.00e+00	0.00e+00	0.00e+00	0.00e+00	0.00e+00	0.00e+00	0.00e+00	0.00e+00
 9.63126e+16	3.26e-03	6.71e-01	3.25e-01	3.74e-04	3.31e-05	1.43e-06	0.00e+00	0.00e+00	0.00e+00	0.00e+00	0.00e+00	0.00e+00	0.00e+00	0.00e+00	0.00e+00	0.00e+00	0.00e+00
 9.68510e+16	3.23e-03	6.73e-01	3.24e-01	3.61e-04	3.21e-05	1.39e-06	0.00e+00	0.00e+00	0.00e+00	0.00e+00	0.00e+00	0.00e+00	0.00e+00	0.00e+00	0.00e+00	0.00e+00	0.00e+00
 9.75113e+16	3.21e-03	6.75e-01	3.21e-01	3.46e-04	3.08e-05	1.33e-06	0.00e+00	0.00e+00	0.00e+00	0.00e+00	0.00e+00	0.00e+00	0.00e+00	0.00e+00	0.00e+00	0.00e+00	0.00e+00
 9.82267e+16	3.16e-03	6.76e-01	3.20e-01	3.32e-04	2.97e-05	1.28e-06	0.00e+00	0.00e+00	0.00e+00	0.00e+00	0.00e+00	0.00e+00	0.00e+00	0.00e+00	0.00e+00	0.00e+00	0.00e+00
 9.89047e+16	3.13e-03	6.77e-01	3.19e-01	3.19e-04	2.86e-05	1.23e-06	0.00e+00	0.00e+00	0.00e+00	0.00e+00	0.00e+00	0.00e+00	0.00e+00	0.00e+00	0.00e+00	0.00e+00	0.00e+00
 9.95523e+16	3.08e-03	6.78e-01	3.19e-01	3.08e-04	2.78e-05	1.19e-06	0.00e+00	0.00e+00	0.00e+00	0.00e+00	0.00e+00	0.00e+00	0.00e+00	0.00e+00	0.00e+00	0.00e+00	0.00e+00
 1.00212e+17	3.05e-03	6.79e-01	3.17e-01	2.95e-04	2.68e-05	1.15e-06	0.00e+00	0.00e+00	0.00e+00	0.00e+00	0.00e+00	0.00e+00	0.00e+00	0.00e+00	0.00e+00	0.00e+00	0.00e+00
 1.00887e+17	3.00e-03	6.80e-01	3.17e-01	2.86e-04	2.61e-05	1.12e-06	0.00e+00	0.00e+00	0.00e+00	0.00e+00	0.00e+00	0.00e+00	0.00e+00	0.00e+00	0.00e+00	0.00e+00	0.00e+00
 1.01564e+17	2.96e-03	6.80e-01	3.17e-01	2.75e-04	2.52e-05	1.08e-06	0.00e+00	0.00e+00	0.00e+00	0.00e+00	0.00e+00	0.00e+00	0.00e+00	0.00e+00	0.00e+00	0.00e+00	0.00e+00
 1.02247e+17	2.90e-03	6.80e-01	3.17e-01	2.66e-04	2.46e-05	1.05e-06	0.00e+00	0.00e+00	0.00e+00	0.00e+00	0.00e+00	0.00e+00	0.00e+00	0.00e+00	0.00e+00	0.00e+00	0.00e+00
 1.02951e+17	2.86e-03	6.80e-01	3.17e-01	2.56e-04	2.38e-05	1.02e-06	0.00e+00	0.00e+00	0.00e+00	0.00e+00	0.00e+00	0.00e+00	0.00e+00	0.00e+00	0.00e+00	0.00e+00	0.00e+00
 1.03656e+17	2.80e-03	6.79e-01	3.18e-01	2.48e-04	2.32e-05	9.95e-07	0.00e+00	0.00e+00	0.00e+00	0.00e+00	0.00e+00	0.00e+00	0.00e+00	0.00e+00	0.00e+00	0.00e+00	0.00e+00
 1.04354e+17	2.76e-03	6.79e-01	3.18e-01	2.39e-04	2.25e-05	0.00e+00	0.00e+00	0.00e+00	0.00e+00	0.00e+00	0.00e+00	0.00e+00	0.00e+00	0.00e+00	0.00e+00	0.00e+00	0.00e+00
 1.05064e+17	2.70e-03	6.78e-01	3.19e-01	2.32e-04	2.21e-05	0.00e+00	0.00e+00	0.00e+00	0.00e+00	0.00e+00	0.00e+00	0.00e+00	0.00e+00	0.00e+00	0.00e+00	0.00e+00	0.00e+00
 1.05794e+17	2.66e-03	6.78e-01	3.19e-01	2.24e-04	2.14e-05	0.00e+00	0.00e+00	0.00e+00	0.00e+00	0.00e+00	0.00e+00	0.00e+00	0.00e+00	0.00e+00	0.00e+00	0.00e+00	0.00e+00
 1.06533e+17	2.59e-03	6.77e-01	3.21e-01	2.18e-04	2.10e-05	0.00e+00	0.00e+00	0.00e+00	0.00e+00	0.00e+00	0.00e+00	0.00e+00	0.00e+00	0.00e+00	0.00e+00	0.00e+00	0.00e+00
 1.07281e+17	2.55e-03	6.76e-01	3.21e-01	2.10e-04	2.05e-05	0.00e+00	0.00e+00	0.00e+00	0.00e+00	0.00e+00	0.00e+00	0.00e+00	0.00e+00	0.00e+00	0.00e+00	0.00e+00	0.00e+00
 1.08038e+17	2.49e-03	6.75e-01	3.23e-01	2.05e-04	2.01e-05	0.00e+00	0.00e+00	0.00e+00	0.00e+00	0.00e+00	0.00e+00	0.00e+00	0.00e+00	0.00e+00	0.00e+00	0.00e+00	0.00e+00
 1.08789e+17	2.44e-03	6.73e-01	3.24e-01	1.98e-04	1.96e-05	0.00e+00	0.00e+00	0.00e+00	0.00e+00	0.00e+00	0.00e+00	0.00e+00	0.00e+00	0.00e+00	0.00e+00	0.00e+00	0.00e+00
 1.09569e+17	2.38e-03	6.72e-01	3.26e-01	1.93e-04	1.93e-05	0.00e+00	0.00e+00	0.00e+00	0.00e+00	0.00e+00	0.00e+00	0.00e+00	0.00e+00	0.00e+00	0.00e+00	0.00e+00	0.00e+00
 1.10383e+17	2.33e-03	6.70e-01	3.27e-01	1.87e-04	1.89e-05	0.00e+00	0.00e+00	0.00e+00	0.00e+00	0.00e+00	0.00e+00	0.00e+00	0.00e+00	0.00e+00	0.00e+00	0.00e+00	0.00e+00
 1.11213e+17	2.26e-03	6.68e-01	3.30e-01	1.82e-04	1.86e-05	0.00e+00	0.00e+00	0.00e+00	0.00e+00	0.00e+00	0.00e+00	0.00e+00	0.00e+00	0.00e+00	0.00e+00	0.00e+00	0.00e+00
 1.12065e+17	2.21e-03	6.66e-01	3.31e-01	1.77e-04	1.82e-05	0.00e+00	0.00e+00	0.00e+00	0.00e+00	0.00e+00	0.00e+00	0.00e+00	0.00e+00	0.00e+00	0.00e+00	0.00e+00	0.00e+00
 1.12927e+17	2.15e-03	6.64e-01	3.34e-01	1.72e-04	1.79e-05	0.00e+00	0.00e+00	0.00e+00	0.00e+00	0.00e+00	0.00e+00	0.00e+00	0.00e+00	0.00e+00	0.00e+00	0.00e+00	0.00e+00
 1.13796e+17	2.10e-03	6.62e-01	3.36e-01	1.67e-04	1.76e-05	0.00e+00	0.00e+00	0.00e+00	0.00e+00	0.00e+00	0.00e+00	0.00e+00	0.00e+00	0.00e+00	0.00e+00	0.00e+00	0.00e+00
 1.14699e+17	2.04e-03	6.59e-01	3.39e-01	1.63e-04	1.74e-05	0.00e+00	0.00e+00	0.00e+00	0.00e+00	0.00e+00	0.00e+00	0.00e+00	0.00e+00	0.00e+00	0.00e+00	0.00e+00	0.00e+00
 1.15631e+17	1.99e-03	6.57e-01	3.41e-01	1.59e-04	1.71e-05	0.00e+00	0.00e+00	0.00e+00	0.00e+00	0.00e+00	0.00e+00	0.00e+00	0.00e+00	0.00e+00	0.00e+00	0.00e+00	0.00e+00
 1.16595e+17	1.93e-03	6.54e-01	3.44e-01	1.55e-04	1.69e-05	0.00e+00	0.00e+00	0.00e+00	0.00e+00	0.00e+00	0.00e+00	0.00e+00	0.00e+00	0.00e+00	0.00e+00	0.00e+00	0.00e+00
 1.17583e+17	1.89e-03	6.52e-01	3.46e-01	1.51e-04	1.66e-05	0.00e+00	0.00e+00	0.00e+00	0.00e+00	0.00e+00	0.00e+00	0.00e+00	0.00e+00	0.00e+00	0.00e+00	0.00e+00	0.00e+00
 1.18620e+17	1.83e-03	6.49e-01	3.49e-01	1.48e-04	1.64e-05	0.00e+00	0.00e+00	0.00e+00	0.00e+00	0.00e+00	0.00e+00	0.00e+00	0.00e+00	0.00e+00	0.00e+00	0.00e+00	0.00e+00
 1.19719e+17	1.80e-03	6.48e-01	3.50e-01	1.44e-04	1.61e-05	0.00e+00	0.00e+00	0.00e+00	0.00e+00	0.00e+00	0.00e+00	0.00e+00	0.00e+00	0.00e+00	0.00e+00	0.00e+00	0.00e+00
 1.20834e+17	1.74e-03	6.44e-01	3.54e-01	1.41e-04	1.60e-05	0.00e+00	0.00e+00	0.00e+00	0.00e+00	0.00e+00	0.00e+00	0.00e+00	0.00e+00	0.00e+00	0.00e+00	0.00e+00	0.00e+00
 1.21905e+17	1.70e-03	6.42e-01	3.57e-01	1.38e-04	1.57e-05	0.00e+00	0.00e+00	0.00e+00	0.00e+00	0.00e+00	0.00e+00	0.00e+00	0.00e+00	0.00e+00	0.00e+00	0.00e+00	0.00e+00
 1.22981e+17	1.67e-03	6.41e-01	3.57e-01	1.35e-04	1.55e-05	0.00e+00	0.00e+00	0.00e+00	0.00e+00	0.00e+00	0.00e+00	0.00e+00	0.00e+00	0.00e+00	0.00e+00	0.00e+00	0.00e+00
 1.24246e+17	1.63e-03	6.38e-01	3.60e-01	1.32e-04	1.53e-05	0.00e+00	0.00e+00	0.00e+00	0.00e+00	0.00e+00	0.00e+00	0.00e+00	0.00e+00	0.00e+00	0.00e+00	0.00e+00	0.00e+00
 1.25677e+17	1.58e-03	6.35e-01	3.63e-01	1.29e-04	1.51e-05	0.00e+00	0.00e+00	0.00e+00	0.00e+00	0.00e+00	0.00e+00	0.00e+00	0.00e+00	0.00e+00	0.00e+00	0.00e+00	0.00e+00
 1.27135e+17	1.54e-03	6.33e-01	3.65e-01	1.25e-04	1.49e-05	0.00e+00	0.00e+00	0.00e+00	0.00e+00	0.00e+00	0.00e+00	0.00e+00	0.00e+00	0.00e+00	0.00e+00	0.00e+00	0.00e+00
 1.28584e+17	1.52e-03	6.32e-01	3.66e-01	1.23e-04	1.46e-05	0.00e+00	0.00e+00	0.00e+00	0.00e+00	0.00e+00	0.00e+00	0.00e+00	0.00e+00	0.00e+00	0.00e+00	0.00e+00	0.00e+00
 1.30215e+17	1.50e-03	6.31e-01	3.67e-01	1.20e-04	1.43e-05	0.00e+00	0.00e+00	0.00e+00	0.00e+00	0.00e+00	0.00e+00	0.00e+00	0.00e+00	0.00e+00	0.00e+00	0.00e+00	0.00e+00
 1.32249e+17	1.45e-03	6.28e-01	3.70e-01	1.16e-04	1.41e-05	0.00e+00	0.00e+00	0.00e+00	0.00e+00	0.00e+00	0.00e+00	0.00e+00	0.00e+00	0.00e+00	0.00e+00	0.00e+00	0.00e+00
 1.34254e+17	1.43e-03	6.28e-01	3.70e-01	1.13e-04	1.38e-05	0.00e+00	0.00e+00	0.00e+00	0.00e+00	0.00e+00	0.00e+00	0.00e+00	0.00e+00	0.00e+00	0.00e+00	0.00e+00	0.00e+00
 1.36186e+17	1.41e-03	6.27e-01	3.71e-01	1.10e-04	1.35e-05	0.00e+00	0.00e+00	0.00e+00	0.00e+00	0.00e+00	0.00e+00	0.00e+00	0.00e+00	0.00e+00	0.00e+00	0.00e+00	0.00e+00
 1.38408e+17	1.38e-03	6.27e-01	3.72e-01	1.07e-04	1.32e-05	0.00e+00	0.00e+00	0.00e+00	0.00e+00	0.00e+00	0.00e+00	0.00e+00	0.00e+00	0.00e+00	0.00e+00	0.00e+00	0.00e+00
 1.40816e+17	1.38e-03	6.28e-01	3.70e-01	1.03e-04	1.28e-05	0.00e+00	0.00e+00	0.00e+00	0.00e+00	0.00e+00	0.00e+00	0.00e+00	0.00e+00	0.00e+00	0.00e+00	0.00e+00	0.00e+00
 1.43453e+17	1.36e-03	6.28e-01	3.70e-01	1.00e-04	1.24e-05	0.00e+00	0.00e+00	0.00e+00	0.00e+00	0.00e+00	0.00e+00	0.00e+00	0.00e+00	0.00e+00	0.00e+00	0.00e+00	0.00e+00
 1.46216e+17	1.33e-03	6.28e-01	3.71e-01	9.67e-05	1.21e-05	0.00e+00	0.00e+00	0.00e+00	0.00e+00	0.00e+00	0.00e+00	0.00e+00	0.00e+00	0.00e+00	0.00e+00	0.00e+00	0.00e+00
 1.48744e+17	1.33e-03	6.29e-01	3.70e-01	9.36e-05	1.17e-05	0.00e+00	0.00e+00	0.00e+00	0.00e+00	0.00e+00	0.00e+00	0.00e+00	0.00e+00	0.00e+00	0.00e+00	0.00e+00	0.00e+00
 1.50990e+17	1.32e-03	6.30e-01	3.69e-01	9.10e-05	1.14e-05	0.00e+00	0.00e+00	0.00e+00	0.00e+00	0.00e+00	0.00e+00	0.00e+00	0.00e+00	0.00e+00	0.00e+00	0.00e+00	0.00e+00
 1.53117e+17	1.31e-03	6.31e-01	3.68e-01	8.85e-05	1.11e-05	0.00e+00	0.00e+00	0.00e+00	0.00e+00	0.00e+00	0.00e+00	0.00e+00	0.00e+00	0.00e+00	0.00e+00	0.00e+00	0.00e+00
 1.55205e+17	1.31e-03	6.32e-01	3.67e-01	8.60e-05	1.08e-05	0.00e+00	0.00e+00	0.00e+00	0.00e+00	0.00e+00	0.00e+00	0.00e+00	0.00e+00	0.00e+00	0.00e+00	0.00e+00	0.00e+00
 1.57231e+17	1.30e-03	6.33e-01	3.65e-01	8.36e-05	1.05e-05	0.00e+00	0.00e+00	0.00e+00	0.00e+00	0.00e+00	0.00e+00	0.00e+00	0.00e+00	0.00e+00	0.00e+00	0.00e+00	0.00e+00
 1.59151e+17	1.31e-03	6.36e-01	3.63e-01	8.13e-05	1.02e-05	0.00e+00	0.00e+00	0.00e+00	0.00e+00	0.00e+00	0.00e+00	0.00e+00	0.00e+00	0.00e+00	0.00e+00	0.00e+00	0.00e+00
 1.60967e+17	1.30e-03	6.36e-01	3.62e-01	7.92e-05	9.94e-06	0.00e+00	0.00e+00	0.00e+00	0.00e+00	0.00e+00	0.00e+00	0.00e+00	0.00e+00	0.00e+00	0.00e+00	0.00e+00	0.00e+00
 1.62700e+17	1.31e-03	6.39e-01	3.60e-01	7.71e-05	9.65e-06	0.00e+00	0.00e+00	0.00e+00	0.00e+00	0.00e+00	0.00e+00	0.00e+00	0.00e+00	0.00e+00	0.00e+00	0.00e+00	0.00e+00
 1.64382e+17	1.30e-03	6.39e-01	3.59e-01	7.52e-05	9.42e-06	0.00e+00	0.00e+00	0.00e+00	0.00e+00	0.00e+00	0.00e+00	0.00e+00	0.00e+00	0.00e+00	0.00e+00	0.00e+00	0.00e+00
 1.65998e+17	1.31e-03	6.42e-01	3.57e-01	7.33e-05	9.14e-06	0.00e+00	0.00e+00	0.00e+00	0.00e+00	0.00e+00	0.00e+00	0.00e+00	0.00e+00	0.00e+00	0.00e+00	0.00e+00	0.00e+00
 1.67514e+17	1.31e-03	6.43e-01	3.56e-01	7.15e-05	8.91e-06	0.00e+00	0.00e+00	0.00e+00	0.00e+00	0.00e+00	0.00e+00	0.00e+00	0.00e+00	0.00e+00	0.00e+00	0.00e+00	0.00e+00
 1.68940e+17	1.33e-03	6.46e-01	3.52e-01	6.98e-05	8.64e-06	0.00e+00	0.00e+00	0.00e+00	0.00e+00	0.00e+00	0.00e+00	0.00e+00	0.00e+00	0.00e+00	0.00e+00	0.00e+00	0.00e+00
 1.70408e+17	1.32e-03	6.47e-01	3.51e-01	6.80e-05	8.41e-06	0.00e+00	0.00e+00	0.00e+00	0.00e+00	0.00e+00	0.00e+00	0.00e+00	0.00e+00	0.00e+00	0.00e+00	0.00e+00	0.00e+00
 1.71823e+17	1.32e-03	6.49e-01	3.50e-01	6.64e-05	8.19e-06	0.00e+00	0.00e+00	0.00e+00	0.00e+00	0.00e+00	0.00e+00	0.00e+00	0.00e+00	0.00e+00	0.00e+00	0.00e+00	0.00e+00
 1.73024e+17	1.32e-03	6.49e-01	3.49e-01	6.50e-05	8.01e-06	0.00e+00	0.00e+00	0.00e+00	0.00e+00	0.00e+00	0.00e+00	0.00e+00	0.00e+00	0.00e+00	0.00e+00	0.00e+00	0.00e+00
 1.74116e+17	1.33e-03	6.51e-01	3.47e-01	6.36e-05	7.81e-06	0.00e+00	0.00e+00	0.00e+00	0.00e+00	0.00e+00	0.00e+00	0.00e+00	0.00e+00	0.00e+00	0.00e+00	0.00e+00	0.00e+00
 1.75192e+17	1.34e-03	6.54e-01	3.45e-01	6.26e-05	7.66e-06	0.00e+00	0.00e+00	0.00e+00	0.00e+00	0.00e+00	0.00e+00	0.00e+00	0.00e+00	0.00e+00	0.00e+00	0.00e+00	0.00e+00
 1.76449e+17	1.35e-03	6.56e-01	3.42e-01	6.07e-05	7.38e-06	0.00e+00	0.00e+00	0.00e+00	0.00e+00	0.00e+00	0.00e+00	0.00e+00	0.00e+00	0.00e+00	0.00e+00	0.00e+00	0.00e+00
 1.77659e+17	1.36e-03	6.58e-01	3.41e-01	5.91e-05	7.17e-06	0.00e+00	0.00e+00	0.00e+00	0.00e+00	0.00e+00	0.00e+00	0.00e+00	0.00e+00	0.00e+00	0.00e+00	0.00e+00	0.00e+00
 1.78563e+17	1.36e-03	6.59e-01	3.39e-01	5.80e-05	7.02e-06	0.00e+00	0.00e+00	0.00e+00	0.00e+00	0.00e+00	0.00e+00	0.00e+00	0.00e+00	0.00e+00	0.00e+00	0.00e+00	0.00e+00
 1.79377e+17	1.37e-03	6.61e-01	3.38e-01	5.72e-05	6.89e-06	0.00e+00	0.00e+00	0.00e+00	0.00e+00	0.00e+00	0.00e+00	0.00e+00	0.00e+00	0.00e+00	0.00e+00	0.00e+00	0.00e+00
 1.80321e+17	1.38e-03	6.63e-01	3.35e-01	5.57e-05	6.68e-06	0.00e+00	0.00e+00	0.00e+00	0.00e+00	0.00e+00	0.00e+00	0.00e+00	0.00e+00	0.00e+00	0.00e+00	0.00e+00	0.00e+00
 1.81267e+17	1.38e-03	6.65e-01	3.34e-01	5.44e-05	6.50e-06	0.00e+00	0.00e+00	0.00e+00	0.00e+00	0.00e+00	0.00e+00	0.00e+00	0.00e+00	0.00e+00	0.00e+00	0.00e+00	0.00e+00
 1.82014e+17	1.39e-03	6.66e-01	3.32e-01	5.37e-05	6.39e-06	0.00e+00	0.00e+00	0.00e+00	0.00e+00	0.00e+00	0.00e+00	0.00e+00	0.00e+00	0.00e+00	0.00e+00	0.00e+00	0.00e+00
 1.82783e+17	1.40e-03	6.68e-01	3.30e-01	5.24e-05	6.21e-06	0.00e+00	0.00e+00	0.00e+00	0.00e+00	0.00e+00	0.00e+00	0.00e+00	0.00e+00	0.00e+00	0.00e+00	0.00e+00	0.00e+00
 1.83556e+17	1.41e-03	6.70e-01	3.28e-01	5.13e-05	6.04e-06	0.00e+00	0.00e+00	0.00e+00	0.00e+00	0.00e+00	0.00e+00	0.00e+00	0.00e+00	0.00e+00	0.00e+00	0.00e+00	0.00e+00
 1.84190e+17	1.42e-03	6.72e-01	3.27e-01	5.06e-05	5.94e-06	0.00e+00	0.00e+00	0.00e+00	0.00e+00	0.00e+00	0.00e+00	0.00e+00	0.00e+00	0.00e+00	0.00e+00	0.00e+00	0.00e+00
 1.84850e+17	1.43e-03	6.74e-01	3.24e-01	4.94e-05	5.77e-06	0.00e+00	0.00e+00	0.00e+00	0.00e+00	0.00e+00	0.00e+00	0.00e+00	0.00e+00	0.00e+00	0.00e+00	0.00e+00	0.00e+00
 1.85505e+17	1.44e-03	6.75e-01	3.24e-01	4.87e-05	5.67e-06	0.00e+00	0.00e+00	0.00e+00	0.00e+00	0.00e+00	0.00e+00	0.00e+00	0.00e+00	0.00e+00	0.00e+00	0.00e+00	0.00e+00
 1.86126e+17	1.45e-03	6.77e-01	3.21e-01	4.75e-05	5.50e-06	0.00e+00	0.00e+00	0.00e+00	0.00e+00	0.00e+00	0.00e+00	0.00e+00	0.00e+00	0.00e+00	0.00e+00	0.00e+00	0.00e+00
 1.86712e+17	1.46e-03	6.79e-01	3.20e-01	4.68e-05	5.40e-06	0.00e+00	0.00e+00	0.00e+00	0.00e+00	0.00e+00	0.00e+00	0.00e+00	0.00e+00	0.00e+00	0.00e+00	0.00e+00	0.00e+00
 1.87292e+17	1.46e-03	6.79e-01	3.20e-01	4.64e-05	5.35e-06	0.00e+00	0.00e+00	0.00e+00	0.00e+00	0.00e+00	0.00e+00	0.00e+00	0.00e+00	0.00e+00	0.00e+00	0.00e+00	0.00e+00
 1.88037e+17	1.47e-03	6.82e-01	3.17e-01	4.52e-05	5.18e-06	0.00e+00	0.00e+00	0.00e+00	0.00e+00	0.00e+00	0.00e+00	0.00e+00	0.00e+00	0.00e+00	0.00e+00	0.00e+00	0.00e+00
 1.88753e+17	1.49e-03	6.84e-01	3.15e-01	4.41e-05	5.01e-06	0.00e+00	0.00e+00	0.00e+00	0.00e+00	0.00e+00	0.00e+00	0.00e+00	0.00e+00	0.00e+00	0.00e+00	0.00e+00	0.00e+00
 1.89249e+17	1.49e-03	6.85e-01	3.14e-01	4.35e-05	4.93e-06	0.00e+00	0.00e+00	0.00e+00	0.00e+00	0.00e+00	0.00e+00	0.00e+00	0.00e+00	0.00e+00	0.00e+00	0.00e+00	0.00e+00
 1.89704e+17	1.49e-03	6.85e-01	3.13e-01	4.29e-05	4.86e-06	0.00e+00	0.00e+00	0.00e+00	0.00e+00	0.00e+00	0.00e+00	0.00e+00	0.00e+00	0.00e+00	0.00e+00	0.00e+00	0.00e+00
 1.90232e+17	1.52e-03	6.89e-01	3.09e-01	4.18e-05	4.68e-06	0.00e+00	0.00e+00	0.00e+00	0.00e+00	0.00e+00	0.00e+00	0.00e+00	0.00e+00	0.00e+00	0.00e+00	0.00e+00	0.00e+00
 1.90700e+17	1.54e-03	6.91e-01	3.07e-01	4.08e-05	4.55e-06	0.00e+00	0.00e+00	0.00e+00	0.00e+00	0.00e+00	0.00e+00	0.00e+00	0.00e+00	0.00e+00	0.00e+00	0.00e+00	0.00e+00
 1.91038e+17	1.53e-03	6.91e-01	3.07e-01	4.05e-05	4.50e-06	0.00e+00	0.00e+00	0.00e+00	0.00e+00	0.00e+00	0.00e+00	0.00e+00	0.00e+00	0.00e+00	0.00e+00	0.00e+00	0.00e+00
 1.91366e+17	1.54e-03	6.93e-01	3.06e-01	4.00e-05	4.43e-06	0.00e+00	0.00e+00	0.00e+00	0.00e+00	0.00e+00	0.00e+00	0.00e+00	0.00e+00	0.00e+00	0.00e+00	0.00e+00	0.00e+00
 1.91793e+17	1.57e-03	6.96e-01	3.02e-01	3.89e-05	4.27e-06	0.00e+00	0.00e+00	0.00e+00	0.00e+00	0.00e+00	0.00e+00	0.00e+00	0.00e+00	0.00e+00	0.00e+00	0.00e+00	0.00e+00
 1.92188e+17	1.58e-03	6.97e-01	3.01e-01	3.79e-05	4.14e-06	0.00e+00	0.00e+00	0.00e+00	0.00e+00	0.00e+00	0.00e+00	0.00e+00	0.00e+00	0.00e+00	0.00e+00	0.00e+00	0.00e+00
 1.92435e+17	1.60e-03	7.00e-01	2.98e-01	3.76e-05	4.08e-06	0.00e+00	0.00e+00	0.00e+00	0.00e+00	0.00e+00	0.00e+00	0.00e+00	0.00e+00	0.00e+00	0.00e+00	0.00e+00	0.00e+00
 1.92651e+17	1.61e-03	7.01e-01	2.97e-01	3.72e-05	4.02e-06	0.00e+00	0.00e+00	0.00e+00	0.00e+00	0.00e+00	0.00e+00	0.00e+00	0.00e+00	0.00e+00	0.00e+00	0.00e+00	0.00e+00
 1.92930e+17	1.61e-03	7.02e-01	2.97e-01	3.67e-05	3.96e-06	0.00e+00	0.00e+00	0.00e+00	0.00e+00	0.00e+00	0.00e+00	0.00e+00	0.00e+00	0.00e+00	0.00e+00	0.00e+00	0.00e+00
 1.93236e+17	1.64e-03	7.05e-01	2.94e-01	3.57e-05	3.82e-06	0.00e+00	0.00e+00	0.00e+00	0.00e+00	0.00e+00	0.00e+00	0.00e+00	0.00e+00	0.00e+00	0.00e+00	0.00e+00	0.00e+00
 1.93475e+17	1.65e-03	7.06e-01	2.92e-01	3.53e-05	3.75e-06	0.00e+00	0.00e+00	0.00e+00	0.00e+00	0.00e+00	0.00e+00	0.00e+00	0.00e+00	0.00e+00	0.00e+00	0.00e+00	0.00e+00
 1.93668e+17	1.65e-03	7.07e-01	2.91e-01	3.48e-05	3.69e-06	0.00e+00	0.00e+00	0.00e+00	0.00e+00	0.00e+00	0.00e+00	0.00e+00	0.00e+00	0.00e+00	0.00e+00	0.00e+00	0.00e+00
 1.93888e+17	1.66e-03	7.08e-01	2.90e-01	3.43e-05	3.63e-06	0.00e+00	0.00e+00	0.00e+00	0.00e+00	0.00e+00	0.00e+00	0.00e+00	0.00e+00	0.00e+00	0.00e+00	0.00e+00	0.00e+00
 1.94130e+17	1.70e-03	7.12e-01	2.86e-01	3.34e-05	3.48e-06	0.00e+00	0.00e+00	0.00e+00	0.00e+00	0.00e+00	0.00e+00	0.00e+00	0.00e+00	0.00e+00	0.00e+00	0.00e+00	0.00e+00
 1.94327e+17	1.72e-03	7.14e-01	2.84e-01	3.26e-05	3.38e-06	0.00e+00	0.00e+00	0.00e+00	0.00e+00	0.00e+00	0.00e+00	0.00e+00	0.00e+00	0.00e+00	0.00e+00	0.00e+00	0.00e+00
 1.94450e+17	1.73e-03	7.15e-01	2.83e-01	3.23e-05	3.34e-06	0.00e+00	0.00e+00	0.00e+00	0.00e+00	0.00e+00	0.00e+00	0.00e+00	0.00e+00	0.00e+00	0.00e+00	0.00e+00	0.00e+00
 1.94563e+17	1.74e-03	7.17e-01	2.82e-01	3.21e-05	3.30e-06	0.00e+00	0.00e+00	0.00e+00	0.00e+00	0.00e+00	0.00e+00	0.00e+00	0.00e+00	0.00e+00	0.00e+00	0.00e+00	0.00e+00
 1.94710e+17	1.75e-03	7.17e-01	2.81e-01	3.17e-05	3.25e-06	0.00e+00	0.00e+00	0.00e+00	0.00e+00	0.00e+00	0.00e+00	0.00e+00	0.00e+00	0.00e+00	0.00e+00	0.00e+00	0.00e+00
 1.94894e+17	1.78e-03	7.21e-01	2.77e-01	3.09e-05	3.13e-06	0.00e+00	0.00e+00	0.00e+00	0.00e+00	0.00e+00	0.00e+00	0.00e+00	0.00e+00	0.00e+00	0.00e+00	0.00e+00	0.00e+00
 1.95061e+17	1.81e-03	7.23e-01	2.75e-01	3.01e-05	3.03e-06	0.00e+00	0.00e+00	0.00e+00	0.00e+00	0.00e+00	0.00e+00	0.00e+00	0.00e+00	0.00e+00	0.00e+00	0.00e+00	0.00e+00
 1.95166e+17	1.82e-03	7.25e-01	2.73e-01	2.98e-05	2.98e-06	0.00e+00	0.00e+00	0.00e+00	0.00e+00	0.00e+00	0.00e+00	0.00e+00	0.00e+00	0.00e+00	0.00e+00	0.00e+00	0.00e+00
 1.95258e+17	1.83e-03	7.26e-01	2.72e-01	2.95e-05	2.94e-06	0.00e+00	0.00e+00	0.00e+00	0.00e+00	0.00e+00	0.00e+00	0.00e+00	0.00e+00	0.00e+00	0.00e+00	0.00e+00	0.00e+00
 1.95378e+17	1.85e-03	7.28e-01	2.71e-01	2.91e-05	2.89e-06	0.00e+00	0.00e+00	0.00e+00	0.00e+00	0.00e+00	0.00e+00	0.00e+00	0.00e+00	0.00e+00	0.00e+00	0.00e+00	0.00e+00
 1.95520e+17	1.88e-03	7.30e-01	2.68e-01	2.84e-05	2.79e-06	0.00e+00	0.00e+00	0.00e+00	0.00e+00	0.00e+00	0.00e+00	0.00e+00	0.00e+00	0.00e+00	0.00e+00	0.00e+00	0.00e+00
 1.95645e+17	1.89e-03	7.32e-01	2.67e-01	2.80e-05	2.74e-06	0.00e+00	0.00e+00	0.00e+00	0.00e+00	0.00e+00	0.00e+00	0.00e+00	0.00e+00	0.00e+00	0.00e+00	0.00e+00	0.00e+00
 1.95756e+17	1.92e-03	7.35e-01	2.63e-01	2.73e-05	2.64e-06	0.00e+00	0.00e+00	0.00e+00	0.00e+00	0.00e+00	0.00e+00	0.00e+00	0.00e+00	0.00e+00	0.00e+00	0.00e+00	0.00e+00
 1.95857e+17	1.95e-03	7.37e-01	2.61e-01	2.66e-05	2.55e-06	0.00e+00	0.00e+00	0.00e+00	0.00e+00	0.00e+00	0.00e+00	0.00e+00	0.00e+00	0.00e+00	0.00e+00	0.00e+00	0.00e+00
 1.95927e+17	1.97e-03	7.39e-01	2.59e-01	2.63e-05	2.51e-06	0.00e+00	0.00e+00	0.00e+00	0.00e+00	0.00e+00	0.00e+00	0.00e+00	0.00e+00	0.00e+00	0.00e+00	0.00e+00	0.00e+00
 1.95978e+17	1.99e-03	7.41e-01	2.57e-01	2.60e-05	2.47e-06	0.00e+00	0.00e+00	0.00e+00	0.00e+00	0.00e+00	0.00e+00	0.00e+00	0.00e+00	0.00e+00	0.00e+00	0.00e+00	0.00e+00
 1.96018e+17	2.00e-03	7.42e-01	2.56e-01	2.58e-05	2.43e-06	0.00e+00	0.00e+00	0.00e+00	0.00e+00	0.00e+00	0.00e+00	0.00e+00	0.00e+00	0.00e+00	0.00e+00	0.00e+00	0.00e+00
 1.96056e+17	2.01e-03	7.43e-01	2.55e-01	2.56e-05	2.40e-06	0.00e+00	0.00e+00	0.00e+00	0.00e+00	0.00e+00	0.00e+00	0.00e+00	0.00e+00	0.00e+00	0.00e+00	0.00e+00	0.00e+00
 1.96094e+17	2.02e-03	7.43e-01	2.55e-01	2.53e-05	2.38e-06	0.00e+00	0.00e+00	0.00e+00	0.00e+00	0.00e+00	0.00e+00	0.00e+00	0.00e+00	0.00e+00	0.00e+00	0.00e+00	0.00e+00
 1.96134e+17	2.05e-03	7.45e-01	2.53e-01	2.51e-05	2.34e-06	0.00e+00	0.00e+00	0.00e+00	0.00e+00	0.00e+00	0.00e+00	0.00e+00	0.00e+00	0.00e+00	0.00e+00	0.00e+00	0.00e+00
 1.96177e+17	2.05e-03	7.46e-01	2.52e-01	2.49e-05	2.31e-06	0.00e+00	0.00e+00	0.00e+00	0.00e+00	0.00e+00	0.00e+00	0.00e+00	0.00e+00	0.00e+00	0.00e+00	0.00e+00	0.00e+00
 1.96223e+17	2.07e-03	7.48e-01	2.50e-01	2.46e-05	2.27e-06	0.00e+00	0.00e+00	0.00e+00	0.00e+00	0.00e+00	0.00e+00	0.00e+00	0.00e+00	0.00e+00	0.00e+00	0.00e+00	0.00e+00
 1.96263e+17	2.08e-03	7.48e-01	2.50e-01	2.43e-05	2.24e-06	0.00e+00	0.00e+00	0.00e+00	0.00e+00	0.00e+00	0.00e+00	0.00e+00	0.00e+00	0.00e+00	0.00e+00	0.00e+00	0.00e+00
 1.96294e+17	2.10e-03	7.50e-01	2.48e-01	2.40e-05	2.20e-06	0.00e+00	0.00e+00	0.00e+00	0.00e+00	0.00e+00	0.00e+00	0.00e+00	0.00e+00	0.00e+00	0.00e+00	0.00e+00	0.00e+00
 1.96321e+17	2.14e-03	7.53e-01	2.45e-01	2.37e-05	2.15e-06	0.00e+00	0.00e+00	0.00e+00	0.00e+00	0.00e+00	0.00e+00	0.00e+00	0.00e+00	0.00e+00	0.00e+00	0.00e+00	0.00e+00
 1.96350e+17	2.14e-03	7.53e-01	2.44e-01	2.34e-05	2.12e-06	0.00e+00	0.00e+00	0.00e+00	0.00e+00	0.00e+00	0.00e+00	0.00e+00	0.00e+00	0.00e+00	0.00e+00	0.00e+00	0.00e+00
 1.96381e+17	2.16e-03	7.55e-01	2.43e-01	2.32e-05	2.09e-06	0.00e+00	0.00e+00	0.00e+00	0.00e+00	0.00e+00	0.00e+00	0.00e+00	0.00e+00	0.00e+00	0.00e+00	0.00e+00	0.00e+00
 1.96413e+17	2.18e-03	7.56e-01	2.42e-01	2.29e-05	2.05e-06	0.00e+00	0.00e+00	0.00e+00	0.00e+00	0.00e+00	0.00e+00	0.00e+00	0.00e+00	0.00e+00	0.00e+00	0.00e+00	0.00e+00
 1.96448e+17	2.19e-03	7.57e-01	2.40e-01	2.27e-05	2.02e-06	0.00e+00	0.00e+00	0.00e+00	0.00e+00	0.00e+00	0.00e+00	0.00e+00	0.00e+00	0.00e+00	0.00e+00	0.00e+00	0.00e+00
 1.96487e+17	2.21e-03	7.59e-01	2.39e-01	2.24e-05	1.99e-06	0.00e+00	0.00e+00	0.00e+00	0.00e+00	0.00e+00	0.00e+00	0.00e+00	0.00e+00	0.00e+00	0.00e+00	0.00e+00	0.00e+00
 1.96530e+17	2.22e-03	7.59e-01	2.38e-01	2.21e-05	1.96e-06	0.00e+00	0.00e+00	0.00e+00	0.00e+00	0.00e+00	0.00e+00	0.00e+00	0.00e+00	0.00e+00	0.00e+00	0.00e+00	0.00e+00
 1.96573e+17	2.26e-03	7.63e-01	2.35e-01	2.15e-05	1.88e-06	0.00e+00	0.00e+00	0.00e+00	0.00e+00	0.00e+00	0.00e+00	0.00e+00	0.00e+00	0.00e+00	0.00e+00	0.00e+00	0.00e+00
 1.96613e+17	2.30e-03	7.66e-01	2.32e-01	2.09e-05	1.81e-06	0.00e+00	0.00e+00	0.00e+00	0.00e+00	0.00e+00	0.00e+00	0.00e+00	0.00e+00	0.00e+00	0.00e+00	0.00e+00	0.00e+00
 1.96649e+17	2.38e-03	7.71e-01	2.27e-01	2.01e-05	1.70e-06	0.00e+00	0.00e+00	0.00e+00	0.00e+00	0.00e+00	0.00e+00	0.00e+00	0.00e+00	0.00e+00	0.00e+00	0.00e+00	0.00e+00
 1.96681e+17	2.48e-03	7.78e-01	2.20e-01	1.90e-05	1.57e-06	0.00e+00	0.00e+00	0.00e+00	0.00e+00	0.00e+00	0.00e+00	0.00e+00	0.00e+00	0.00e+00	0.00e+00	0.00e+00	0.00e+00
 1.96711e+17	2.95e-03	8.05e-01	1.92e-01	1.44e-05	1.07e-06	0.00e+00	0.00e+00	0.00e+00	0.00e+00	0.00e+00	0.00e+00	0.00e+00	0.00e+00	0.00e+00	0.00e+00	0.00e+00	0.00e+00
 1.96739e+17	3.12e-03	8.14e-01	1.83e-01	1.32e-05	9.49e-07	0.00e+00	0.00e+00	0.00e+00	0.00e+00	0.00e+00	0.00e+00	0.00e+00	0.00e+00	0.00e+00	0.00e+00	0.00e+00	0.00e+00
 1.96763e+17	3.21e-03	8.18e-01	1.79e-01	1.27e-05	0.00e+00	0.00e+00	0.00e+00	0.00e+00	0.00e+00	0.00e+00	0.00e+00	0.00e+00	0.00e+00	0.00e+00	0.00e+00	0.00e+00	0.00e+00
 1.96786e+17	3.25e-03	8.20e-01	1.76e-01	1.24e-05	0.00e+00	0.00e+00	0.00e+00	0.00e+00	0.00e+00	0.00e+00	0.00e+00	0.00e+00	0.00e+00	0.00e+00	0.00e+00	0.00e+00	0.00e+00
 1.96807e+17	3.31e-03	8.23e-01	1.74e-01	1.20e-05	0.00e+00	0.00e+00	0.00e+00	0.00e+00	0.00e+00	0.00e+00	0.00e+00	0.00e+00	0.00e+00	0.00e+00	0.00e+00	0.00e+00	0.00e+00
 1.96828e+17	3.38e-03	8.26e-01	1.71e-01	1.17e-05	0.00e+00	0.00e+00	0.00e+00	0.00e+00	0.00e+00	0.00e+00	0.00e+00	0.00e+00	0.00e+00	0.00e+00	0.00e+00	0.00e+00	0.00e+00
 1.96853e+17	3.40e-03	8.27e-01	1.70e-01	1.16e-05	0.00e+00	0.00e+00	0.00e+00	0.00e+00	0.00e+00	0.00e+00	0.00e+00	0.00e+00	0.00e+00	0.00e+00	0.00e+00	0.00e+00	0.00e+00
 1.96886e+17	3.45e-03	8.29e-01	1.67e-01	1.13e-05	0.00e+00	0.00e+00	0.00e+00	0.00e+00	0.00e+00	0.00e+00	0.00e+00	0.00e+00	0.00e+00	0.00e+00	0.00e+00	0.00e+00	0.00e+00
 1.96924e+17	3.52e-03	8.32e-01	1.64e-01	1.10e-05	0.00e+00	0.00e+00	0.00e+00	0.00e+00	0.00e+00	0.00e+00	0.00e+00	0.00e+00	0.00e+00	0.00e+00	0.00e+00	0.00e+00	0.00e+00
 1.96963e+17	3.60e-03	8.36e-01	1.61e-01	1.05e-05	0.00e+00	0.00e+00	0.00e+00	0.00e+00	0.00e+00	0.00e+00	0.00e+00	0.00e+00	0.00e+00	0.00e+00	0.00e+00	0.00e+00	0.00e+00
 1.96997e+17	3.63e-03	8.37e-01	1.59e-01	1.04e-05	0.00e+00	0.00e+00	0.00e+00	0.00e+00	0.00e+00	0.00e+00	0.00e+00	0.00e+00	0.00e+00	0.00e+00	0.00e+00	0.00e+00	0.00e+00
 1.97035e+17	3.70e-03	8.40e-01	1.57e-01	1.01e-05	0.00e+00	0.00e+00	0.00e+00	0.00e+00	0.00e+00	0.00e+00	0.00e+00	0.00e+00	0.00e+00	0.00e+00	0.00e+00	0.00e+00	0.00e+00
 1.97076e+17	3.76e-03	8.42e-01	1.54e-01	9.82e-06	0.00e+00	0.00e+00	0.00e+00	0.00e+00	0.00e+00	0.00e+00	0.00e+00	0.00e+00	0.00e+00	0.00e+00	0.00e+00	0.00e+00	0.00e+00
 1.97116e+17	3.83e-03	8.45e-01	1.51e-01	9.57e-06	0.00e+00	0.00e+00	0.00e+00	0.00e+00	0.00e+00	0.00e+00	0.00e+00	0.00e+00	0.00e+00	0.00e+00	0.00e+00	0.00e+00	0.00e+00
 1.97159e+17	3.89e-03	8.47e-01	1.49e-01	9.33e-06	0.00e+00	0.00e+00	0.00e+00	0.00e+00	0.00e+00	0.00e+00	0.00e+00	0.00e+00	0.00e+00	0.00e+00	0.00e+00	0.00e+00	0.00e+00
 1.97209e+17	3.95e-03	8.50e-01	1.46e-01	9.09e-06	0.00e+00	0.00e+00	0.00e+00	0.00e+00	0.00e+00	0.00e+00	0.00e+00	0.00e+00	0.00e+00	0.00e+00	0.00e+00	0.00e+00	0.00e+00
 1.97263e+17	4.02e-03	8.52e-01	1.44e-01	8.83e-06	0.00e+00	0.00e+00	0.00e+00	0.00e+00	0.00e+00	0.00e+00	0.00e+00	0.00e+00	0.00e+00	0.00e+00	0.00e+00	0.00e+00	0.00e+00
 1.97316e+17	4.10e-03	8.55e-01	1.41e-01	8.58e-06	0.00e+00	0.00e+00	0.00e+00	0.00e+00	0.00e+00	0.00e+00	0.00e+00	0.00e+00	0.00e+00	0.00e+00	0.00e+00	0.00e+00	0.00e+00
 1.97365e+17	4.16e-03	8.58e-01	1.38e-01	8.36e-06	0.00e+00	0.00e+00	0.00e+00	0.00e+00	0.00e+00	0.00e+00	0.00e+00	0.00e+00	0.00e+00	0.00e+00	0.00e+00	0.00e+00	0.00e+00
 1.97412e+17	4.19e-03	8.59e-01	1.37e-01	8.26e-06	0.00e+00	0.00e+00	0.00e+00	0.00e+00	0.00e+00	0.00e+00	0.00e+00	0.00e+00	0.00e+00	0.00e+00	0.00e+00	0.00e+00	0.00e+00
 1.97470e+17	4.26e-03	8.61e-01	1.35e-01	8.05e-06	0.00e+00	0.00e+00	0.00e+00	0.00e+00	0.00e+00	0.00e+00	0.00e+00	0.00e+00	0.00e+00	0.00e+00	0.00e+00	0.00e+00	0.00e+00
 1.97537e+17	4.33e-03	8.64e-01	1.32e-01	7.82e-06	0.00e+00	0.00e+00	0.00e+00	0.00e+00	0.00e+00	0.00e+00	0.00e+00	0.00e+00	0.00e+00	0.00e+00	0.00e+00	0.00e+00	0.00e+00
 1.97604e+17	4.42e-03	8.67e-01	1.29e-01	7.58e-06	0.00e+00	0.00e+00	0.00e+00	0.00e+00	0.00e+00	0.00e+00	0.00e+00	0.00e+00	0.00e+00	0.00e+00	0.00e+00	0.00e+00	0.00e+00
 1.97664e+17	4.50e-03	8.69e-01	1.26e-01	7.39e-06	0.00e+00	0.00e+00	0.00e+00	0.00e+00	0.00e+00	0.00e+00	0.00e+00	0.00e+00	0.00e+00	0.00e+00	0.00e+00	0.00e+00	0.00e+00
 1.97723e+17	4.53e-03	8.71e-01	1.25e-01	7.29e-06	0.00e+00	0.00e+00	0.00e+00	0.00e+00	0.00e+00	0.00e+00	0.00e+00	0.00e+00	0.00e+00	0.00e+00	0.00e+00	0.00e+00	0.00e+00
 1.97792e+17	4.61e-03	8.73e-01	1.22e-01	7.08e-06	0.00e+00	0.00e+00	0.00e+00	0.00e+00	0.00e+00	0.00e+00	0.00e+00	0.00e+00	0.00e+00	0.00e+00	0.00e+00	0.00e+00	0.00e+00
 1.97867e+17	4.69e-03	8.76e-01	1.19e-01	6.88e-06	0.00e+00	0.00e+00	0.00e+00	0.00e+00	0.00e+00	0.00e+00	0.00e+00	0.00e+00	0.00e+00	0.00e+00	0.00e+00	0.00e+00	0.00e+00
 1.97937e+17	4.77e-03	8.79e-01	1.16e-01	6.70e-06	0.00e+00	0.00e+00	0.00e+00	0.00e+00	0.00e+00	0.00e+00	0.00e+00	0.00e+00	0.00e+00	0.00e+00	0.00e+00	0.00e+00	0.00e+00
 1.98004e+17	4.81e-03	8.80e-01	1.15e-01	6.62e-06	0.00e+00	0.00e+00	0.00e+00	0.00e+00	0.00e+00	0.00e+00	0.00e+00	0.00e+00	0.00e+00	0.00e+00	0.00e+00	0.00e+00	0.00e+00
 1.98082e+17	4.89e-03	8.83e-01	1.12e-01	6.44e-06	0.00e+00	0.00e+00	0.00e+00	0.00e+00	0.00e+00	0.00e+00	0.00e+00	0.00e+00	0.00e+00	0.00e+00	0.00e+00	0.00e+00	0.00e+00
 1.98170e+17	4.98e-03	8.86e-01	1.09e-01	6.25e-06	0.00e+00	0.00e+00	0.00e+00	0.00e+00	0.00e+00	0.00e+00	0.00e+00	0.00e+00	0.00e+00	0.00e+00	0.00e+00	0.00e+00	0.00e+00
 1.98255e+17	5.07e-03	8.89e-01	1.06e-01	6.08e-06	0.00e+00	0.00e+00	0.00e+00	0.00e+00	0.00e+00	0.00e+00	0.00e+00	0.00e+00	0.00e+00	0.00e+00	0.00e+00	0.00e+00	0.00e+00
 1.98335e+17	5.12e-03	8.90e-01	1.04e-01	6.00e-06	0.00e+00	0.00e+00	0.00e+00	0.00e+00	0.00e+00	0.00e+00	0.00e+00	0.00e+00	0.00e+00	0.00e+00	0.00e+00	0.00e+00	0.00e+00
 1.98426e+17	5.22e-03	8.93e-01	1.01e-01	5.84e-06	0.00e+00	0.00e+00	0.00e+00	0.00e+00	0.00e+00	0.00e+00	0.00e+00	0.00e+00	0.00e+00	0.00e+00	0.00e+00	0.00e+00	0.00e+00
 1.98528e+17	5.31e-03	8.97e-01	9.81e-02	5.66e-06	0.00e+00	0.00e+00	0.00e+00	0.00e+00	0.00e+00	0.00e+00	0.00e+00	0.00e+00	0.00e+00	0.00e+00	0.00e+00	0.00e+00	0.00e+00
 1.98625e+17	5.42e-03	9.00e-01	9.48e-02	5.51e-06	0.00e+00	0.00e+00	0.00e+00	0.00e+00	0.00e+00	0.00e+00	0.00e+00	0.00e+00	0.00e+00	0.00e+00	0.00e+00	0.00e+00	0.00e+00
 1.98716e+17	5.47e-03	9.02e-01	9.28e-02	5.44e-06	0.00e+00	0.00e+00	0.00e+00	0.00e+00	0.00e+00	0.00e+00	0.00e+00	0.00e+00	0.00e+00	0.00e+00	0.00e+00	0.00e+00	0.00e+00
 1.98820e+17	5.57e-03	9.05e-01	8.97e-02	5.30e-06	0.00e+00	0.00e+00	0.00e+00	0.00e+00	0.00e+00	0.00e+00	0.00e+00	0.00e+00	0.00e+00	0.00e+00	0.00e+00	0.00e+00	0.00e+00
 1.98937e+17	5.67e-03	9.08e-01	8.61e-02	5.15e-06	0.00e+00	0.00e+00	0.00e+00	0.00e+00	0.00e+00	0.00e+00	0.00e+00	0.00e+00	0.00e+00	0.00e+00	0.00e+00	0.00e+00	0.00e+00
 1.99049e+17	5.77e-03	9.12e-01	8.27e-02	5.03e-06	0.00e+00	0.00e+00	0.00e+00	0.00e+00	0.00e+00	0.00e+00	0.00e+00	0.00e+00	0.00e+00	0.00e+00	0.00e+00	0.00e+00	0.00e+00
 1.99152e+17	5.84e-03	9.14e-01	8.03e-02	4.97e-06	0.00e+00	0.00e+00	0.00e+00	0.00e+00	0.00e+00	0.00e+00	0.00e+00	0.00e+00	0.00e+00	0.00e+00	0.00e+00	0.00e+00	0.00e+00
 1.99266e+17	5.90e-03	9.16e-01	7.77e-02	4.90e-06	0.00e+00	0.00e+00	0.00e+00	0.00e+00	0.00e+00	0.00e+00	0.00e+00	0.00e+00	0.00e+00	0.00e+00	0.00e+00	0.00e+00	0.00e+00
 1.99414e+17	6.02e-03	9.21e-01	7.34e-02	4.78e-06	0.00e+00	0.00e+00	0.00e+00	0.00e+00	0.00e+00	0.00e+00	0.00e+00	0.00e+00	0.00e+00	0.00e+00	0.00e+00	0.00e+00	0.00e+00
 1.99573e+17	6.15e-03	9.25e-01	6.86e-02	4.68e-06	0.00e+00	0.00e+00	0.00e+00	0.00e+00	0.00e+00	0.00e+00	0.00e+00	0.00e+00	0.00e+00	0.00e+00	0.00e+00	0.00e+00	0.00e+00
 1.99706e+17	6.23e-03	9.29e-01	6.51e-02	4.63e-06	0.00e+00	0.00e+00	0.00e+00	0.00e+00	0.00e+00	0.00e+00	0.00e+00	0.00e+00	0.00e+00	0.00e+00	0.00e+00	0.00e+00	0.00e+00
 1.99821e+17	6.28e-03	9.31e-01	6.24e-02	4.60e-06	0.00e+00	0.00e+00	0.00e+00	0.00e+00	0.00e+00	0.00e+00	0.00e+00	0.00e+00	0.00e+00	0.00e+00	0.00e+00	0.00e+00	0.00e+00
 1.99949e+17	6.35e-03	9.34e-01	5.94e-02	4.56e-06	0.00e+00	0.00e+00	0.00e+00	0.00e+00	0.00e+00	0.00e+00	0.00e+00	0.00e+00	0.00e+00	0.00e+00	0.00e+00	0.00e+00	0.00e+00
 2.00101e+17	6.40e-03	9.38e-01	5.58e-02	4.51e-06	0.00e+00	0.00e+00	0.00e+00	0.00e+00	0.00e+00	0.00e+00	0.00e+00	0.00e+00	0.00e+00	0.00e+00	0.00e+00	0.00e+00	0.00e+00
 2.00258e+17	6.51e-03	9.42e-01	5.13e-02	4.46e-06	0.00e+00	0.00e+00	0.00e+00	0.00e+00	0.00e+00	0.00e+00	0.00e+00	0.00e+00	0.00e+00	0.00e+00	0.00e+00	0.00e+00	0.00e+00
 2.00389e+17	6.56e-03	9.46e-01	4.76e-02	4.43e-06	0.00e+00	0.00e+00	0.00e+00	0.00e+00	0.00e+00	0.00e+00	0.00e+00	0.00e+00	0.00e+00	0.00e+00	0.00e+00	0.00e+00	0.00e+00
 2.00493e+17	6.62e-03	9.48e-01	4.50e-02	4.42e-06	0.00e+00	0.00e+00	0.00e+00	0.00e+00	0.00e+00	0.00e+00	0.00e+00	0.00e+00	0.00e+00	0.00e+00	0.00e+00	0.00e+00	0.00e+00
 2.00597e+17	6.64e-03	9.51e-01	4.28e-02	4.41e-06	0.00e+00	0.00e+00	0.00e+00	0.00e+00	0.00e+00	0.00e+00	0.00e+00	0.00e+00	0.00e+00	0.00e+00	0.00e+00	0.00e+00	0.00e+00
 2.00727e+17	6.69e-03	9.54e-01	3.97e-02	4.38e-06	0.00e+00	0.00e+00	0.00e+00	0.00e+00	0.00e+00	0.00e+00	0.00e+00	0.00e+00	0.00e+00	0.00e+00	0.00e+00	0.00e+00	0.00e+00
 2.00872e+17	6.78e-03	9.57e-01	3.57e-02	4.34e-06	0.00e+00	0.00e+00	0.00e+00	0.00e+00	0.00e+00	0.00e+00	0.00e+00	0.00e+00	0.00e+00	0.00e+00	0.00e+00	0.00e+00	0.00e+00
 2.00994e+17	6.84e-03	9.61e-01	3.22e-02	4.32e-06	0.00e+00	0.00e+00	0.00e+00	0.00e+00	0.00e+00	0.00e+00	0.00e+00	0.00e+00	0.00e+00	0.00e+00	0.00e+00	0.00e+00	0.00e+00
 2.01083e+17	6.87e-03	9.63e-01	3.00e-02	4.31e-06	0.00e+00	0.00e+00	0.00e+00	0.00e+00	0.00e+00	0.00e+00	0.00e+00	0.00e+00	0.00e+00	0.00e+00	0.00e+00	0.00e+00	0.00e+00
 2.01165e+17	6.89e-03	9.65e-01	2.84e-02	4.31e-06	0.00e+00	0.00e+00	0.00e+00	0.00e+00	0.00e+00	0.00e+00	0.00e+00	0.00e+00	0.00e+00	0.00e+00	0.00e+00	0.00e+00	0.00e+00
 2.01266e+17	6.94e-03	9.67e-01	2.63e-02	4.30e-06	0.00e+00	0.00e+00	0.00e+00	0.00e+00	0.00e+00	0.00e+00	0.00e+00	0.00e+00	0.00e+00	0.00e+00	0.00e+00	0.00e+00	0.00e+00
 2.01384e+17	6.99e-03	9.70e-01	2.34e-02	4.26e-06	0.00e+00	0.00e+00	0.00e+00	0.00e+00	0.00e+00	0.00e+00	0.00e+00	0.00e+00	0.00e+00	0.00e+00	0.00e+00	0.00e+00	0.00e+00
 2.01491e+17	7.03e-03	9.72e-01	2.07e-02	4.22e-06	0.00e+00	0.00e+00	0.00e+00	0.00e+00	0.00e+00	0.00e+00	0.00e+00	0.00e+00	0.00e+00	0.00e+00	0.00e+00	0.00e+00	0.00e+00
 2.01571e+17	7.09e-03	9.74e-01	1.87e-02	4.19e-06	0.00e+00	0.00e+00	0.00e+00	0.00e+00	0.00e+00	0.00e+00	0.00e+00	0.00e+00	0.00e+00	0.00e+00	0.00e+00	0.00e+00	0.00e+00
 2.01624e+17	7.13e-03	9.75e-01	1.75e-02	4.17e-06	0.00e+00	0.00e+00	0.00e+00	0.00e+00	0.00e+00	0.00e+00	0.00e+00	0.00e+00	0.00e+00	0.00e+00	0.00e+00	0.00e+00	0.00e+00
 2.01656e+17	7.15e-03	9.76e-01	1.69e-02	4.17e-06	0.00e+00	0.00e+00	0.00e+00	0.00e+00	0.00e+00	0.00e+00	0.00e+00	0.00e+00	0.00e+00	0.00e+00	0.00e+00	0.00e+00	0.00e+00
 2.01684e+17	7.15e-03	9.76e-01	1.66e-02	4.17e-06	0.00e+00	0.00e+00	0.00e+00	0.00e+00	0.00e+00	0.00e+00	0.00e+00	0.00e+00	0.00e+00	0.00e+00	0.00e+00	0.00e+00	0.00e+00
 2.01720e+17	7.16e-03	9.77e-01	1.61e-02	4.17e-06	0.00e+00	0.00e+00	0.00e+00	0.00e+00	0.00e+00	0.00e+00	0.00e+00	0.00e+00	0.00e+00	0.00e+00	0.00e+00	0.00e+00	0.00e+00
 2.01766e+17	7.17e-03	9.77e-01	1.54e-02	4.16e-06	0.00e+00	0.00e+00	0.00e+00	0.00e+00	0.00e+00	0.00e+00	0.00e+00	0.00e+00	0.00e+00	0.00e+00	0.00e+00	0.00e+00	0.00e+00
 2.01816e+17	7.21e-03	9.79e-01	1.43e-02	4.12e-06	0.00e+00	0.00e+00	0.00e+00	0.00e+00	0.00e+00	0.00e+00	0.00e+00	0.00e+00	0.00e+00	0.00e+00	0.00e+00	0.00e+00	0.00e+00
 2.01855e+17	7.25e-03	9.79e-01	1.33e-02	4.09e-06	0.00e+00	0.00e+00	0.00e+00	0.00e+00	0.00e+00	0.00e+00	0.00e+00	0.00e+00	0.00e+00	0.00e+00	0.00e+00	0.00e+00	0.00e+00
 2.01879e+17	7.28e-03	9.80e-01	1.28e-02	4.07e-06	0.00e+00	0.00e+00	0.00e+00	0.00e+00	0.00e+00	0.00e+00	0.00e+00	0.00e+00	0.00e+00	0.00e+00	0.00e+00	0.00e+00	0.00e+00
 2.01899e+17	7.30e-03	9.80e-01	1.24e-02	4.05e-06	0.00e+00	0.00e+00	0.00e+00	0.00e+00	0.00e+00	0.00e+00	0.00e+00	0.00e+00	0.00e+00	0.00e+00	0.00e+00	0.00e+00	0.00e+00
 2.01923e+17	7.33e-03	9.81e-01	1.20e-02	4.03e-06	0.00e+00	0.00e+00	0.00e+00	0.00e+00	0.00e+00	0.00e+00	0.00e+00	0.00e+00	0.00e+00	0.00e+00	0.00e+00	0.00e+00	0.00e+00
 2.01955e+17	7.35e-03	9.81e-01	1.15e-02	4.00e-06	0.00e+00	0.00e+00	0.00e+00	0.00e+00	0.00e+00	0.00e+00	0.00e+00	0.00e+00	0.00e+00	0.00e+00	0.00e+00	0.00e+00	0.00e+00
 2.01991e+17	7.39e-03	9.82e-01	1.07e-02	3.96e-06	0.00e+00	0.00e+00	0.00e+00	0.00e+00	0.00e+00	0.00e+00	0.00e+00	0.00e+00	0.00e+00	0.00e+00	0.00e+00	0.00e+00	0.00e+00
 2.02022e+17	7.50e-03	9.83e-01	9.74e-03	3.87e-06	0.00e+00	0.00e+00	0.00e+00	0.00e+00	0.00e+00	0.00e+00	0.00e+00	0.00e+00	0.00e+00	0.00e+00	0.00e+00	0.00e+00	0.00e+00
 2.02046e+17	7.57e-03	9.83e-01	8.99e-03	3.80e-06	0.00e+00	0.00e+00	0.00e+00	0.00e+00	0.00e+00	0.00e+00	0.00e+00	0.00e+00	0.00e+00	0.00e+00	0.00e+00	0.00e+00	0.00e+00
 2.02065e+17	7.62e-03	9.84e-01	8.52e-03	3.76e-06	0.00e+00	0.00e+00	0.00e+00	0.00e+00	0.00e+00	0.00e+00	0.00e+00	0.00e+00	0.00e+00	0.00e+00	0.00e+00	0.00e+00	0.00e+00
 2.02078e+17	7.67e-03	9.84e-01	8.21e-03	3.73e-06	0.00e+00	0.00e+00	0.00e+00	0.00e+00	0.00e+00	0.00e+00	0.00e+00	0.00e+00	0.00e+00	0.00e+00	0.00e+00	0.00e+00	0.00e+00
 2.02092e+17	7.69e-03	9.84e-01	7.93e-03	3.70e-06	0.00e+00	0.00e+00	0.00e+00	0.00e+00	0.00e+00	0.00e+00	0.00e+00	0.00e+00	0.00e+00	0.00e+00	0.00e+00	0.00e+00	0.00e+00
 2.02110e+17	7.75e-03	9.85e-01	7.57e-03	3.66e-06	0.00e+00	0.00e+00	0.00e+00	0.00e+00	0.00e+00	0.00e+00	0.00e+00	0.00e+00	0.00e+00	0.00e+00	0.00e+00	0.00e+00	0.00e+00
 2.02131e+17	7.78e-03	9.85e-01	7.19e-03	3.63e-06	0.00e+00	0.00e+00	0.00e+00	0.00e+00	0.00e+00	0.00e+00	0.00e+00	0.00e+00	0.00e+00	0.00e+00	0.00e+00	0.00e+00	0.00e+00
