#depth	N  1	N  2	N  3	N  4	N  5	N  6	N  7	N  8
 5.03285e+12	3.35e-02	9.05e-01	6.09e-02	2.22e-04	5.26e-07	0.00e+00	0.00e+00	0.00e+00
 3.01971e+13	3.36e-02	9.05e-01	6.09e-02	2.22e-04	0.00e+00	0.00e+00	0.00e+00	0.00e+00
 1.30854e+14	3.38e-02	9.05e-01	6.08e-02	2.22e-04	0.00e+00	0.00e+00	0.00e+00	0.00e+00
 5.33482e+14	3.47e-02	9.05e-01	6.01e-02	2.16e-04	0.00e+00	0.00e+00	0.00e+00	0.00e+00
 1.27432e+15	3.62e-02	9.03e-01	6.03e-02	2.19e-04	0.00e+00	0.00e+00	0.00e+00	0.00e+00
 2.23740e+15	3.79e-02	9.03e-01	5.93e-02	2.13e-04	5.00e-07	0.00e+00	0.00e+00	0.00e+00
 3.48941e+15	4.02e-02	9.03e-01	5.70e-02	1.98e-04	0.00e+00	0.00e+00	0.00e+00	0.00e+00
 5.11703e+15	4.32e-02	9.03e-01	5.32e-02	1.73e-04	0.00e+00	0.00e+00	0.00e+00	0.00e+00
 6.94424e+15	4.64e-02	9.04e-01	4.91e-02	1.48e-04	0.00e+00	0.00e+00	0.00e+00	0.00e+00
 8.70371e+15	4.98e-02	9.06e-01	4.45e-02	1.22e-04	0.00e+00	0.00e+00	0.00e+00	0.00e+00
 1.05077e+16	5.38e-02	9.07e-01	3.95e-02	9.71e-05	0.00e+00	0.00e+00	0.00e+00	0.00e+00
 1.25392e+16	5.91e-02	9.07e-01	3.38e-02	7.22e-05	0.00e+00	0.00e+00	0.00e+00	0.00e+00
 1.48315e+16	6.63e-02	9.06e-01	2.78e-02	5.00e-05	0.00e+00	0.00e+00	0.00e+00	0.00e+00
 1.71711e+16	7.54e-02	9.02e-01	2.22e-02	3.33e-05	0.00e+00	0.00e+00	0.00e+00	0.00e+00
 1.92497e+16	8.57e-02	8.96e-01	1.78e-02	2.24e-05	0.00e+00	0.00e+00	0.00e+00	0.00e+00
 2.10558e+16	9.71e-02	8.88e-01	1.44e-02	1.55e-05	0.00e+00	0.00e+00	0.00e+00	0.00e+00
 2.29768e+16	1.13e-01	8.76e-01	1.12e-02	1.03e-05	0.00e+00	0.00e+00	0.00e+00	0.00e+00
 2.50444e+16	1.34e-01	8.58e-01	8.36e-03	6.46e-06	0.00e+00	0.00e+00	0.00e+00	0.00e+00
 2.67604e+16	1.57e-01	8.37e-01	6.42e-03	4.35e-06	0.00e+00	0.00e+00	0.00e+00	0.00e+00
 2.79765e+16	1.76e-01	8.19e-01	5.27e-03	3.29e-06	0.00e+00	0.00e+00	0.00e+00	0.00e+00
 2.89135e+16	1.92e-01	8.03e-01	4.49e-03	2.66e-06	0.00e+00	0.00e+00	0.00e+00	0.00e+00
 2.98023e+16	2.09e-01	7.87e-01	3.85e-03	2.18e-06	0.00e+00	0.00e+00	0.00e+00	0.00e+00
 3.07231e+16	2.28e-01	7.68e-01	3.27e-03	1.78e-06	0.00e+00	0.00e+00	0.00e+00	0.00e+00
 3.16283e+16	2.48e-01	7.49e-01	2.78e-03	1.48e-06	0.00e+00	0.00e+00	0.00e+00	0.00e+00
 3.24607e+16	2.68e-01	7.29e-01	2.38e-03	1.24e-06	0.00e+00	0.00e+00	0.00e+00	0.00e+00
 3.32239e+16	2.87e-01	7.11e-01	2.07e-03	1.07e-06	0.00e+00	0.00e+00	0.00e+00	0.00e+00
 3.39573e+16	3.06e-01	6.92e-01	1.80e-03	9.32e-07	0.00e+00	0.00e+00	0.00e+00	0.00e+00
 3.45540e+16	3.22e-01	6.76e-01	1.61e-03	0.00e+00	0.00e+00	0.00e+00	0.00e+00	0.00e+00
 3.49635e+16	3.33e-01	6.66e-01	1.49e-03	0.00e+00	0.00e+00	0.00e+00	0.00e+00	0.00e+00
 3.53601e+16	3.43e-01	6.55e-01	1.38e-03	0.00e+00	0.00e+00	0.00e+00	0.00e+00	0.00e+00
 3.58452e+16	3.57e-01	6.42e-01	1.26e-03	0.00e+00	0.00e+00	0.00e+00	0.00e+00	0.00e+00
 3.63820e+16	3.72e-01	6.27e-01	1.13e-03	0.00e+00	0.00e+00	0.00e+00	0.00e+00	0.00e+00
 3.68955e+16	3.86e-01	6.13e-01	1.03e-03	0.00e+00	0.00e+00	0.00e+00	0.00e+00	0.00e+00
 3.73779e+16	4.01e-01	5.99e-01	9.30e-04	0.00e+00	0.00e+00	0.00e+00	0.00e+00	0.00e+00
 3.78555e+16	4.14e-01	5.85e-01	8.49e-04	0.00e+00	0.00e+00	0.00e+00	0.00e+00	0.00e+00
 3.83593e+16	4.28e-01	5.71e-01	7.70e-04	0.00e+00	0.00e+00	0.00e+00	0.00e+00	0.00e+00
 3.89027e+16	4.44e-01	5.55e-01	6.87e-04	0.00e+00	0.00e+00	0.00e+00	0.00e+00	0.00e+00
 3.94349e+16	4.59e-01	5.40e-01	6.20e-04	0.00e+00	0.00e+00	0.00e+00	0.00e+00	0.00e+00
 3.99501e+16	4.74e-01	5.26e-01	5.60e-04	0.00e+00	0.00e+00	0.00e+00	0.00e+00	0.00e+00
 4.04899e+16	4.90e-01	5.10e-01	5.00e-04	0.00e+00	0.00e+00	0.00e+00	0.00e+00	0.00e+00
 4.10360e+16	5.05e-01	4.95e-01	4.50e-04	0.00e+00	0.00e+00	0.00e+00	0.00e+00	0.00e+00
 4.15890e+16	5.21e-01	4.79e-01	4.01e-04	0.00e+00	0.00e+00	0.00e+00	0.00e+00	0.00e+00
 4.21485e+16	5.36e-01	4.64e-01	3.60e-04	0.00e+00	0.00e+00	0.00e+00	0.00e+00	0.00e+00
 4.27141e+16	5.52e-01	4.48e-01	3.20e-04	0.00e+00	0.00e+00	0.00e+00	0.00e+00	0.00e+00
 4.32964e+16	5.67e-01	4.33e-01	2.86e-04	0.00e+00	0.00e+00	0.00e+00	0.00e+00	0.00e+00
 4.38933e+16	5.83e-01	4.17e-01	2.52e-04	0.00e+00	0.00e+00	0.00e+00	0.00e+00	0.00e+00
 4.44911e+16	5.98e-01	4.02e-01	2.24e-04	0.00e+00	0.00e+00	0.00e+00	0.00e+00	0.00e+00
 4.50810e+16	6.13e-01	3.87e-01	1.99e-04	0.00e+00	0.00e+00	0.00e+00	0.00e+00	0.00e+00
 4.56847e+16	6.27e-01	3.73e-01	1.77e-04	0.00e+00	0.00e+00	0.00e+00	0.00e+00	0.00e+00
 4.63233e+16	6.43e-01	3.57e-01	1.55e-04	0.00e+00	0.00e+00	0.00e+00	0.00e+00	0.00e+00
 4.69717e+16	6.58e-01	3.42e-01	1.37e-04	0.00e+00	0.00e+00	0.00e+00	0.00e+00	0.00e+00
 4.76006e+16	6.72e-01	3.28e-01	1.21e-04	0.00e+00	0.00e+00	0.00e+00	0.00e+00	0.00e+00
 4.82412e+16	6.85e-01	3.15e-01	1.07e-04	0.00e+00	0.00e+00	0.00e+00	0.00e+00	0.00e+00
 4.89115e+16	7.00e-01	3.00e-01	9.38e-05	0.00e+00	0.00e+00	0.00e+00	0.00e+00	0.00e+00
 4.95843e+16	7.13e-01	2.87e-01	8.28e-05	0.00e+00	0.00e+00	0.00e+00	0.00e+00	0.00e+00
 5.02398e+16	7.25e-01	2.75e-01	7.35e-05	0.00e+00	0.00e+00	0.00e+00	0.00e+00	0.00e+00
 5.09156e+16	7.38e-01	2.62e-01	6.43e-05	0.00e+00	0.00e+00	0.00e+00	0.00e+00	0.00e+00
 5.15982e+16	7.49e-01	2.51e-01	5.71e-05	0.00e+00	0.00e+00	0.00e+00	0.00e+00	0.00e+00
 5.22671e+16	7.59e-01	2.41e-01	5.09e-05	0.00e+00	0.00e+00	0.00e+00	0.00e+00	0.00e+00
 5.29416e+16	7.70e-01	2.30e-01	4.50e-05	0.00e+00	0.00e+00	0.00e+00	0.00e+00	0.00e+00
 5.36504e+16	7.81e-01	2.19e-01	3.97e-05	0.00e+00	0.00e+00	0.00e+00	0.00e+00	0.00e+00
 5.43918e+16	7.91e-01	2.09e-01	3.52e-05	0.00e+00	0.00e+00	0.00e+00	0.00e+00	0.00e+00
 5.50869e+16	8.00e-01	2.00e-01	3.15e-05	0.00e+00	0.00e+00	0.00e+00	0.00e+00	0.00e+00
 5.57445e+16	8.08e-01	1.92e-01	2.82e-05	0.00e+00	0.00e+00	0.00e+00	0.00e+00	0.00e+00
 5.65017e+16	8.18e-01	1.82e-01	2.50e-05	0.00e+00	0.00e+00	0.00e+00	0.00e+00	0.00e+00
 5.73791e+16	8.27e-01	1.73e-01	2.18e-05	0.00e+00	0.00e+00	0.00e+00	0.00e+00	0.00e+00
 5.81703e+16	8.36e-01	1.64e-01	1.95e-05	0.00e+00	0.00e+00	0.00e+00	0.00e+00	0.00e+00
 5.88710e+16	8.42e-01	1.58e-01	1.77e-05	0.00e+00	0.00e+00	0.00e+00	0.00e+00	0.00e+00
 5.97075e+16	8.50e-01	1.50e-01	1.56e-05	0.00e+00	0.00e+00	0.00e+00	0.00e+00	0.00e+00
 6.06738e+16	8.58e-01	1.42e-01	1.37e-05	0.00e+00	0.00e+00	0.00e+00	0.00e+00	0.00e+00
 6.15515e+16	8.65e-01	1.35e-01	1.22e-05	0.00e+00	0.00e+00	0.00e+00	0.00e+00	0.00e+00
 6.23500e+16	8.70e-01	1.30e-01	1.11e-05	0.00e+00	0.00e+00	0.00e+00	0.00e+00	0.00e+00
 6.32988e+16	8.77e-01	1.23e-01	9.88e-06	0.00e+00	0.00e+00	0.00e+00	0.00e+00	0.00e+00
 6.43809e+16	8.84e-01	1.16e-01	8.68e-06	0.00e+00	0.00e+00	0.00e+00	0.00e+00	0.00e+00
 6.53681e+16	8.90e-01	1.10e-01	7.81e-06	0.00e+00	0.00e+00	0.00e+00	0.00e+00	0.00e+00
 6.62138e+16	8.94e-01	1.06e-01	7.17e-06	0.00e+00	0.00e+00	0.00e+00	0.00e+00	0.00e+00
 6.71384e+16	8.99e-01	1.01e-01	6.48e-06	0.00e+00	0.00e+00	0.00e+00	0.00e+00	0.00e+00
 6.81921e+16	9.05e-01	9.55e-02	5.80e-06	0.00e+00	0.00e+00	0.00e+00	0.00e+00	0.00e+00
 6.91935e+16	9.09e-01	9.06e-02	5.24e-06	0.00e+00	0.00e+00	0.00e+00	0.00e+00	0.00e+00
 7.00863e+16	9.13e-01	8.71e-02	4.84e-06	0.00e+00	0.00e+00	0.00e+00	0.00e+00	0.00e+00
 7.09831e+16	9.16e-01	8.36e-02	4.46e-06	0.00e+00	0.00e+00	0.00e+00	0.00e+00	0.00e+00
 7.19348e+16	9.20e-01	7.97e-02	4.09e-06	0.00e+00	0.00e+00	0.00e+00	0.00e+00	0.00e+00
 7.28719e+16	9.24e-01	7.61e-02	3.76e-06	0.00e+00	0.00e+00	0.00e+00	0.00e+00	0.00e+00
 7.37519e+16	9.27e-01	7.25e-02	3.46e-06	0.00e+00	0.00e+00	0.00e+00	0.00e+00	0.00e+00
 7.45538e+16	9.30e-01	6.96e-02	3.23e-06	0.00e+00	0.00e+00	0.00e+00	0.00e+00	0.00e+00
 7.53239e+16	9.33e-01	6.69e-02	3.01e-06	0.00e+00	0.00e+00	0.00e+00	0.00e+00	0.00e+00
 7.60843e+16	9.35e-01	6.45e-02	2.85e-06	0.00e+00	0.00e+00	0.00e+00	0.00e+00	0.00e+00
 7.68719e+16	9.38e-01	6.20e-02	2.66e-06	0.00e+00	0.00e+00	0.00e+00	0.00e+00	0.00e+00
 7.76687e+16	9.41e-01	5.91e-02	2.48e-06	0.00e+00	0.00e+00	0.00e+00	0.00e+00	0.00e+00
 7.83721e+16	9.43e-01	5.67e-02	2.33e-06	0.00e+00	0.00e+00	0.00e+00	0.00e+00	0.00e+00
 7.90188e+16	9.45e-01	5.50e-02	2.22e-06	0.00e+00	0.00e+00	0.00e+00	0.00e+00	0.00e+00
 7.96662e+16	9.47e-01	5.28e-02	2.10e-06	0.00e+00	0.00e+00	0.00e+00	0.00e+00	0.00e+00
 8.03114e+16	9.49e-01	5.08e-02	1.99e-06	0.00e+00	0.00e+00	0.00e+00	0.00e+00	0.00e+00
 8.09181e+16	9.51e-01	4.91e-02	1.90e-06	0.00e+00	0.00e+00	0.00e+00	0.00e+00	0.00e+00
 8.15397e+16	9.53e-01	4.72e-02	1.80e-06	0.00e+00	0.00e+00	0.00e+00	0.00e+00	0.00e+00
 8.21541e+16	9.55e-01	4.52e-02	1.71e-06	0.00e+00	0.00e+00	0.00e+00	0.00e+00	0.00e+00
 8.26896e+16	9.56e-01	4.40e-02	1.65e-06	0.00e+00	0.00e+00	0.00e+00	0.00e+00	0.00e+00
 8.32311e+16	9.58e-01	4.21e-02	1.56e-06	0.00e+00	0.00e+00	0.00e+00	0.00e+00	0.00e+00
 8.37539e+16	9.59e-01	4.06e-02	1.50e-06	0.00e+00	0.00e+00	0.00e+00	0.00e+00	0.00e+00
 8.42089e+16	9.61e-01	3.94e-02	1.45e-06	0.00e+00	0.00e+00	0.00e+00	0.00e+00	0.00e+00
 8.47051e+16	9.62e-01	3.80e-02	1.38e-06	0.00e+00	0.00e+00	0.00e+00	0.00e+00	0.00e+00
 8.52055e+16	9.64e-01	3.63e-02	1.32e-06	0.00e+00	0.00e+00	0.00e+00	0.00e+00	0.00e+00
 8.56285e+16	9.65e-01	3.52e-02	1.28e-06	0.00e+00	0.00e+00	0.00e+00	0.00e+00	0.00e+00
 8.60132e+16	9.66e-01	3.42e-02	1.24e-06	0.00e+00	0.00e+00	0.00e+00	0.00e+00	0.00e+00
 8.64340e+16	9.67e-01	3.29e-02	1.19e-06	0.00e+00	0.00e+00	0.00e+00	0.00e+00	0.00e+00
 8.68527e+16	9.68e-01	3.17e-02	1.15e-06	0.00e+00	0.00e+00	0.00e+00	0.00e+00	0.00e+00
 8.71970e+16	9.69e-01	3.08e-02	1.12e-06	0.00e+00	0.00e+00	0.00e+00	0.00e+00	0.00e+00
 8.75685e+16	9.70e-01	2.97e-02	1.08e-06	0.00e+00	0.00e+00	0.00e+00	0.00e+00	0.00e+00
 8.79423e+16	9.72e-01	2.85e-02	1.04e-06	0.00e+00	0.00e+00	0.00e+00	0.00e+00	0.00e+00
 8.82352e+16	9.72e-01	2.78e-02	1.02e-06	0.00e+00	0.00e+00	0.00e+00	0.00e+00	0.00e+00
 8.85323e+16	9.73e-01	2.74e-02	1.00e-06	0.00e+00	0.00e+00	0.00e+00	0.00e+00	0.00e+00
 8.89185e+16	9.74e-01	2.60e-02	9.56e-07	0.00e+00	0.00e+00	0.00e+00	0.00e+00	0.00e+00
 8.92836e+16	9.75e-01	2.48e-02	9.21e-07	0.00e+00	0.00e+00	0.00e+00	0.00e+00	0.00e+00
 8.95373e+16	9.76e-01	2.42e-02	9.04e-07	0.00e+00	0.00e+00	0.00e+00	0.00e+00	0.00e+00
 8.97832e+16	9.76e-01	2.37e-02	8.87e-07	0.00e+00	0.00e+00	0.00e+00	0.00e+00	0.00e+00
 9.00702e+16	9.77e-01	2.27e-02	8.55e-07	0.00e+00	0.00e+00	0.00e+00	0.00e+00	0.00e+00
 9.03315e+16	9.78e-01	2.20e-02	8.37e-07	0.00e+00	0.00e+00	0.00e+00	0.00e+00	0.00e+00
 9.05125e+16	9.79e-01	2.15e-02	8.22e-07	0.00e+00	0.00e+00	0.00e+00	0.00e+00	0.00e+00
 9.06333e+16	9.79e-01	2.12e-02	8.12e-07	0.00e+00	0.00e+00	0.00e+00	0.00e+00	0.00e+00
 9.07367e+16	9.79e-01	2.10e-02	8.04e-07	0.00e+00	0.00e+00	0.00e+00	0.00e+00	0.00e+00
 9.08456e+16	9.79e-01	2.07e-02	7.96e-07	0.00e+00	0.00e+00	0.00e+00	0.00e+00	0.00e+00
 9.09604e+16	9.80e-01	2.04e-02	7.87e-07	0.00e+00	0.00e+00	0.00e+00	0.00e+00	0.00e+00
 9.10747e+16	9.80e-01	2.01e-02	7.78e-07	0.00e+00	0.00e+00	0.00e+00	0.00e+00	0.00e+00
 9.11845e+16	9.80e-01	1.98e-02	7.69e-07	0.00e+00	0.00e+00	0.00e+00	0.00e+00	0.00e+00
 9.12846e+16	9.81e-01	1.95e-02	7.60e-07	0.00e+00	0.00e+00	0.00e+00	0.00e+00	0.00e+00
 9.13841e+16	9.81e-01	1.92e-02	7.52e-07	0.00e+00	0.00e+00	0.00e+00	0.00e+00	0.00e+00
 9.14800e+16	9.81e-01	1.89e-02	7.44e-07	0.00e+00	0.00e+00	0.00e+00	0.00e+00	0.00e+00
 9.15718e+16	9.81e-01	1.87e-02	7.36e-07	0.00e+00	0.00e+00	0.00e+00	0.00e+00	0.00e+00
 9.16665e+16	9.82e-01	1.83e-02	7.28e-07	0.00e+00	0.00e+00	0.00e+00	0.00e+00	0.00e+00
 9.17627e+16	9.82e-01	1.81e-02	7.20e-07	0.00e+00	0.00e+00	0.00e+00	0.00e+00	0.00e+00
 9.18532e+16	9.82e-01	1.78e-02	7.12e-07	0.00e+00	0.00e+00	0.00e+00	0.00e+00	0.00e+00
 9.19378e+16	9.82e-01	1.75e-02	7.05e-07	0.00e+00	0.00e+00	0.00e+00	0.00e+00	0.00e+00
 9.20244e+16	9.83e-01	1.72e-02	6.98e-07	0.00e+00	0.00e+00	0.00e+00	0.00e+00	0.00e+00
 9.21132e+16	9.83e-01	1.69e-02	6.89e-07	0.00e+00	0.00e+00	0.00e+00	0.00e+00	0.00e+00
 9.21924e+16	9.83e-01	1.66e-02	6.82e-07	0.00e+00	0.00e+00	0.00e+00	0.00e+00	0.00e+00
 9.22619e+16	9.84e-01	1.64e-02	6.76e-07	0.00e+00	0.00e+00	0.00e+00	0.00e+00	0.00e+00
 9.23375e+16	9.84e-01	1.62e-02	6.70e-07	0.00e+00	0.00e+00	0.00e+00	0.00e+00	0.00e+00
 9.24173e+16	9.84e-01	1.60e-02	6.63e-07	0.00e+00	0.00e+00	0.00e+00	0.00e+00	0.00e+00
 9.25030e+16	9.84e-01	1.57e-02	6.56e-07	0.00e+00	0.00e+00	0.00e+00	0.00e+00	0.00e+00
 9.25893e+16	9.85e-01	1.54e-02	6.48e-07	0.00e+00	0.00e+00	0.00e+00	0.00e+00	0.00e+00
 9.26663e+16	9.85e-01	1.52e-02	6.42e-07	0.00e+00	0.00e+00	0.00e+00	0.00e+00	0.00e+00
 9.27393e+16	9.85e-01	1.50e-02	6.35e-07	0.00e+00	0.00e+00	0.00e+00	0.00e+00	0.00e+00
 9.28144e+16	9.85e-01	1.47e-02	6.29e-07	0.00e+00	0.00e+00	0.00e+00	0.00e+00	0.00e+00
 9.29001e+16	9.86e-01	1.44e-02	6.22e-07	0.00e+00	0.00e+00	0.00e+00	0.00e+00	0.00e+00
 9.29891e+16	9.86e-01	1.41e-02	6.14e-07	0.00e+00	0.00e+00	0.00e+00	0.00e+00	0.00e+00
 9.30667e+16	9.86e-01	1.39e-02	6.08e-07	0.00e+00	0.00e+00	0.00e+00	0.00e+00	0.00e+00
 9.31403e+16	9.86e-01	1.36e-02	6.01e-07	0.00e+00	0.00e+00	0.00e+00	0.00e+00	0.00e+00
 9.32163e+16	9.87e-01	1.34e-02	5.95e-07	0.00e+00	0.00e+00	0.00e+00	0.00e+00	0.00e+00
 9.32947e+16	9.87e-01	1.32e-02	5.89e-07	0.00e+00	0.00e+00	0.00e+00	0.00e+00	0.00e+00
 9.33766e+16	9.87e-01	1.29e-02	5.82e-07	0.00e+00	0.00e+00	0.00e+00	0.00e+00	0.00e+00
 9.34605e+16	9.87e-01	1.26e-02	5.75e-07	0.00e+00	0.00e+00	0.00e+00	0.00e+00	0.00e+00
 9.35441e+16	9.88e-01	1.24e-02	5.68e-07	0.00e+00	0.00e+00	0.00e+00	0.00e+00	0.00e+00
 9.36255e+16	9.88e-01	1.21e-02	5.61e-07	0.00e+00	0.00e+00	0.00e+00	0.00e+00	0.00e+00
 9.37064e+16	9.88e-01	1.19e-02	5.55e-07	0.00e+00	0.00e+00	0.00e+00	0.00e+00	0.00e+00
 9.37912e+16	9.88e-01	1.16e-02	5.48e-07	0.00e+00	0.00e+00	0.00e+00	0.00e+00	0.00e+00
 9.38802e+16	9.89e-01	1.13e-02	5.41e-07	0.00e+00	0.00e+00	0.00e+00	0.00e+00	0.00e+00
 9.39713e+16	9.89e-01	1.10e-02	5.34e-07	0.00e+00	0.00e+00	0.00e+00	0.00e+00	0.00e+00
 9.40608e+16	9.89e-01	1.07e-02	5.26e-07	0.00e+00	0.00e+00	0.00e+00	0.00e+00	0.00e+00
 9.41501e+16	9.90e-01	1.05e-02	5.19e-07	0.00e+00	0.00e+00	0.00e+00	0.00e+00	0.00e+00
 9.42449e+16	9.90e-01	1.01e-02	5.07e-07	0.00e+00	0.00e+00	0.00e+00	0.00e+00	0.00e+00
 9.43287e+16	9.90e-01	9.84e-03	5.02e-07	0.00e+00	0.00e+00	0.00e+00	0.00e+00	0.00e+00
 9.44079e+16	9.90e-01	9.63e-03	4.96e-07	0.00e+00	0.00e+00	0.00e+00	0.00e+00	0.00e+00
 9.45109e+16	9.91e-01	9.21e-03	4.85e-07	0.00e+00	0.00e+00	0.00e+00	0.00e+00	0.00e+00
 9.46145e+16	9.91e-01	8.78e-03	4.73e-07	0.00e+00	0.00e+00	0.00e+00	0.00e+00	0.00e+00
 9.46973e+16	9.91e-01	8.55e-03	4.67e-07	0.00e+00	0.00e+00	0.00e+00	0.00e+00	0.00e+00
 9.47832e+16	9.92e-01	8.24e-03	4.57e-07	0.00e+00	0.00e+00	0.00e+00	0.00e+00	0.00e+00
 9.48799e+16	9.92e-01	7.84e-03	4.46e-07	0.00e+00	0.00e+00	0.00e+00	0.00e+00	0.00e+00
 9.49760e+16	9.93e-01	7.43e-03	4.35e-07	0.00e+00	0.00e+00	0.00e+00	0.00e+00	0.00e+00
 9.50729e+16	9.93e-01	6.88e-03	4.18e-07	0.00e+00	0.00e+00	0.00e+00	0.00e+00	0.00e+00
 9.51663e+16	9.94e-01	6.22e-03	3.96e-07	0.00e+00	0.00e+00	0.00e+00	0.00e+00	0.00e+00
 9.52513e+16	9.98e-01	1.68e-03	1.46e-07	0.00e+00	0.00e+00	0.00e+00	0.00e+00	0.00e+00
 9.53287e+16	9.99e-01	1.30e-03	1.19e-07	0.00e+00	0.00e+00	0.00e+00	0.00e+00	0.00e+00
###########################
 5.03285e+12	3.35e-02	9.05e-01	6.10e-02	2.23e-04	5.26e-07	0.00e+00	0.00e+00	0.00e+00
 3.01971e+13	3.36e-02	9.05e-01	6.09e-02	2.22e-04	0.00e+00	0.00e+00	0.00e+00	0.00e+00
 1.30854e+14	3.38e-02	9.05e-01	6.09e-02	2.22e-04	0.00e+00	0.00e+00	0.00e+00	0.00e+00
 5.33482e+14	3.46e-02	9.05e-01	6.05e-02	2.18e-04	0.00e+00	0.00e+00	0.00e+00	0.00e+00
 1.27432e+15	3.59e-02	9.03e-01	6.12e-02	2.23e-04	0.00e+00	0.00e+00	0.00e+00	0.00e+00
 2.23740e+15	3.77e-02	9.02e-01	6.02e-02	2.17e-04	5.10e-07	0.00e+00	0.00e+00	0.00e+00
 3.48941e+15	4.00e-02	9.02e-01	5.77e-02	2.00e-04	0.00e+00	0.00e+00	0.00e+00	0.00e+00
 5.11703e+15	4.32e-02	9.03e-01	5.35e-02	1.74e-04	0.00e+00	0.00e+00	0.00e+00	0.00e+00
 6.94420e+15	4.68e-02	9.04e-01	4.87e-02	1.46e-04	0.00e+00	0.00e+00	0.00e+00	0.00e+00
 8.69760e+15	5.05e-02	9.06e-01	4.38e-02	1.19e-04	0.00e+00	0.00e+00	0.00e+00	0.00e+00
 1.04847e+16	5.49e-02	9.07e-01	3.84e-02	9.30e-05	0.00e+00	0.00e+00	0.00e+00	0.00e+00
 1.25015e+16	6.08e-02	9.07e-01	3.24e-02	6.77e-05	0.00e+00	0.00e+00	0.00e+00	0.00e+00
 1.47598e+16	6.88e-02	9.05e-01	2.62e-02	4.59e-05	0.00e+00	0.00e+00	0.00e+00	0.00e+00
 1.69788e+16	7.84e-02	9.01e-01	2.08e-02	3.03e-05	0.00e+00	0.00e+00	0.00e+00	0.00e+00
 1.88727e+16	8.90e-02	8.94e-01	1.67e-02	2.06e-05	0.00e+00	0.00e+00	0.00e+00	0.00e+00
 2.05162e+16	1.01e-01	8.86e-01	1.36e-02	1.44e-05	0.00e+00	0.00e+00	0.00e+00	0.00e+00
 2.22736e+16	1.16e-01	8.73e-01	1.06e-02	9.62e-06	0.00e+00	0.00e+00	0.00e+00	0.00e+00
 2.41621e+16	1.37e-01	8.55e-01	8.00e-03	6.15e-06	0.00e+00	0.00e+00	0.00e+00	0.00e+00
 2.57357e+16	1.59e-01	8.34e-01	6.21e-03	4.22e-06	0.00e+00	0.00e+00	0.00e+00	0.00e+00
 2.68612e+16	1.78e-01	8.17e-01	5.14e-03	3.23e-06	0.00e+00	0.00e+00	0.00e+00	0.00e+00
 2.77467e+16	1.94e-01	8.01e-01	4.39e-03	2.61e-06	0.00e+00	0.00e+00	0.00e+00	0.00e+00
 2.85935e+16	2.11e-01	7.85e-01	3.77e-03	2.15e-06	0.00e+00	0.00e+00	0.00e+00	0.00e+00
 2.94639e+16	2.30e-01	7.67e-01	3.21e-03	1.76e-06	0.00e+00	0.00e+00	0.00e+00	0.00e+00
 3.03122e+16	2.50e-01	7.47e-01	2.74e-03	1.47e-06	0.00e+00	0.00e+00	0.00e+00	0.00e+00
 3.10926e+16	2.69e-01	7.28e-01	2.36e-03	1.24e-06	0.00e+00	0.00e+00	0.00e+00	0.00e+00
 3.18180e+16	2.88e-01	7.10e-01	2.06e-03	1.07e-06	0.00e+00	0.00e+00	0.00e+00	0.00e+00
 3.25233e+16	3.07e-01	6.91e-01	1.79e-03	9.30e-07	0.00e+00	0.00e+00	0.00e+00	0.00e+00
 3.30917e+16	3.22e-01	6.76e-01	1.61e-03	0.00e+00	0.00e+00	0.00e+00	0.00e+00	0.00e+00
 3.34882e+16	3.33e-01	6.66e-01	1.50e-03	0.00e+00	0.00e+00	0.00e+00	0.00e+00	0.00e+00
 3.38805e+16	3.44e-01	6.54e-01	1.38e-03	0.00e+00	0.00e+00	0.00e+00	0.00e+00	0.00e+00
 3.43281e+16	3.57e-01	6.42e-01	1.26e-03	0.00e+00	0.00e+00	0.00e+00	0.00e+00	0.00e+00
 3.48090e+16	3.71e-01	6.27e-01	1.15e-03	0.00e+00	0.00e+00	0.00e+00	0.00e+00	0.00e+00
 3.52903e+16	3.85e-01	6.14e-01	1.04e-03	0.00e+00	0.00e+00	0.00e+00	0.00e+00	0.00e+00
 3.57636e+16	3.99e-01	6.00e-01	9.48e-04	0.00e+00	0.00e+00	0.00e+00	0.00e+00	0.00e+00
 3.62381e+16	4.13e-01	5.86e-01	8.63e-04	0.00e+00	0.00e+00	0.00e+00	0.00e+00	0.00e+00
 3.67234e+16	4.28e-01	5.71e-01	7.79e-04	0.00e+00	0.00e+00	0.00e+00	0.00e+00	0.00e+00
 3.72155e+16	4.42e-01	5.57e-01	7.08e-04	0.00e+00	0.00e+00	0.00e+00	0.00e+00	0.00e+00
 3.77173e+16	4.57e-01	5.43e-01	6.40e-04	0.00e+00	0.00e+00	0.00e+00	0.00e+00	0.00e+00
 3.82432e+16	4.73e-01	5.26e-01	5.72e-04	0.00e+00	0.00e+00	0.00e+00	0.00e+00	0.00e+00
 3.87621e+16	4.88e-01	5.12e-01	5.17e-04	0.00e+00	0.00e+00	0.00e+00	0.00e+00	0.00e+00
 3.92725e+16	5.03e-01	4.97e-01	4.65e-04	0.00e+00	0.00e+00	0.00e+00	0.00e+00	0.00e+00
 3.98028e+16	5.18e-01	4.82e-01	4.19e-04	0.00e+00	0.00e+00	0.00e+00	0.00e+00	0.00e+00
 4.03669e+16	5.34e-01	4.66e-01	3.72e-04	0.00e+00	0.00e+00	0.00e+00	0.00e+00	0.00e+00
 4.09391e+16	5.49e-01	4.51e-01	3.33e-04	0.00e+00	0.00e+00	0.00e+00	0.00e+00	0.00e+00
 4.15096e+16	5.65e-01	4.35e-01	2.95e-04	0.00e+00	0.00e+00	0.00e+00	0.00e+00	0.00e+00
 4.20816e+16	5.80e-01	4.20e-01	2.64e-04	0.00e+00	0.00e+00	0.00e+00	0.00e+00	0.00e+00
 4.26663e+16	5.96e-01	4.04e-01	2.34e-04	0.00e+00	0.00e+00	0.00e+00	0.00e+00	0.00e+00
 4.32634e+16	6.10e-01	3.90e-01	2.08e-04	0.00e+00	0.00e+00	0.00e+00	0.00e+00	0.00e+00
 4.38694e+16	6.25e-01	3.75e-01	1.85e-04	0.00e+00	0.00e+00	0.00e+00	0.00e+00	0.00e+00
 4.45182e+16	6.41e-01	3.59e-01	1.62e-04	0.00e+00	0.00e+00	0.00e+00	0.00e+00	0.00e+00
 4.51519e+16	6.55e-01	3.45e-01	1.44e-04	0.00e+00	0.00e+00	0.00e+00	0.00e+00	0.00e+00
 4.57393e+16	6.68e-01	3.32e-01	1.29e-04	0.00e+00	0.00e+00	0.00e+00	0.00e+00	0.00e+00
 4.63605e+16	6.82e-01	3.18e-01	1.14e-04	0.00e+00	0.00e+00	0.00e+00	0.00e+00	0.00e+00
 4.70309e+16	6.95e-01	3.05e-01	1.00e-04	0.00e+00	0.00e+00	0.00e+00	0.00e+00	0.00e+00
 4.77123e+16	7.09e-01	2.91e-01	8.79e-05	0.00e+00	0.00e+00	0.00e+00	0.00e+00	0.00e+00
 4.83851e+16	7.21e-01	2.79e-01	7.78e-05	0.00e+00	0.00e+00	0.00e+00	0.00e+00	0.00e+00
 4.90567e+16	7.34e-01	2.66e-01	6.88e-05	0.00e+00	0.00e+00	0.00e+00	0.00e+00	0.00e+00
 4.97635e+16	7.46e-01	2.54e-01	6.07e-05	0.00e+00	0.00e+00	0.00e+00	0.00e+00	0.00e+00
 5.05146e+16	7.58e-01	2.42e-01	5.29e-05	0.00e+00	0.00e+00	0.00e+00	0.00e+00	0.00e+00
 5.12702e+16	7.70e-01	2.30e-01	4.64e-05	0.00e+00	0.00e+00	0.00e+00	0.00e+00	0.00e+00
 5.20011e+16	7.80e-01	2.20e-01	4.11e-05	0.00e+00	0.00e+00	0.00e+00	0.00e+00	0.00e+00
 5.27271e+16	7.90e-01	2.10e-01	3.64e-05	0.00e+00	0.00e+00	0.00e+00	0.00e+00	0.00e+00
 5.34824e+16	8.00e-01	2.00e-01	3.22e-05	0.00e+00	0.00e+00	0.00e+00	0.00e+00	0.00e+00
 5.42949e+16	8.10e-01	1.90e-01	2.83e-05	0.00e+00	0.00e+00	0.00e+00	0.00e+00	0.00e+00
 5.50942e+16	8.19e-01	1.81e-01	2.51e-05	0.00e+00	0.00e+00	0.00e+00	0.00e+00	0.00e+00
 5.58773e+16	8.27e-01	1.73e-01	2.24e-05	0.00e+00	0.00e+00	0.00e+00	0.00e+00	0.00e+00
 5.66812e+16	8.35e-01	1.65e-01	1.99e-05	0.00e+00	0.00e+00	0.00e+00	0.00e+00	0.00e+00
 5.74624e+16	8.42e-01	1.58e-01	1.79e-05	0.00e+00	0.00e+00	0.00e+00	0.00e+00	0.00e+00
 5.82844e+16	8.50e-01	1.50e-01	1.59e-05	0.00e+00	0.00e+00	0.00e+00	0.00e+00	0.00e+00
 5.92126e+16	8.57e-01	1.43e-01	1.41e-05	0.00e+00	0.00e+00	0.00e+00	0.00e+00	0.00e+00
 6.01639e+16	8.65e-01	1.35e-01	1.25e-05	0.00e+00	0.00e+00	0.00e+00	0.00e+00	0.00e+00
 6.10984e+16	8.71e-01	1.29e-01	1.11e-05	0.00e+00	0.00e+00	0.00e+00	0.00e+00	0.00e+00
 6.20157e+16	8.78e-01	1.22e-01	9.96e-06	0.00e+00	0.00e+00	0.00e+00	0.00e+00	0.00e+00
 6.29260e+16	8.83e-01	1.17e-01	9.06e-06	0.00e+00	0.00e+00	0.00e+00	0.00e+00	0.00e+00
 6.38562e+16	8.88e-01	1.12e-01	8.13e-06	0.00e+00	0.00e+00	0.00e+00	0.00e+00	0.00e+00
 6.48148e+16	8.94e-01	1.06e-01	7.33e-06	0.00e+00	0.00e+00	0.00e+00	0.00e+00	0.00e+00
 6.58284e+16	8.99e-01	1.01e-01	6.58e-06	0.00e+00	0.00e+00	0.00e+00	0.00e+00	0.00e+00
 6.68588e+16	9.04e-01	9.64e-02	5.97e-06	0.00e+00	0.00e+00	0.00e+00	0.00e+00	0.00e+00
 6.78369e+16	9.08e-01	9.16e-02	5.41e-06	0.00e+00	0.00e+00	0.00e+00	0.00e+00	0.00e+00
 6.87581e+16	9.12e-01	8.80e-02	4.97e-06	0.00e+00	0.00e+00	0.00e+00	0.00e+00	0.00e+00
 6.96866e+16	9.16e-01	8.40e-02	4.56e-06	0.00e+00	0.00e+00	0.00e+00	0.00e+00	0.00e+00
 7.06203e+16	9.20e-01	8.04e-02	4.19e-06	0.00e+00	0.00e+00	0.00e+00	0.00e+00	0.00e+00
 7.15334e+16	9.24e-01	7.64e-02	3.83e-06	0.00e+00	0.00e+00	0.00e+00	0.00e+00	0.00e+00
 7.23878e+16	9.26e-01	7.36e-02	3.58e-06	0.00e+00	0.00e+00	0.00e+00	0.00e+00	0.00e+00
 7.32184e+16	9.29e-01	7.06e-02	3.33e-06	0.00e+00	0.00e+00	0.00e+00	0.00e+00	0.00e+00
 7.40692e+16	9.32e-01	6.76e-02	3.09e-06	0.00e+00	0.00e+00	0.00e+00	0.00e+00	0.00e+00
 7.48788e+16	9.35e-01	6.48e-02	2.88e-06	0.00e+00	0.00e+00	0.00e+00	0.00e+00	0.00e+00
 7.56402e+16	9.38e-01	6.22e-02	2.70e-06	0.00e+00	0.00e+00	0.00e+00	0.00e+00	0.00e+00
 7.63728e+16	9.40e-01	5.99e-02	2.55e-06	0.00e+00	0.00e+00	0.00e+00	0.00e+00	0.00e+00
 7.70956e+16	9.42e-01	5.76e-02	2.40e-06	0.00e+00	0.00e+00	0.00e+00	0.00e+00	0.00e+00
 7.78029e+16	9.45e-01	5.53e-02	2.26e-06	0.00e+00	0.00e+00	0.00e+00	0.00e+00	0.00e+00
 7.84671e+16	9.47e-01	5.29e-02	2.13e-06	0.00e+00	0.00e+00	0.00e+00	0.00e+00	0.00e+00
 7.90968e+16	9.49e-01	5.13e-02	2.04e-06	0.00e+00	0.00e+00	0.00e+00	0.00e+00	0.00e+00
 7.97520e+16	9.51e-01	4.93e-02	1.92e-06	0.00e+00	0.00e+00	0.00e+00	0.00e+00	0.00e+00
 8.03890e+16	9.53e-01	4.71e-02	1.82e-06	0.00e+00	0.00e+00	0.00e+00	0.00e+00	0.00e+00
 8.09349e+16	9.54e-01	4.56e-02	1.74e-06	0.00e+00	0.00e+00	0.00e+00	0.00e+00	0.00e+00
 8.14519e+16	9.56e-01	4.43e-02	1.68e-06	0.00e+00	0.00e+00	0.00e+00	0.00e+00	0.00e+00
 8.20452e+16	9.58e-01	4.23e-02	1.58e-06	0.00e+00	0.00e+00	0.00e+00	0.00e+00	0.00e+00
 8.26276e+16	9.60e-01	4.05e-02	1.51e-06	0.00e+00	0.00e+00	0.00e+00	0.00e+00	0.00e+00
 8.30995e+16	9.61e-01	3.93e-02	1.45e-06	0.00e+00	0.00e+00	0.00e+00	0.00e+00	0.00e+00
 8.35381e+16	9.62e-01	3.82e-02	1.41e-06	0.00e+00	0.00e+00	0.00e+00	0.00e+00	0.00e+00
 8.40081e+16	9.63e-01	3.66e-02	1.34e-06	0.00e+00	0.00e+00	0.00e+00	0.00e+00	0.00e+00
 8.44751e+16	9.65e-01	3.53e-02	1.29e-06	0.00e+00	0.00e+00	0.00e+00	0.00e+00	0.00e+00
 8.48765e+16	9.66e-01	3.42e-02	1.25e-06	0.00e+00	0.00e+00	0.00e+00	0.00e+00	0.00e+00
 8.52504e+16	9.67e-01	3.32e-02	1.21e-06	0.00e+00	0.00e+00	0.00e+00	0.00e+00	0.00e+00
 8.56623e+16	9.68e-01	3.19e-02	1.17e-06	0.00e+00	0.00e+00	0.00e+00	0.00e+00	0.00e+00
 8.60704e+16	9.69e-01	3.07e-02	1.12e-06	0.00e+00	0.00e+00	0.00e+00	0.00e+00	0.00e+00
 8.64147e+16	9.70e-01	2.99e-02	1.10e-06	0.00e+00	0.00e+00	0.00e+00	0.00e+00	0.00e+00
 8.67641e+16	9.71e-01	2.87e-02	1.05e-06	0.00e+00	0.00e+00	0.00e+00	0.00e+00	0.00e+00
 8.71029e+16	9.72e-01	2.78e-02	1.02e-06	0.00e+00	0.00e+00	0.00e+00	0.00e+00	0.00e+00
 8.73802e+16	9.73e-01	2.72e-02	1.00e-06	0.00e+00	0.00e+00	0.00e+00	0.00e+00	0.00e+00
 8.76742e+16	9.74e-01	2.64e-02	9.79e-07	0.00e+00	0.00e+00	0.00e+00	0.00e+00	0.00e+00
 8.80337e+16	9.75e-01	2.53e-02	9.41e-07	0.00e+00	0.00e+00	0.00e+00	0.00e+00	0.00e+00
 8.83657e+16	9.76e-01	2.42e-02	9.10e-07	0.00e+00	0.00e+00	0.00e+00	0.00e+00	0.00e+00
 8.86134e+16	9.76e-01	2.37e-02	8.94e-07	0.00e+00	0.00e+00	0.00e+00	0.00e+00	0.00e+00
 8.88606e+16	9.77e-01	2.29e-02	8.67e-07	0.00e+00	0.00e+00	0.00e+00	0.00e+00	0.00e+00
 8.91222e+16	9.78e-01	2.22e-02	8.49e-07	0.00e+00	0.00e+00	0.00e+00	0.00e+00	0.00e+00
 8.93196e+16	9.78e-01	2.17e-02	8.33e-07	0.00e+00	0.00e+00	0.00e+00	0.00e+00	0.00e+00
 8.94380e+16	9.79e-01	2.13e-02	8.22e-07	0.00e+00	0.00e+00	0.00e+00	0.00e+00	0.00e+00
 8.95296e+16	9.79e-01	2.10e-02	8.13e-07	0.00e+00	0.00e+00	0.00e+00	0.00e+00	0.00e+00
 8.96316e+16	9.79e-01	2.08e-02	8.05e-07	0.00e+00	0.00e+00	0.00e+00	0.00e+00	0.00e+00
 8.97410e+16	9.80e-01	2.04e-02	7.95e-07	0.00e+00	0.00e+00	0.00e+00	0.00e+00	0.00e+00
 8.98547e+16	9.80e-01	2.01e-02	7.86e-07	0.00e+00	0.00e+00	0.00e+00	0.00e+00	0.00e+00
 8.99605e+16	9.80e-01	1.98e-02	7.77e-07	0.00e+00	0.00e+00	0.00e+00	0.00e+00	0.00e+00
 9.00524e+16	9.80e-01	1.95e-02	7.69e-07	0.00e+00	0.00e+00	0.00e+00	0.00e+00	0.00e+00
 9.01496e+16	9.81e-01	1.92e-02	7.60e-07	0.00e+00	0.00e+00	0.00e+00	0.00e+00	0.00e+00
 9.02458e+16	9.81e-01	1.89e-02	7.52e-07	0.00e+00	0.00e+00	0.00e+00	0.00e+00	0.00e+00
 9.03379e+16	9.81e-01	1.87e-02	7.44e-07	0.00e+00	0.00e+00	0.00e+00	0.00e+00	0.00e+00
 9.04278e+16	9.82e-01	1.84e-02	7.36e-07	0.00e+00	0.00e+00	0.00e+00	0.00e+00	0.00e+00
 9.05157e+16	9.82e-01	1.81e-02	7.29e-07	0.00e+00	0.00e+00	0.00e+00	0.00e+00	0.00e+00
 9.06064e+16	9.82e-01	1.78e-02	7.21e-07	0.00e+00	0.00e+00	0.00e+00	0.00e+00	0.00e+00
 9.06952e+16	9.82e-01	1.75e-02	7.13e-07	0.00e+00	0.00e+00	0.00e+00	0.00e+00	0.00e+00
 9.07810e+16	9.83e-01	1.73e-02	7.05e-07	0.00e+00	0.00e+00	0.00e+00	0.00e+00	0.00e+00
 9.08646e+16	9.83e-01	1.70e-02	6.98e-07	0.00e+00	0.00e+00	0.00e+00	0.00e+00	0.00e+00
 9.09471e+16	9.83e-01	1.67e-02	6.91e-07	0.00e+00	0.00e+00	0.00e+00	0.00e+00	0.00e+00
 9.10291e+16	9.84e-01	1.65e-02	6.84e-07	0.00e+00	0.00e+00	0.00e+00	0.00e+00	0.00e+00
 9.11106e+16	9.84e-01	1.62e-02	6.76e-07	0.00e+00	0.00e+00	0.00e+00	0.00e+00	0.00e+00
 9.11914e+16	9.84e-01	1.59e-02	6.68e-07	0.00e+00	0.00e+00	0.00e+00	0.00e+00	0.00e+00
 9.12644e+16	9.84e-01	1.57e-02	6.61e-07	0.00e+00	0.00e+00	0.00e+00	0.00e+00	0.00e+00
 9.13305e+16	9.85e-01	1.54e-02	6.55e-07	0.00e+00	0.00e+00	0.00e+00	0.00e+00	0.00e+00
 9.14012e+16	9.85e-01	1.52e-02	6.49e-07	0.00e+00	0.00e+00	0.00e+00	0.00e+00	0.00e+00
 9.14753e+16	9.85e-01	1.50e-02	6.43e-07	0.00e+00	0.00e+00	0.00e+00	0.00e+00	0.00e+00
 9.15495e+16	9.85e-01	1.47e-02	6.36e-07	0.00e+00	0.00e+00	0.00e+00	0.00e+00	0.00e+00
 9.16295e+16	9.86e-01	1.45e-02	6.29e-07	0.00e+00	0.00e+00	0.00e+00	0.00e+00	0.00e+00
 9.17152e+16	9.86e-01	1.42e-02	6.22e-07	0.00e+00	0.00e+00	0.00e+00	0.00e+00	0.00e+00
 9.17958e+16	9.86e-01	1.40e-02	6.15e-07	0.00e+00	0.00e+00	0.00e+00	0.00e+00	0.00e+00
 9.18689e+16	9.86e-01	1.37e-02	6.09e-07	0.00e+00	0.00e+00	0.00e+00	0.00e+00	0.00e+00
 9.19409e+16	9.87e-01	1.35e-02	6.03e-07	0.00e+00	0.00e+00	0.00e+00	0.00e+00	0.00e+00
 9.20159e+16	9.87e-01	1.33e-02	5.96e-07	0.00e+00	0.00e+00	0.00e+00	0.00e+00	0.00e+00
 9.20942e+16	9.87e-01	1.30e-02	5.90e-07	0.00e+00	0.00e+00	0.00e+00	0.00e+00	0.00e+00
 9.21786e+16	9.87e-01	1.27e-02	5.82e-07	0.00e+00	0.00e+00	0.00e+00	0.00e+00	0.00e+00
 9.22670e+16	9.88e-01	1.24e-02	5.75e-07	0.00e+00	0.00e+00	0.00e+00	0.00e+00	0.00e+00
 9.23480e+16	9.88e-01	1.22e-02	5.68e-07	0.00e+00	0.00e+00	0.00e+00	0.00e+00	0.00e+00
 9.24220e+16	9.88e-01	1.19e-02	5.62e-07	0.00e+00	0.00e+00	0.00e+00	0.00e+00	0.00e+00
 9.24986e+16	9.88e-01	1.17e-02	5.55e-07	0.00e+00	0.00e+00	0.00e+00	0.00e+00	0.00e+00
 9.25823e+16	9.89e-01	1.14e-02	5.49e-07	0.00e+00	0.00e+00	0.00e+00	0.00e+00	0.00e+00
 9.26717e+16	9.89e-01	1.11e-02	5.41e-07	0.00e+00	0.00e+00	0.00e+00	0.00e+00	0.00e+00
 9.27635e+16	9.89e-01	1.09e-02	5.34e-07	0.00e+00	0.00e+00	0.00e+00	0.00e+00	0.00e+00
 9.28529e+16	9.89e-01	1.06e-02	5.27e-07	0.00e+00	0.00e+00	0.00e+00	0.00e+00	0.00e+00
 9.29405e+16	9.90e-01	1.03e-02	5.20e-07	0.00e+00	0.00e+00	0.00e+00	0.00e+00	0.00e+00
 9.30318e+16	9.90e-01	9.94e-03	5.08e-07	0.00e+00	0.00e+00	0.00e+00	0.00e+00	0.00e+00
 9.31134e+16	9.90e-01	9.72e-03	5.03e-07	0.00e+00	0.00e+00	0.00e+00	0.00e+00	0.00e+00
 9.31933e+16	9.90e-01	9.49e-03	4.96e-07	0.00e+00	0.00e+00	0.00e+00	0.00e+00	0.00e+00
 9.32971e+16	9.91e-01	9.06e-03	4.84e-07	0.00e+00	0.00e+00	0.00e+00	0.00e+00	0.00e+00
 9.34009e+16	9.91e-01	8.69e-03	4.74e-07	0.00e+00	0.00e+00	0.00e+00	0.00e+00	0.00e+00
 9.34835e+16	9.92e-01	8.47e-03	4.68e-07	0.00e+00	0.00e+00	0.00e+00	0.00e+00	0.00e+00
 9.35694e+16	9.92e-01	8.08e-03	4.57e-07	0.00e+00	0.00e+00	0.00e+00	0.00e+00	0.00e+00
 9.36655e+16	9.92e-01	7.68e-03	4.45e-07	0.00e+00	0.00e+00	0.00e+00	0.00e+00	0.00e+00
 9.37593e+16	9.93e-01	7.29e-03	4.34e-07	0.00e+00	0.00e+00	0.00e+00	0.00e+00	0.00e+00
 9.38523e+16	9.93e-01	6.76e-03	4.17e-07	0.00e+00	0.00e+00	0.00e+00	0.00e+00	0.00e+00
 9.39417e+16	9.94e-01	6.10e-03	3.95e-07	0.00e+00	0.00e+00	0.00e+00	0.00e+00	0.00e+00
 9.40230e+16	9.98e-01	1.61e-03	1.41e-07	0.00e+00	0.00e+00	0.00e+00	0.00e+00	0.00e+00
 9.40970e+16	9.99e-01	1.26e-03	1.17e-07	0.00e+00	0.00e+00	0.00e+00	0.00e+00	0.00e+00
###########################
 5.03285e+12	3.35e-02	9.05e-01	6.10e-02	2.22e-04	5.26e-07	0.00e+00	0.00e+00	0.00e+00
 3.01971e+13	3.36e-02	9.05e-01	6.09e-02	2.22e-04	0.00e+00	0.00e+00	0.00e+00	0.00e+00
 1.30854e+14	3.38e-02	9.05e-01	6.09e-02	2.22e-04	0.00e+00	0.00e+00	0.00e+00	0.00e+00
 5.33482e+14	3.46e-02	9.05e-01	6.05e-02	2.18e-04	0.00e+00	0.00e+00	0.00e+00	0.00e+00
 1.27432e+15	3.59e-02	9.03e-01	6.12e-02	2.23e-04	0.00e+00	0.00e+00	0.00e+00	0.00e+00
 2.23740e+15	3.77e-02	9.02e-01	6.02e-02	2.17e-04	5.10e-07	0.00e+00	0.00e+00	0.00e+00
 3.48941e+15	4.00e-02	9.02e-01	5.77e-02	2.00e-04	0.00e+00	0.00e+00	0.00e+00	0.00e+00
 5.11703e+15	4.32e-02	9.03e-01	5.35e-02	1.74e-04	0.00e+00	0.00e+00	0.00e+00	0.00e+00
 6.94407e+15	4.68e-02	9.04e-01	4.87e-02	1.46e-04	0.00e+00	0.00e+00	0.00e+00	0.00e+00
 8.69719e+15	5.05e-02	9.06e-01	4.38e-02	1.19e-04	0.00e+00	0.00e+00	0.00e+00	0.00e+00
 1.04840e+16	5.49e-02	9.07e-01	3.84e-02	9.29e-05	0.00e+00	0.00e+00	0.00e+00	0.00e+00
 1.25005e+16	6.08e-02	9.07e-01	3.24e-02	6.77e-05	0.00e+00	0.00e+00	0.00e+00	0.00e+00
 1.47584e+16	6.88e-02	9.05e-01	2.62e-02	4.58e-05	0.00e+00	0.00e+00	0.00e+00	0.00e+00
 1.69771e+16	7.84e-02	9.01e-01	2.08e-02	3.03e-05	0.00e+00	0.00e+00	0.00e+00	0.00e+00
 1.88707e+16	8.90e-02	8.94e-01	1.67e-02	2.06e-05	0.00e+00	0.00e+00	0.00e+00	0.00e+00
 2.05141e+16	1.01e-01	8.86e-01	1.36e-02	1.44e-05	0.00e+00	0.00e+00	0.00e+00	0.00e+00
 2.22712e+16	1.16e-01	8.73e-01	1.06e-02	9.61e-06	0.00e+00	0.00e+00	0.00e+00	0.00e+00
 2.41593e+16	1.37e-01	8.55e-01	8.00e-03	6.15e-06	0.00e+00	0.00e+00	0.00e+00	0.00e+00
 2.57326e+16	1.59e-01	8.34e-01	6.21e-03	4.22e-06	0.00e+00	0.00e+00	0.00e+00	0.00e+00
 2.68580e+16	1.78e-01	8.17e-01	5.14e-03	3.23e-06	0.00e+00	0.00e+00	0.00e+00	0.00e+00
 2.77434e+16	1.94e-01	8.01e-01	4.39e-03	2.61e-06	0.00e+00	0.00e+00	0.00e+00	0.00e+00
 2.85902e+16	2.11e-01	7.85e-01	3.77e-03	2.15e-06	0.00e+00	0.00e+00	0.00e+00	0.00e+00
 2.94605e+16	2.30e-01	7.66e-01	3.21e-03	1.76e-06	0.00e+00	0.00e+00	0.00e+00	0.00e+00
 3.03087e+16	2.50e-01	7.47e-01	2.74e-03	1.47e-06	0.00e+00	0.00e+00	0.00e+00	0.00e+00
 3.10890e+16	2.69e-01	7.28e-01	2.36e-03	1.24e-06	0.00e+00	0.00e+00	0.00e+00	0.00e+00
 3.18144e+16	2.88e-01	7.10e-01	2.06e-03	1.07e-06	0.00e+00	0.00e+00	0.00e+00	0.00e+00
 3.25197e+16	3.07e-01	6.91e-01	1.79e-03	9.30e-07	0.00e+00	0.00e+00	0.00e+00	0.00e+00
 3.30881e+16	3.22e-01	6.76e-01	1.61e-03	0.00e+00	0.00e+00	0.00e+00	0.00e+00	0.00e+00
 3.34846e+16	3.33e-01	6.66e-01	1.50e-03	0.00e+00	0.00e+00	0.00e+00	0.00e+00	0.00e+00
 3.38768e+16	3.44e-01	6.54e-01	1.38e-03	0.00e+00	0.00e+00	0.00e+00	0.00e+00	0.00e+00
 3.43245e+16	3.57e-01	6.42e-01	1.26e-03	0.00e+00	0.00e+00	0.00e+00	0.00e+00	0.00e+00
 3.48054e+16	3.71e-01	6.27e-01	1.15e-03	0.00e+00	0.00e+00	0.00e+00	0.00e+00	0.00e+00
 3.52866e+16	3.85e-01	6.14e-01	1.04e-03	0.00e+00	0.00e+00	0.00e+00	0.00e+00	0.00e+00
 3.57599e+16	3.99e-01	6.00e-01	9.48e-04	0.00e+00	0.00e+00	0.00e+00	0.00e+00	0.00e+00
 3.62344e+16	4.13e-01	5.86e-01	8.63e-04	0.00e+00	0.00e+00	0.00e+00	0.00e+00	0.00e+00
 3.67197e+16	4.28e-01	5.71e-01	7.79e-04	0.00e+00	0.00e+00	0.00e+00	0.00e+00	0.00e+00
 3.72118e+16	4.42e-01	5.57e-01	7.08e-04	0.00e+00	0.00e+00	0.00e+00	0.00e+00	0.00e+00
 3.77136e+16	4.57e-01	5.42e-01	6.40e-04	0.00e+00	0.00e+00	0.00e+00	0.00e+00	0.00e+00
 3.82394e+16	4.73e-01	5.26e-01	5.72e-04	0.00e+00	0.00e+00	0.00e+00	0.00e+00	0.00e+00
 3.87584e+16	4.88e-01	5.12e-01	5.17e-04	0.00e+00	0.00e+00	0.00e+00	0.00e+00	0.00e+00
 3.92687e+16	5.03e-01	4.97e-01	4.65e-04	0.00e+00	0.00e+00	0.00e+00	0.00e+00	0.00e+00
 3.97991e+16	5.18e-01	4.82e-01	4.19e-04	0.00e+00	0.00e+00	0.00e+00	0.00e+00	0.00e+00
 4.03631e+16	5.34e-01	4.66e-01	3.72e-04	0.00e+00	0.00e+00	0.00e+00	0.00e+00	0.00e+00
 4.09353e+16	5.49e-01	4.51e-01	3.33e-04	0.00e+00	0.00e+00	0.00e+00	0.00e+00	0.00e+00
 4.15058e+16	5.65e-01	4.34e-01	2.95e-04	0.00e+00	0.00e+00	0.00e+00	0.00e+00	0.00e+00
 4.20777e+16	5.80e-01	4.20e-01	2.64e-04	0.00e+00	0.00e+00	0.00e+00	0.00e+00	0.00e+00
 4.26624e+16	5.96e-01	4.04e-01	2.34e-04	0.00e+00	0.00e+00	0.00e+00	0.00e+00	0.00e+00
 4.32596e+16	6.10e-01	3.89e-01	2.08e-04	0.00e+00	0.00e+00	0.00e+00	0.00e+00	0.00e+00
 4.38655e+16	6.25e-01	3.75e-01	1.85e-04	0.00e+00	0.00e+00	0.00e+00	0.00e+00	0.00e+00
 4.45143e+16	6.41e-01	3.59e-01	1.62e-04	0.00e+00	0.00e+00	0.00e+00	0.00e+00	0.00e+00
 4.51479e+16	6.55e-01	3.45e-01	1.44e-04	0.00e+00	0.00e+00	0.00e+00	0.00e+00	0.00e+00
 4.57353e+16	6.68e-01	3.32e-01	1.29e-04	0.00e+00	0.00e+00	0.00e+00	0.00e+00	0.00e+00
 4.63565e+16	6.82e-01	3.18e-01	1.14e-04	0.00e+00	0.00e+00	0.00e+00	0.00e+00	0.00e+00
 4.70268e+16	6.95e-01	3.05e-01	1.00e-04	0.00e+00	0.00e+00	0.00e+00	0.00e+00	0.00e+00
 4.77082e+16	7.09e-01	2.91e-01	8.79e-05	0.00e+00	0.00e+00	0.00e+00	0.00e+00	0.00e+00
 4.83809e+16	7.21e-01	2.79e-01	7.78e-05	0.00e+00	0.00e+00	0.00e+00	0.00e+00	0.00e+00
 4.90524e+16	7.34e-01	2.66e-01	6.88e-05	0.00e+00	0.00e+00	0.00e+00	0.00e+00	0.00e+00
 4.97592e+16	7.46e-01	2.54e-01	6.07e-05	0.00e+00	0.00e+00	0.00e+00	0.00e+00	0.00e+00
 5.05103e+16	7.58e-01	2.42e-01	5.29e-05	0.00e+00	0.00e+00	0.00e+00	0.00e+00	0.00e+00
 5.12658e+16	7.70e-01	2.30e-01	4.64e-05	0.00e+00	0.00e+00	0.00e+00	0.00e+00	0.00e+00
 5.19966e+16	7.80e-01	2.20e-01	4.11e-05	0.00e+00	0.00e+00	0.00e+00	0.00e+00	0.00e+00
 5.27225e+16	7.90e-01	2.10e-01	3.64e-05	0.00e+00	0.00e+00	0.00e+00	0.00e+00	0.00e+00
 5.34779e+16	8.00e-01	2.00e-01	3.22e-05	0.00e+00	0.00e+00	0.00e+00	0.00e+00	0.00e+00
 5.42902e+16	8.10e-01	1.90e-01	2.83e-05	0.00e+00	0.00e+00	0.00e+00	0.00e+00	0.00e+00
 5.50893e+16	8.19e-01	1.81e-01	2.51e-05	0.00e+00	0.00e+00	0.00e+00	0.00e+00	0.00e+00
 5.58720e+16	8.27e-01	1.73e-01	2.24e-05	0.00e+00	0.00e+00	0.00e+00	0.00e+00	0.00e+00
 5.66758e+16	8.35e-01	1.65e-01	1.99e-05	0.00e+00	0.00e+00	0.00e+00	0.00e+00	0.00e+00
 5.74570e+16	8.42e-01	1.58e-01	1.79e-05	0.00e+00	0.00e+00	0.00e+00	0.00e+00	0.00e+00
 5.82790e+16	8.50e-01	1.50e-01	1.59e-05	0.00e+00	0.00e+00	0.00e+00	0.00e+00	0.00e+00
 5.92070e+16	8.57e-01	1.43e-01	1.41e-05	0.00e+00	0.00e+00	0.00e+00	0.00e+00	0.00e+00
 6.01583e+16	8.65e-01	1.35e-01	1.25e-05	0.00e+00	0.00e+00	0.00e+00	0.00e+00	0.00e+00
 6.10928e+16	8.71e-01	1.29e-01	1.11e-05	0.00e+00	0.00e+00	0.00e+00	0.00e+00	0.00e+00
 6.20099e+16	8.78e-01	1.22e-01	9.96e-06	0.00e+00	0.00e+00	0.00e+00	0.00e+00	0.00e+00
 6.29202e+16	8.83e-01	1.17e-01	9.06e-06	0.00e+00	0.00e+00	0.00e+00	0.00e+00	0.00e+00
 6.38501e+16	8.88e-01	1.12e-01	8.13e-06	0.00e+00	0.00e+00	0.00e+00	0.00e+00	0.00e+00
 6.48082e+16	8.94e-01	1.06e-01	7.33e-06	0.00e+00	0.00e+00	0.00e+00	0.00e+00	0.00e+00
 6.58215e+16	8.99e-01	1.01e-01	6.58e-06	0.00e+00	0.00e+00	0.00e+00	0.00e+00	0.00e+00
 6.68518e+16	9.04e-01	9.64e-02	5.97e-06	0.00e+00	0.00e+00	0.00e+00	0.00e+00	0.00e+00
 6.78300e+16	9.08e-01	9.16e-02	5.41e-06	0.00e+00	0.00e+00	0.00e+00	0.00e+00	0.00e+00
 6.87511e+16	9.12e-01	8.80e-02	4.97e-06	0.00e+00	0.00e+00	0.00e+00	0.00e+00	0.00e+00
 6.96797e+16	9.16e-01	8.40e-02	4.56e-06	0.00e+00	0.00e+00	0.00e+00	0.00e+00	0.00e+00
 7.06139e+16	9.20e-01	8.04e-02	4.19e-06	0.00e+00	0.00e+00	0.00e+00	0.00e+00	0.00e+00
 7.15272e+16	9.23e-01	7.65e-02	3.84e-06	0.00e+00	0.00e+00	0.00e+00	0.00e+00	0.00e+00
 7.23963e+16	9.26e-01	7.36e-02	3.57e-06	0.00e+00	0.00e+00	0.00e+00	0.00e+00	0.00e+00
 7.32336e+16	9.30e-01	7.04e-02	3.31e-06	0.00e+00	0.00e+00	0.00e+00	0.00e+00	0.00e+00
 7.40528e+16	9.33e-01	6.73e-02	3.07e-06	0.00e+00	0.00e+00	0.00e+00	0.00e+00	0.00e+00
 7.48203e+16	9.35e-01	6.47e-02	2.88e-06	0.00e+00	0.00e+00	0.00e+00	0.00e+00	0.00e+00
 7.55693e+16	9.38e-01	6.24e-02	2.71e-06	0.00e+00	0.00e+00	0.00e+00	0.00e+00	0.00e+00
 7.63298e+16	9.40e-01	6.00e-02	2.55e-06	0.00e+00	0.00e+00	0.00e+00	0.00e+00	0.00e+00
 7.70769e+16	9.42e-01	5.76e-02	2.40e-06	0.00e+00	0.00e+00	0.00e+00	0.00e+00	0.00e+00
 7.77915e+16	9.45e-01	5.52e-02	2.25e-06	0.00e+00	0.00e+00	0.00e+00	0.00e+00	0.00e+00
 7.84568e+16	9.47e-01	5.29e-02	2.12e-06	0.00e+00	0.00e+00	0.00e+00	0.00e+00	0.00e+00
 7.90678e+16	9.49e-01	5.10e-02	2.02e-06	0.00e+00	0.00e+00	0.00e+00	0.00e+00	0.00e+00
 7.96608e+16	9.51e-01	4.95e-02	1.94e-06	0.00e+00	0.00e+00	0.00e+00	0.00e+00	0.00e+00
 8.02915e+16	9.52e-01	4.76e-02	1.84e-06	0.00e+00	0.00e+00	0.00e+00	0.00e+00	0.00e+00
 8.09212e+16	9.55e-01	4.54e-02	1.73e-06	0.00e+00	0.00e+00	0.00e+00	0.00e+00	0.00e+00
 8.14821e+16	9.56e-01	4.38e-02	1.66e-06	0.00e+00	0.00e+00	0.00e+00	0.00e+00	0.00e+00
 8.19963e+16	9.57e-01	4.26e-02	1.60e-06	0.00e+00	0.00e+00	0.00e+00	0.00e+00	0.00e+00
 8.25427e+16	9.59e-01	4.07e-02	1.52e-06	0.00e+00	0.00e+00	0.00e+00	0.00e+00	0.00e+00
 8.30768e+16	9.61e-01	3.94e-02	1.46e-06	0.00e+00	0.00e+00	0.00e+00	0.00e+00	0.00e+00
 8.35286e+16	9.62e-01	3.81e-02	1.40e-06	0.00e+00	0.00e+00	0.00e+00	0.00e+00	0.00e+00
 8.39816e+16	9.63e-01	3.68e-02	1.35e-06	0.00e+00	0.00e+00	0.00e+00	0.00e+00	0.00e+00
 8.44328e+16	9.65e-01	3.55e-02	1.30e-06	0.00e+00	0.00e+00	0.00e+00	0.00e+00	0.00e+00
 8.48352e+16	9.66e-01	3.42e-02	1.25e-06	0.00e+00	0.00e+00	0.00e+00	0.00e+00	0.00e+00
 8.52062e+16	9.67e-01	3.33e-02	1.22e-06	0.00e+00	0.00e+00	0.00e+00	0.00e+00	0.00e+00
 8.56182e+16	9.68e-01	3.21e-02	1.17e-06	0.00e+00	0.00e+00	0.00e+00	0.00e+00	0.00e+00
 8.60331e+16	9.69e-01	3.08e-02	1.12e-06	0.00e+00	0.00e+00	0.00e+00	0.00e+00	0.00e+00
 8.63797e+16	9.70e-01	2.99e-02	1.10e-06	0.00e+00	0.00e+00	0.00e+00	0.00e+00	0.00e+00
 8.67307e+16	9.71e-01	2.88e-02	1.06e-06	0.00e+00	0.00e+00	0.00e+00	0.00e+00	0.00e+00
 8.70733e+16	9.72e-01	2.77e-02	1.02e-06	0.00e+00	0.00e+00	0.00e+00	0.00e+00	0.00e+00
 8.73620e+16	9.73e-01	2.71e-02	1.00e-06	0.00e+00	0.00e+00	0.00e+00	0.00e+00	0.00e+00
 8.76691e+16	9.74e-01	2.64e-02	9.79e-07	0.00e+00	0.00e+00	0.00e+00	0.00e+00	0.00e+00
 8.80456e+16	9.75e-01	2.52e-02	9.38e-07	0.00e+00	0.00e+00	0.00e+00	0.00e+00	0.00e+00
 8.83835e+16	9.76e-01	2.41e-02	9.07e-07	0.00e+00	0.00e+00	0.00e+00	0.00e+00	0.00e+00
 8.86229e+16	9.76e-01	2.36e-02	8.92e-07	0.00e+00	0.00e+00	0.00e+00	0.00e+00	0.00e+00
 8.88628e+16	9.77e-01	2.28e-02	8.66e-07	0.00e+00	0.00e+00	0.00e+00	0.00e+00	0.00e+00
 8.91157e+16	9.78e-01	2.22e-02	8.48e-07	0.00e+00	0.00e+00	0.00e+00	0.00e+00	0.00e+00
 8.93033e+16	9.78e-01	2.16e-02	8.32e-07	0.00e+00	0.00e+00	0.00e+00	0.00e+00	0.00e+00
 8.94210e+16	9.79e-01	2.13e-02	8.22e-07	0.00e+00	0.00e+00	0.00e+00	0.00e+00	0.00e+00
 8.95161e+16	9.79e-01	2.11e-02	8.14e-07	0.00e+00	0.00e+00	0.00e+00	0.00e+00	0.00e+00
 8.96134e+16	9.79e-01	2.08e-02	8.05e-07	0.00e+00	0.00e+00	0.00e+00	0.00e+00	0.00e+00
 8.97230e+16	9.80e-01	2.05e-02	7.95e-07	0.00e+00	0.00e+00	0.00e+00	0.00e+00	0.00e+00
 8.98330e+16	9.80e-01	2.02e-02	7.87e-07	0.00e+00	0.00e+00	0.00e+00	0.00e+00	0.00e+00
 8.99317e+16	9.80e-01	1.98e-02	7.78e-07	0.00e+00	0.00e+00	0.00e+00	0.00e+00	0.00e+00
 9.00345e+16	9.80e-01	1.95e-02	7.69e-07	0.00e+00	0.00e+00	0.00e+00	0.00e+00	0.00e+00
 9.01335e+16	9.81e-01	1.92e-02	7.60e-07	0.00e+00	0.00e+00	0.00e+00	0.00e+00	0.00e+00
 9.02268e+16	9.81e-01	1.90e-02	7.52e-07	0.00e+00	0.00e+00	0.00e+00	0.00e+00	0.00e+00
 9.03176e+16	9.81e-01	1.87e-02	7.44e-07	0.00e+00	0.00e+00	0.00e+00	0.00e+00	0.00e+00
 9.04061e+16	9.82e-01	1.84e-02	7.37e-07	0.00e+00	0.00e+00	0.00e+00	0.00e+00	0.00e+00
 9.04981e+16	9.82e-01	1.81e-02	7.29e-07	0.00e+00	0.00e+00	0.00e+00	0.00e+00	0.00e+00
 9.05884e+16	9.82e-01	1.78e-02	7.21e-07	0.00e+00	0.00e+00	0.00e+00	0.00e+00	0.00e+00
 9.06757e+16	9.82e-01	1.76e-02	7.13e-07	0.00e+00	0.00e+00	0.00e+00	0.00e+00	0.00e+00
 9.07607e+16	9.83e-01	1.73e-02	7.06e-07	0.00e+00	0.00e+00	0.00e+00	0.00e+00	0.00e+00
 9.08443e+16	9.83e-01	1.70e-02	6.98e-07	0.00e+00	0.00e+00	0.00e+00	0.00e+00	0.00e+00
 9.09273e+16	9.83e-01	1.68e-02	6.91e-07	0.00e+00	0.00e+00	0.00e+00	0.00e+00	0.00e+00
 9.10096e+16	9.84e-01	1.65e-02	6.84e-07	0.00e+00	0.00e+00	0.00e+00	0.00e+00	0.00e+00
 9.10912e+16	9.84e-01	1.62e-02	6.77e-07	0.00e+00	0.00e+00	0.00e+00	0.00e+00	0.00e+00
 9.11720e+16	9.84e-01	1.59e-02	6.69e-07	0.00e+00	0.00e+00	0.00e+00	0.00e+00	0.00e+00
 9.12449e+16	9.84e-01	1.57e-02	6.62e-07	0.00e+00	0.00e+00	0.00e+00	0.00e+00	0.00e+00
 9.13110e+16	9.85e-01	1.54e-02	6.56e-07	0.00e+00	0.00e+00	0.00e+00	0.00e+00	0.00e+00
 9.13816e+16	9.85e-01	1.53e-02	6.50e-07	0.00e+00	0.00e+00	0.00e+00	0.00e+00	0.00e+00
 9.14558e+16	9.85e-01	1.50e-02	6.43e-07	0.00e+00	0.00e+00	0.00e+00	0.00e+00	0.00e+00
 9.15301e+16	9.85e-01	1.48e-02	6.37e-07	0.00e+00	0.00e+00	0.00e+00	0.00e+00	0.00e+00
 9.16101e+16	9.85e-01	1.45e-02	6.31e-07	0.00e+00	0.00e+00	0.00e+00	0.00e+00	0.00e+00
 9.17044e+16	9.86e-01	1.42e-02	6.23e-07	0.00e+00	0.00e+00	0.00e+00	0.00e+00	0.00e+00
 9.17951e+16	9.86e-01	1.39e-02	6.15e-07	0.00e+00	0.00e+00	0.00e+00	0.00e+00	0.00e+00
 9.18656e+16	9.86e-01	1.37e-02	6.08e-07	0.00e+00	0.00e+00	0.00e+00	0.00e+00	0.00e+00
 9.19318e+16	9.87e-01	1.35e-02	6.02e-07	0.00e+00	0.00e+00	0.00e+00	0.00e+00	0.00e+00
 9.20032e+16	9.87e-01	1.32e-02	5.96e-07	0.00e+00	0.00e+00	0.00e+00	0.00e+00	0.00e+00
 9.20794e+16	9.87e-01	1.30e-02	5.89e-07	0.00e+00	0.00e+00	0.00e+00	0.00e+00	0.00e+00
 9.21604e+16	9.87e-01	1.27e-02	5.83e-07	0.00e+00	0.00e+00	0.00e+00	0.00e+00	0.00e+00
 9.22437e+16	9.88e-01	1.25e-02	5.76e-07	0.00e+00	0.00e+00	0.00e+00	0.00e+00	0.00e+00
 9.23258e+16	9.88e-01	1.22e-02	5.69e-07	0.00e+00	0.00e+00	0.00e+00	0.00e+00	0.00e+00
 9.24062e+16	9.88e-01	1.19e-02	5.62e-07	0.00e+00	0.00e+00	0.00e+00	0.00e+00	0.00e+00
 9.24866e+16	9.88e-01	1.17e-02	5.55e-07	0.00e+00	0.00e+00	0.00e+00	0.00e+00	0.00e+00
 9.25696e+16	9.89e-01	1.14e-02	5.48e-07	0.00e+00	0.00e+00	0.00e+00	0.00e+00	0.00e+00
 9.26569e+16	9.89e-01	1.11e-02	5.41e-07	0.00e+00	0.00e+00	0.00e+00	0.00e+00	0.00e+00
 9.27468e+16	9.89e-01	1.09e-02	5.34e-07	0.00e+00	0.00e+00	0.00e+00	0.00e+00	0.00e+00
 9.28357e+16	9.89e-01	1.06e-02	5.27e-07	0.00e+00	0.00e+00	0.00e+00	0.00e+00	0.00e+00
 9.29238e+16	9.90e-01	1.03e-02	5.20e-07	0.00e+00	0.00e+00	0.00e+00	0.00e+00	0.00e+00
 9.30158e+16	9.90e-01	9.94e-03	5.08e-07	0.00e+00	0.00e+00	0.00e+00	0.00e+00	0.00e+00
 9.30978e+16	9.90e-01	9.72e-03	5.03e-07	0.00e+00	0.00e+00	0.00e+00	0.00e+00	0.00e+00
 9.31777e+16	9.90e-01	9.49e-03	4.96e-07	0.00e+00	0.00e+00	0.00e+00	0.00e+00	0.00e+00
 9.32815e+16	9.91e-01	9.06e-03	4.84e-07	0.00e+00	0.00e+00	0.00e+00	0.00e+00	0.00e+00
 9.33855e+16	9.91e-01	8.65e-03	4.73e-07	0.00e+00	0.00e+00	0.00e+00	0.00e+00	0.00e+00
 9.34683e+16	9.92e-01	8.45e-03	4.67e-07	0.00e+00	0.00e+00	0.00e+00	0.00e+00	0.00e+00
 9.35549e+16	9.92e-01	8.06e-03	4.56e-07	0.00e+00	0.00e+00	0.00e+00	0.00e+00	0.00e+00
 9.36521e+16	9.92e-01	7.66e-03	4.45e-07	0.00e+00	0.00e+00	0.00e+00	0.00e+00	0.00e+00
 9.37473e+16	9.93e-01	7.26e-03	4.33e-07	0.00e+00	0.00e+00	0.00e+00	0.00e+00	0.00e+00
 9.38403e+16	9.93e-01	6.71e-03	4.16e-07	0.00e+00	0.00e+00	0.00e+00	0.00e+00	0.00e+00
 9.39281e+16	9.94e-01	6.05e-03	3.94e-07	0.00e+00	0.00e+00	0.00e+00	0.00e+00	0.00e+00
 9.40079e+16	9.98e-01	1.63e-03	1.43e-07	0.00e+00	0.00e+00	0.00e+00	0.00e+00	0.00e+00
 9.40806e+16	9.99e-01	1.28e-03	1.19e-07	0.00e+00	0.00e+00	0.00e+00	0.00e+00	0.00e+00
