#depth	N  1	N  2	N  3	N  4	N  5	N  6	N  7	N  8
 6.38166e+12	3.45e-02	9.24e-01	4.11e-02	1.28e-04	1.29e-06	0.00e+00	0.00e+00	0.00e+00
 3.82900e+13	3.46e-02	9.24e-01	4.11e-02	1.28e-04	1.28e-06	0.00e+00	0.00e+00	0.00e+00
 1.65923e+14	3.49e-02	9.24e-01	4.09e-02	1.27e-04	1.28e-06	0.00e+00	0.00e+00	0.00e+00
 6.76456e+14	3.59e-02	9.24e-01	4.00e-02	1.23e-04	1.23e-06	0.00e+00	0.00e+00	0.00e+00
 1.61584e+15	3.79e-02	9.23e-01	3.94e-02	1.21e-04	1.21e-06	0.00e+00	0.00e+00	0.00e+00
 2.83703e+15	4.04e-02	9.22e-01	3.78e-02	1.14e-04	1.13e-06	0.00e+00	0.00e+00	0.00e+00
 4.42459e+15	4.37e-02	9.21e-01	3.50e-02	1.02e-04	1.01e-06	0.00e+00	0.00e+00	0.00e+00
 6.47089e+15	4.84e-02	9.20e-01	3.11e-02	8.58e-05	8.33e-07	0.00e+00	0.00e+00	0.00e+00
 8.67517e+15	5.35e-02	9.19e-01	2.72e-02	7.07e-05	0.00e+00	0.00e+00	0.00e+00	0.00e+00
 1.06915e+16	5.89e-02	9.18e-01	2.34e-02	5.74e-05	0.00e+00	0.00e+00	0.00e+00	0.00e+00
 1.25185e+16	6.46e-02	9.15e-01	2.01e-02	4.63e-05	0.00e+00	0.00e+00	0.00e+00	0.00e+00
 1.42580e+16	7.10e-02	9.12e-01	1.71e-02	3.72e-05	0.00e+00	0.00e+00	0.00e+00	0.00e+00
 1.60484e+16	7.89e-02	9.07e-01	1.41e-02	2.92e-05	0.00e+00	0.00e+00	0.00e+00	0.00e+00
 1.79126e+16	8.92e-02	8.99e-01	1.13e-02	2.23e-05	0.00e+00	0.00e+00	0.00e+00	0.00e+00
 1.97946e+16	1.02e-01	8.89e-01	8.84e-03	1.68e-05	0.00e+00	0.00e+00	0.00e+00	0.00e+00
 2.15253e+16	1.18e-01	8.75e-01	6.86e-03	1.28e-05	0.00e+00	0.00e+00	0.00e+00	0.00e+00
 2.30201e+16	1.36e-01	8.59e-01	5.37e-03	9.97e-06	0.00e+00	0.00e+00	0.00e+00	0.00e+00
 2.43790e+16	1.57e-01	8.39e-01	4.21e-03	7.89e-06	0.00e+00	0.00e+00	0.00e+00	0.00e+00
 2.55867e+16	1.80e-01	8.17e-01	3.31e-03	6.34e-06	0.00e+00	0.00e+00	0.00e+00	0.00e+00
 2.65432e+16	2.02e-01	7.95e-01	2.70e-03	5.31e-06	0.00e+00	0.00e+00	0.00e+00	0.00e+00
 2.72788e+16	2.22e-01	7.76e-01	2.29e-03	4.63e-06	0.00e+00	0.00e+00	0.00e+00	0.00e+00
 2.79052e+16	2.40e-01	7.58e-01	1.98e-03	4.11e-06	0.00e+00	0.00e+00	0.00e+00	0.00e+00
 2.84995e+16	2.60e-01	7.39e-01	1.71e-03	3.66e-06	0.00e+00	0.00e+00	0.00e+00	0.00e+00
 2.90768e+16	2.80e-01	7.19e-01	1.48e-03	3.28e-06	0.00e+00	0.00e+00	0.00e+00	0.00e+00
 2.96200e+16	3.00e-01	6.99e-01	1.30e-03	2.96e-06	0.00e+00	0.00e+00	0.00e+00	0.00e+00
 3.01196e+16	3.20e-01	6.79e-01	1.14e-03	2.69e-06	0.00e+00	0.00e+00	0.00e+00	0.00e+00
 3.05874e+16	3.38e-01	6.61e-01	1.01e-03	2.48e-06	0.00e+00	0.00e+00	0.00e+00	0.00e+00
 3.10392e+16	3.58e-01	6.41e-01	8.93e-04	2.26e-06	0.00e+00	0.00e+00	0.00e+00	0.00e+00
 3.13990e+16	3.73e-01	6.26e-01	8.18e-04	2.12e-06	0.00e+00	0.00e+00	0.00e+00	0.00e+00
 3.16486e+16	3.84e-01	6.15e-01	7.66e-04	2.03e-06	0.00e+00	0.00e+00	0.00e+00	0.00e+00
 3.18923e+16	3.95e-01	6.05e-01	7.18e-04	1.94e-06	0.00e+00	0.00e+00	0.00e+00	0.00e+00
 3.21787e+16	4.07e-01	5.92e-01	6.65e-04	1.84e-06	0.00e+00	0.00e+00	0.00e+00	0.00e+00
 3.24941e+16	4.21e-01	5.78e-01	6.12e-04	1.74e-06	0.00e+00	0.00e+00	0.00e+00	0.00e+00
 3.28049e+16	4.35e-01	5.65e-01	5.63e-04	1.65e-06	0.00e+00	0.00e+00	0.00e+00	0.00e+00
 3.31024e+16	4.48e-01	5.51e-01	5.21e-04	1.56e-06	0.00e+00	0.00e+00	0.00e+00	0.00e+00
 3.33983e+16	4.61e-01	5.39e-01	4.81e-04	1.48e-06	0.00e+00	0.00e+00	0.00e+00	0.00e+00
 3.37041e+16	4.74e-01	5.25e-01	4.44e-04	1.41e-06	0.00e+00	0.00e+00	0.00e+00	0.00e+00
 3.40219e+16	4.88e-01	5.12e-01	4.09e-04	1.33e-06	0.00e+00	0.00e+00	0.00e+00	0.00e+00
 3.43473e+16	5.02e-01	4.98e-01	3.75e-04	1.26e-06	0.00e+00	0.00e+00	0.00e+00	0.00e+00
 3.46734e+16	5.15e-01	4.84e-01	3.45e-04	1.20e-06	0.00e+00	0.00e+00	0.00e+00	0.00e+00
 3.50020e+16	5.29e-01	4.71e-01	3.17e-04	1.14e-06	0.00e+00	0.00e+00	0.00e+00	0.00e+00
 3.53412e+16	5.42e-01	4.57e-01	2.91e-04	1.08e-06	0.00e+00	0.00e+00	0.00e+00	0.00e+00
 3.56931e+16	5.56e-01	4.44e-01	2.66e-04	1.02e-06	0.00e+00	0.00e+00	0.00e+00	0.00e+00
 3.60556e+16	5.70e-01	4.30e-01	2.43e-04	9.68e-07	0.00e+00	0.00e+00	0.00e+00	0.00e+00
 3.64269e+16	5.83e-01	4.17e-01	2.22e-04	0.00e+00	0.00e+00	0.00e+00	0.00e+00	0.00e+00
 3.68081e+16	5.97e-01	4.03e-01	2.02e-04	0.00e+00	0.00e+00	0.00e+00	0.00e+00	0.00e+00
 3.72021e+16	6.10e-01	3.90e-01	1.84e-04	0.00e+00	0.00e+00	0.00e+00	0.00e+00	0.00e+00
 3.76108e+16	6.23e-01	3.76e-01	1.67e-04	0.00e+00	0.00e+00	0.00e+00	0.00e+00	0.00e+00
 3.80341e+16	6.37e-01	3.63e-01	1.51e-04	0.00e+00	0.00e+00	0.00e+00	0.00e+00	0.00e+00
 3.84595e+16	6.50e-01	3.50e-01	1.38e-04	0.00e+00	0.00e+00	0.00e+00	0.00e+00	0.00e+00
 3.88915e+16	6.62e-01	3.38e-01	1.25e-04	0.00e+00	0.00e+00	0.00e+00	0.00e+00	0.00e+00
 3.93497e+16	6.74e-01	3.26e-01	1.13e-04	0.00e+00	0.00e+00	0.00e+00	0.00e+00	0.00e+00
 3.98404e+16	6.86e-01	3.13e-01	1.02e-04	0.00e+00	0.00e+00	0.00e+00	0.00e+00	0.00e+00
 4.03633e+16	7.00e-01	3.00e-01	9.13e-05	0.00e+00	0.00e+00	0.00e+00	0.00e+00	0.00e+00
 4.08710e+16	7.11e-01	2.89e-01	8.27e-05	0.00e+00	0.00e+00	0.00e+00	0.00e+00	0.00e+00
 4.13285e+16	7.21e-01	2.79e-01	7.56e-05	0.00e+00	0.00e+00	0.00e+00	0.00e+00	0.00e+00
 4.18208e+16	7.31e-01	2.69e-01	6.88e-05	0.00e+00	0.00e+00	0.00e+00	0.00e+00	0.00e+00
 4.24292e+16	7.43e-01	2.57e-01	6.13e-05	0.00e+00	0.00e+00	0.00e+00	0.00e+00	0.00e+00
 4.30832e+16	7.57e-01	2.43e-01	5.40e-05	0.00e+00	0.00e+00	0.00e+00	0.00e+00	0.00e+00
 4.36637e+16	7.66e-01	2.34e-01	4.91e-05	0.00e+00	0.00e+00	0.00e+00	0.00e+00	0.00e+00
 4.41738e+16	7.74e-01	2.26e-01	4.50e-05	0.00e+00	0.00e+00	0.00e+00	0.00e+00	0.00e+00
 4.47469e+16	7.83e-01	2.17e-01	4.10e-05	0.00e+00	0.00e+00	0.00e+00	0.00e+00	0.00e+00
 4.54565e+16	7.95e-01	2.05e-01	3.62e-05	0.00e+00	0.00e+00	0.00e+00	0.00e+00	0.00e+00
 4.61844e+16	8.05e-01	1.95e-01	3.25e-05	0.00e+00	0.00e+00	0.00e+00	0.00e+00	0.00e+00
 4.68532e+16	8.13e-01	1.87e-01	2.94e-05	0.00e+00	0.00e+00	0.00e+00	0.00e+00	0.00e+00
 4.75124e+16	8.20e-01	1.79e-01	2.70e-05	0.00e+00	0.00e+00	0.00e+00	0.00e+00	0.00e+00
 4.82039e+16	8.28e-01	1.72e-01	2.46e-05	0.00e+00	0.00e+00	0.00e+00	0.00e+00	0.00e+00
 4.89988e+16	8.37e-01	1.63e-01	2.21e-05	0.00e+00	0.00e+00	0.00e+00	0.00e+00	0.00e+00
 4.98832e+16	8.46e-01	1.54e-01	1.98e-05	0.00e+00	0.00e+00	0.00e+00	0.00e+00	0.00e+00
 5.06890e+16	8.53e-01	1.47e-01	1.81e-05	0.00e+00	0.00e+00	0.00e+00	0.00e+00	0.00e+00
 5.14508e+16	8.59e-01	1.41e-01	1.66e-05	0.00e+00	0.00e+00	0.00e+00	0.00e+00	0.00e+00
 5.23807e+16	8.66e-01	1.34e-01	1.51e-05	0.00e+00	0.00e+00	0.00e+00	0.00e+00	0.00e+00
 5.33318e+16	8.73e-01	1.27e-01	1.38e-05	0.00e+00	0.00e+00	0.00e+00	0.00e+00	0.00e+00
 5.41361e+16	8.79e-01	1.21e-01	1.29e-05	0.00e+00	0.00e+00	0.00e+00	0.00e+00	0.00e+00
 5.50068e+16	8.84e-01	1.16e-01	1.19e-05	0.00e+00	0.00e+00	0.00e+00	0.00e+00	0.00e+00
 5.60729e+16	8.90e-01	1.10e-01	1.10e-05	0.00e+00	0.00e+00	0.00e+00	0.00e+00	0.00e+00
 5.70982e+16	8.96e-01	1.04e-01	1.01e-05	0.00e+00	0.00e+00	0.00e+00	0.00e+00	0.00e+00
 5.80050e+16	9.00e-01	9.98e-02	9.51e-06	0.00e+00	0.00e+00	0.00e+00	0.00e+00	0.00e+00
 5.89490e+16	9.05e-01	9.52e-02	8.91e-06	0.00e+00	0.00e+00	0.00e+00	0.00e+00	0.00e+00
 5.99362e+16	9.09e-01	9.08e-02	8.36e-06	0.00e+00	0.00e+00	0.00e+00	0.00e+00	0.00e+00
 6.09329e+16	9.14e-01	8.63e-02	7.84e-06	0.00e+00	0.00e+00	0.00e+00	0.00e+00	0.00e+00
 6.18837e+16	9.17e-01	8.26e-02	7.43e-06	0.00e+00	0.00e+00	0.00e+00	0.00e+00	0.00e+00
 6.28025e+16	9.21e-01	7.92e-02	7.06e-06	0.00e+00	0.00e+00	0.00e+00	0.00e+00	0.00e+00
 6.37275e+16	9.24e-01	7.56e-02	6.70e-06	0.00e+00	0.00e+00	0.00e+00	0.00e+00	0.00e+00
 6.46058e+16	9.28e-01	7.25e-02	6.40e-06	0.00e+00	0.00e+00	0.00e+00	0.00e+00	0.00e+00
 6.54313e+16	9.30e-01	6.96e-02	6.13e-06	0.00e+00	0.00e+00	0.00e+00	0.00e+00	0.00e+00
 6.62353e+16	9.33e-01	6.70e-02	5.89e-06	0.00e+00	0.00e+00	0.00e+00	0.00e+00	0.00e+00
 6.70329e+16	9.36e-01	6.43e-02	5.66e-06	0.00e+00	0.00e+00	0.00e+00	0.00e+00	0.00e+00
 6.78111e+16	9.39e-01	6.13e-02	5.41e-06	0.00e+00	0.00e+00	0.00e+00	0.00e+00	0.00e+00
 6.85254e+16	9.41e-01	5.93e-02	5.25e-06	0.00e+00	0.00e+00	0.00e+00	0.00e+00	0.00e+00
 6.92077e+16	9.43e-01	5.74e-02	5.09e-06	0.00e+00	0.00e+00	0.00e+00	0.00e+00	0.00e+00
 6.99134e+16	9.45e-01	5.51e-02	4.92e-06	0.00e+00	0.00e+00	0.00e+00	0.00e+00	0.00e+00
 7.05991e+16	9.47e-01	5.30e-02	4.75e-06	0.00e+00	0.00e+00	0.00e+00	0.00e+00	0.00e+00
 7.12328e+16	9.49e-01	5.12e-02	4.62e-06	0.00e+00	0.00e+00	0.00e+00	0.00e+00	0.00e+00
 7.18407e+16	9.51e-01	4.94e-02	4.49e-06	0.00e+00	0.00e+00	0.00e+00	0.00e+00	0.00e+00
 7.24271e+16	9.52e-01	4.77e-02	4.37e-06	0.00e+00	0.00e+00	0.00e+00	0.00e+00	0.00e+00
 7.29890e+16	9.54e-01	4.60e-02	4.25e-06	0.00e+00	0.00e+00	0.00e+00	0.00e+00	0.00e+00
 7.35345e+16	9.55e-01	4.46e-02	4.16e-06	0.00e+00	0.00e+00	0.00e+00	0.00e+00	0.00e+00
 7.41234e+16	9.57e-01	4.27e-02	4.03e-06	0.00e+00	0.00e+00	0.00e+00	0.00e+00	0.00e+00
 7.46744e+16	9.59e-01	4.10e-02	3.92e-06	0.00e+00	0.00e+00	0.00e+00	0.00e+00	0.00e+00
 7.51106e+16	9.60e-01	4.00e-02	3.86e-06	0.00e+00	0.00e+00	0.00e+00	0.00e+00	0.00e+00
 7.55811e+16	9.61e-01	3.86e-02	3.75e-06	0.00e+00	0.00e+00	0.00e+00	0.00e+00	0.00e+00
 7.60568e+16	9.63e-01	3.72e-02	3.66e-06	0.00e+00	0.00e+00	0.00e+00	0.00e+00	0.00e+00
 7.64614e+16	9.64e-01	3.62e-02	3.60e-06	0.00e+00	0.00e+00	0.00e+00	0.00e+00	0.00e+00
 7.68887e+16	9.65e-01	3.49e-02	3.51e-06	0.00e+00	0.00e+00	0.00e+00	0.00e+00	0.00e+00
 7.73039e+16	9.66e-01	3.36e-02	3.43e-06	0.00e+00	0.00e+00	0.00e+00	0.00e+00	0.00e+00
 7.76429e+16	9.67e-01	3.29e-02	3.39e-06	0.00e+00	0.00e+00	0.00e+00	0.00e+00	0.00e+00
 7.80027e+16	9.68e-01	3.17e-02	3.31e-06	0.00e+00	0.00e+00	0.00e+00	0.00e+00	0.00e+00
 7.83761e+16	9.69e-01	3.10e-02	3.27e-06	0.00e+00	0.00e+00	0.00e+00	0.00e+00	0.00e+00
 7.87669e+16	9.70e-01	2.99e-02	3.19e-06	0.00e+00	0.00e+00	0.00e+00	0.00e+00	0.00e+00
 7.91638e+16	9.71e-01	2.86e-02	3.12e-06	0.00e+00	0.00e+00	0.00e+00	0.00e+00	0.00e+00
 7.94712e+16	9.72e-01	2.80e-02	3.08e-06	0.00e+00	0.00e+00	0.00e+00	0.00e+00	0.00e+00
 7.97585e+16	9.73e-01	2.71e-02	3.02e-06	0.00e+00	0.00e+00	0.00e+00	0.00e+00	0.00e+00
 8.00543e+16	9.74e-01	2.64e-02	2.98e-06	0.00e+00	0.00e+00	0.00e+00	0.00e+00	0.00e+00
 8.03437e+16	9.75e-01	2.54e-02	2.91e-06	0.00e+00	0.00e+00	0.00e+00	0.00e+00	0.00e+00
 8.06061e+16	9.75e-01	2.47e-02	2.87e-06	0.00e+00	0.00e+00	0.00e+00	0.00e+00	0.00e+00
 8.08419e+16	9.76e-01	2.39e-02	2.81e-06	0.00e+00	0.00e+00	0.00e+00	0.00e+00	0.00e+00
 8.10691e+16	9.77e-01	2.33e-02	2.78e-06	0.00e+00	0.00e+00	0.00e+00	0.00e+00	0.00e+00
 8.12958e+16	9.77e-01	2.25e-02	2.73e-06	0.00e+00	0.00e+00	0.00e+00	0.00e+00	0.00e+00
 8.15171e+16	9.78e-01	2.20e-02	2.69e-06	0.00e+00	0.00e+00	0.00e+00	0.00e+00	0.00e+00
 8.17230e+16	9.79e-01	2.12e-02	2.64e-06	0.00e+00	0.00e+00	0.00e+00	0.00e+00	0.00e+00
 8.19150e+16	9.79e-01	2.08e-02	2.61e-06	0.00e+00	0.00e+00	0.00e+00	0.00e+00	0.00e+00
 8.21014e+16	9.80e-01	2.02e-02	2.58e-06	0.00e+00	0.00e+00	0.00e+00	0.00e+00	0.00e+00
 8.23123e+16	9.81e-01	1.94e-02	2.52e-06	0.00e+00	0.00e+00	0.00e+00	0.00e+00	0.00e+00
 8.24881e+16	9.81e-01	1.88e-02	2.49e-06	0.00e+00	0.00e+00	0.00e+00	0.00e+00	0.00e+00
 8.25936e+16	9.81e-01	1.85e-02	2.46e-06	0.00e+00	0.00e+00	0.00e+00	0.00e+00	0.00e+00
 8.26694e+16	9.82e-01	1.83e-02	2.44e-06	0.00e+00	0.00e+00	0.00e+00	0.00e+00	0.00e+00
 8.27427e+16	9.82e-01	1.81e-02	2.43e-06	0.00e+00	0.00e+00	0.00e+00	0.00e+00	0.00e+00
 8.28204e+16	9.82e-01	1.79e-02	2.41e-06	0.00e+00	0.00e+00	0.00e+00	0.00e+00	0.00e+00
 8.29047e+16	9.82e-01	1.76e-02	2.39e-06	0.00e+00	0.00e+00	0.00e+00	0.00e+00	0.00e+00
 8.29915e+16	9.83e-01	1.74e-02	2.38e-06	0.00e+00	0.00e+00	0.00e+00	0.00e+00	0.00e+00
 8.30704e+16	9.83e-01	1.71e-02	2.36e-06	0.00e+00	0.00e+00	0.00e+00	0.00e+00	0.00e+00
 8.31416e+16	9.83e-01	1.69e-02	2.34e-06	0.00e+00	0.00e+00	0.00e+00	0.00e+00	0.00e+00
 8.32161e+16	9.83e-01	1.67e-02	2.33e-06	0.00e+00	0.00e+00	0.00e+00	0.00e+00	0.00e+00
 8.32893e+16	9.84e-01	1.64e-02	2.31e-06	0.00e+00	0.00e+00	0.00e+00	0.00e+00	0.00e+00
 8.33470e+16	9.84e-01	1.61e-02	2.29e-06	0.00e+00	0.00e+00	0.00e+00	0.00e+00	0.00e+00
 8.33933e+16	9.84e-01	1.59e-02	2.27e-06	0.00e+00	0.00e+00	0.00e+00	0.00e+00	0.00e+00
 8.34456e+16	9.84e-01	1.57e-02	2.26e-06	0.00e+00	0.00e+00	0.00e+00	0.00e+00	0.00e+00
 8.35065e+16	9.84e-01	1.55e-02	2.24e-06	0.00e+00	0.00e+00	0.00e+00	0.00e+00	0.00e+00
 8.35735e+16	9.85e-01	1.53e-02	2.23e-06	0.00e+00	0.00e+00	0.00e+00	0.00e+00	0.00e+00
 8.36461e+16	9.85e-01	1.51e-02	2.21e-06	0.00e+00	0.00e+00	0.00e+00	0.00e+00	0.00e+00
 8.37179e+16	9.85e-01	1.48e-02	2.19e-06	0.00e+00	0.00e+00	0.00e+00	0.00e+00	0.00e+00
 8.37890e+16	9.85e-01	1.45e-02	2.18e-06	0.00e+00	0.00e+00	0.00e+00	0.00e+00	0.00e+00
 8.38593e+16	9.86e-01	1.43e-02	2.16e-06	0.00e+00	0.00e+00	0.00e+00	0.00e+00	0.00e+00
 8.39247e+16	9.86e-01	1.40e-02	2.14e-06	0.00e+00	0.00e+00	0.00e+00	0.00e+00	0.00e+00
 8.39879e+16	9.86e-01	1.38e-02	2.12e-06	0.00e+00	0.00e+00	0.00e+00	0.00e+00	0.00e+00
 8.40520e+16	9.86e-01	1.36e-02	2.11e-06	0.00e+00	0.00e+00	0.00e+00	0.00e+00	0.00e+00
 8.41174e+16	9.87e-01	1.34e-02	2.09e-06	0.00e+00	0.00e+00	0.00e+00	0.00e+00	0.00e+00
 8.41849e+16	9.87e-01	1.31e-02	2.07e-06	0.00e+00	0.00e+00	0.00e+00	0.00e+00	0.00e+00
 8.42536e+16	9.87e-01	1.29e-02	2.05e-06	0.00e+00	0.00e+00	0.00e+00	0.00e+00	0.00e+00
 8.43221e+16	9.87e-01	1.26e-02	2.03e-06	0.00e+00	0.00e+00	0.00e+00	0.00e+00	0.00e+00
 8.43901e+16	9.88e-01	1.24e-02	2.02e-06	0.00e+00	0.00e+00	0.00e+00	0.00e+00	0.00e+00
 8.44576e+16	9.88e-01	1.21e-02	2.00e-06	0.00e+00	0.00e+00	0.00e+00	0.00e+00	0.00e+00
 8.45256e+16	9.88e-01	1.19e-02	1.98e-06	0.00e+00	0.00e+00	0.00e+00	0.00e+00	0.00e+00
 8.45952e+16	9.88e-01	1.16e-02	1.96e-06	0.00e+00	0.00e+00	0.00e+00	0.00e+00	0.00e+00
 8.46660e+16	9.89e-01	1.14e-02	1.94e-06	0.00e+00	0.00e+00	0.00e+00	0.00e+00	0.00e+00
 8.47363e+16	9.89e-01	1.10e-02	1.90e-06	0.00e+00	0.00e+00	0.00e+00	0.00e+00	0.00e+00
 8.47936e+16	9.89e-01	1.08e-02	1.88e-06	0.00e+00	0.00e+00	0.00e+00	0.00e+00	0.00e+00
 8.48451e+16	9.89e-01	1.06e-02	1.87e-06	0.00e+00	0.00e+00	0.00e+00	0.00e+00	0.00e+00
 8.49121e+16	9.90e-01	1.03e-02	1.85e-06	0.00e+00	0.00e+00	0.00e+00	0.00e+00	0.00e+00
 8.49959e+16	9.90e-01	9.90e-03	1.81e-06	0.00e+00	0.00e+00	0.00e+00	0.00e+00	0.00e+00
 8.50725e+16	9.91e-01	9.45e-03	1.77e-06	0.00e+00	0.00e+00	0.00e+00	0.00e+00	0.00e+00
 8.51245e+16	9.91e-01	9.27e-03	1.75e-06	0.00e+00	0.00e+00	0.00e+00	0.00e+00	0.00e+00
 8.51734e+16	9.91e-01	8.90e-03	1.72e-06	0.00e+00	0.00e+00	0.00e+00	0.00e+00	0.00e+00
 8.52288e+16	9.91e-01	8.56e-03	1.68e-06	0.00e+00	0.00e+00	0.00e+00	0.00e+00	0.00e+00
 8.52847e+16	9.92e-01	8.21e-03	1.65e-06	0.00e+00	0.00e+00	0.00e+00	0.00e+00	0.00e+00
 8.53386e+16	9.92e-01	7.72e-03	1.60e-06	0.00e+00	0.00e+00	0.00e+00	0.00e+00	0.00e+00
 8.53876e+16	9.93e-01	7.12e-03	1.53e-06	0.00e+00	0.00e+00	0.00e+00	0.00e+00	0.00e+00
 8.54322e+16	9.96e-01	3.98e-03	1.01e-06	0.00e+00	0.00e+00	0.00e+00	0.00e+00	0.00e+00
 8.54728e+16	9.96e-01	3.61e-03	9.23e-07	0.00e+00	0.00e+00	0.00e+00	0.00e+00	0.00e+00
 8.55098e+16	9.97e-01	3.45e-03	8.83e-07	0.00e+00	0.00e+00	0.00e+00	0.00e+00	0.00e+00
 8.55434e+16	9.97e-01	3.31e-03	8.48e-07	0.00e+00	0.00e+00	0.00e+00	0.00e+00	0.00e+00
 8.55740e+16	9.97e-01	3.21e-03	8.25e-07	0.00e+00	0.00e+00	0.00e+00	0.00e+00	0.00e+00
 8.56019e+16	9.97e-01	3.12e-03	8.03e-07	0.00e+00	0.00e+00	0.00e+00	0.00e+00	0.00e+00
 8.56272e+16	9.97e-01	3.06e-03	7.88e-07	0.00e+00	0.00e+00	0.00e+00	0.00e+00	0.00e+00
 8.56503e+16	9.97e-01	3.00e-03	7.75e-07	0.00e+00	0.00e+00	0.00e+00	0.00e+00	0.00e+00
 8.56712e+16	9.97e-01	2.95e-03	7.62e-07	0.00e+00	0.00e+00	0.00e+00	0.00e+00	0.00e+00
 8.56942e+16	9.97e-01	2.90e-03	7.50e-07	0.00e+00	0.00e+00	0.00e+00	0.00e+00	0.00e+00
 8.57241e+16	9.97e-01	2.84e-03	7.37e-07	0.00e+00	0.00e+00	0.00e+00	0.00e+00	0.00e+00
 8.57564e+16	9.97e-01	2.74e-03	7.15e-07	0.00e+00	0.00e+00	0.00e+00	0.00e+00	0.00e+00
 8.57858e+16	9.97e-01	2.66e-03	6.96e-07	0.00e+00	0.00e+00	0.00e+00	0.00e+00	0.00e+00
 8.58125e+16	9.97e-01	2.61e-03	6.84e-07	0.00e+00	0.00e+00	0.00e+00	0.00e+00	0.00e+00
 8.58368e+16	9.97e-01	2.56e-03	6.72e-07	0.00e+00	0.00e+00	0.00e+00	0.00e+00	0.00e+00
 8.58635e+16	9.97e-01	2.51e-03	6.60e-07	0.00e+00	0.00e+00	0.00e+00	0.00e+00	0.00e+00
 8.58922e+16	9.98e-01	2.44e-03	6.43e-07	0.00e+00	0.00e+00	0.00e+00	0.00e+00	0.00e+00
 8.59184e+16	9.98e-01	2.39e-03	6.32e-07	0.00e+00	0.00e+00	0.00e+00	0.00e+00	0.00e+00
 8.59422e+16	9.98e-01	2.35e-03	6.21e-07	0.00e+00	0.00e+00	0.00e+00	0.00e+00	0.00e+00
 8.59683e+16	9.98e-01	2.30e-03	6.11e-07	0.00e+00	0.00e+00	0.00e+00	0.00e+00	0.00e+00
 8.59965e+16	9.98e-01	2.25e-03	5.99e-07	0.00e+00	0.00e+00	0.00e+00	0.00e+00	0.00e+00
 8.60222e+16	9.98e-01	2.20e-03	5.88e-07	0.00e+00	0.00e+00	0.00e+00	0.00e+00	0.00e+00
 8.60455e+16	9.98e-01	2.15e-03	5.78e-07	0.00e+00	0.00e+00	0.00e+00	0.00e+00	0.00e+00
 8.60711e+16	9.98e-01	2.11e-03	5.68e-07	0.00e+00	0.00e+00	0.00e+00	0.00e+00	0.00e+00
 8.60987e+16	9.98e-01	2.06e-03	5.58e-07	0.00e+00	0.00e+00	0.00e+00	0.00e+00	0.00e+00
 8.61238e+16	9.98e-01	2.02e-03	5.47e-07	0.00e+00	0.00e+00	0.00e+00	0.00e+00	0.00e+00
 8.61467e+16	9.98e-01	1.98e-03	5.38e-07	0.00e+00	0.00e+00	0.00e+00	0.00e+00	0.00e+00
 8.61717e+16	9.98e-01	1.93e-03	5.29e-07	0.00e+00	0.00e+00	0.00e+00	0.00e+00	0.00e+00
 8.62043e+16	9.98e-01	1.87e-03	5.15e-07	0.00e+00	0.00e+00	0.00e+00	0.00e+00	0.00e+00
 8.62395e+16	9.98e-01	1.79e-03	4.99e-07	0.00e+00	0.00e+00	0.00e+00	0.00e+00	0.00e+00
###########################
 6.38166e+12	3.45e-02	9.24e-01	4.11e-02	1.28e-04	1.29e-06	0.00e+00	0.00e+00	0.00e+00
 3.82900e+13	3.46e-02	9.24e-01	4.11e-02	1.28e-04	1.28e-06	0.00e+00	0.00e+00	0.00e+00
 1.65923e+14	3.48e-02	9.24e-01	4.10e-02	1.27e-04	1.28e-06	0.00e+00	0.00e+00	0.00e+00
 6.76456e+14	3.58e-02	9.24e-01	4.04e-02	1.24e-04	1.25e-06	0.00e+00	0.00e+00	0.00e+00
 1.61584e+15	3.78e-02	9.22e-01	3.98e-02	1.22e-04	1.22e-06	0.00e+00	0.00e+00	0.00e+00
 2.83703e+15	4.04e-02	9.21e-01	3.81e-02	1.15e-04	1.14e-06	0.00e+00	0.00e+00	0.00e+00
 4.42459e+15	4.39e-02	9.21e-01	3.51e-02	1.02e-04	1.01e-06	0.00e+00	0.00e+00	0.00e+00
 6.46761e+15	4.88e-02	9.20e-01	3.08e-02	8.47e-05	8.21e-07	0.00e+00	0.00e+00	0.00e+00
 8.66078e+15	5.44e-02	9.19e-01	2.66e-02	6.89e-05	0.00e+00	0.00e+00	0.00e+00	0.00e+00
 1.06557e+16	6.04e-02	9.17e-01	2.27e-02	5.52e-05	0.00e+00	0.00e+00	0.00e+00	0.00e+00
 1.24513e+16	6.67e-02	9.14e-01	1.92e-02	4.41e-05	0.00e+00	0.00e+00	0.00e+00	0.00e+00
 1.41499e+16	7.37e-02	9.10e-01	1.62e-02	3.52e-05	0.00e+00	0.00e+00	0.00e+00	0.00e+00
 1.58875e+16	8.24e-02	9.04e-01	1.32e-02	2.73e-05	0.00e+00	0.00e+00	0.00e+00	0.00e+00
 1.76245e+16	9.32e-02	8.96e-01	1.06e-02	2.10e-05	0.00e+00	0.00e+00	0.00e+00	0.00e+00
 1.92201e+16	1.06e-01	8.86e-01	8.49e-03	1.63e-05	0.00e+00	0.00e+00	0.00e+00	0.00e+00
 2.06258e+16	1.19e-01	8.74e-01	6.83e-03	1.29e-05	0.00e+00	0.00e+00	0.00e+00	0.00e+00
 2.19104e+16	1.35e-01	8.59e-01	5.49e-03	1.03e-05	0.00e+00	0.00e+00	0.00e+00	0.00e+00
 2.31533e+16	1.54e-01	8.42e-01	4.36e-03	8.21e-06	0.00e+00	0.00e+00	0.00e+00	0.00e+00
 2.43210e+16	1.77e-01	8.20e-01	3.44e-03	6.59e-06	0.00e+00	0.00e+00	0.00e+00	0.00e+00
 2.52894e+16	1.99e-01	7.98e-01	2.79e-03	5.47e-06	0.00e+00	0.00e+00	0.00e+00	0.00e+00
 2.60326e+16	2.19e-01	7.79e-01	2.35e-03	4.73e-06	0.00e+00	0.00e+00	0.00e+00	0.00e+00
 2.66430e+16	2.37e-01	7.61e-01	2.03e-03	4.19e-06	0.00e+00	0.00e+00	0.00e+00	0.00e+00
 2.72078e+16	2.56e-01	7.42e-01	1.77e-03	3.75e-06	0.00e+00	0.00e+00	0.00e+00	0.00e+00
 2.77568e+16	2.76e-01	7.23e-01	1.53e-03	3.35e-06	0.00e+00	0.00e+00	0.00e+00	0.00e+00
 2.82798e+16	2.96e-01	7.03e-01	1.34e-03	3.01e-06	0.00e+00	0.00e+00	0.00e+00	0.00e+00
 2.87649e+16	3.15e-01	6.83e-01	1.18e-03	2.74e-06	0.00e+00	0.00e+00	0.00e+00	0.00e+00
 2.92173e+16	3.34e-01	6.65e-01	1.05e-03	2.52e-06	0.00e+00	0.00e+00	0.00e+00	0.00e+00
 2.96617e+16	3.53e-01	6.46e-01	9.29e-04	2.30e-06	0.00e+00	0.00e+00	0.00e+00	0.00e+00
 3.00230e+16	3.69e-01	6.30e-01	8.48e-04	2.16e-06	0.00e+00	0.00e+00	0.00e+00	0.00e+00
 3.02686e+16	3.80e-01	6.20e-01	7.93e-04	2.06e-06	0.00e+00	0.00e+00	0.00e+00	0.00e+00
 3.04990e+16	3.90e-01	6.09e-01	7.45e-04	1.97e-06	0.00e+00	0.00e+00	0.00e+00	0.00e+00
 3.07658e+16	4.03e-01	5.97e-01	6.92e-04	1.87e-06	0.00e+00	0.00e+00	0.00e+00	0.00e+00
 3.10582e+16	4.16e-01	5.84e-01	6.39e-04	1.77e-06	0.00e+00	0.00e+00	0.00e+00	0.00e+00
 3.13517e+16	4.29e-01	5.70e-01	5.90e-04	1.68e-06	0.00e+00	0.00e+00	0.00e+00	0.00e+00
 3.16401e+16	4.42e-01	5.57e-01	5.46e-04	1.59e-06	0.00e+00	0.00e+00	0.00e+00	0.00e+00
 3.19256e+16	4.55e-01	5.44e-01	5.05e-04	1.51e-06	0.00e+00	0.00e+00	0.00e+00	0.00e+00
 3.22163e+16	4.68e-01	5.31e-01	4.67e-04	1.43e-06	0.00e+00	0.00e+00	0.00e+00	0.00e+00
 3.25158e+16	4.82e-01	5.18e-01	4.31e-04	1.36e-06	0.00e+00	0.00e+00	0.00e+00	0.00e+00
 3.28231e+16	4.96e-01	5.04e-01	3.96e-04	1.29e-06	0.00e+00	0.00e+00	0.00e+00	0.00e+00
 3.31300e+16	5.08e-01	4.91e-01	3.66e-04	1.23e-06	0.00e+00	0.00e+00	0.00e+00	0.00e+00
 3.34468e+16	5.22e-01	4.77e-01	3.36e-04	1.16e-06	0.00e+00	0.00e+00	0.00e+00	0.00e+00
 3.37782e+16	5.36e-01	4.64e-01	3.09e-04	1.10e-06	0.00e+00	0.00e+00	0.00e+00	0.00e+00
 3.41125e+16	5.50e-01	4.50e-01	2.83e-04	1.04e-06	0.00e+00	0.00e+00	0.00e+00	0.00e+00
 3.44524e+16	5.63e-01	4.37e-01	2.60e-04	9.90e-07	0.00e+00	0.00e+00	0.00e+00	0.00e+00
 3.48034e+16	5.76e-01	4.23e-01	2.38e-04	0.00e+00	0.00e+00	0.00e+00	0.00e+00	0.00e+00
 3.51682e+16	5.90e-01	4.10e-01	2.17e-04	0.00e+00	0.00e+00	0.00e+00	0.00e+00	0.00e+00
 3.55459e+16	6.03e-01	3.97e-01	1.98e-04	0.00e+00	0.00e+00	0.00e+00	0.00e+00	0.00e+00
 3.59358e+16	6.16e-01	3.83e-01	1.80e-04	0.00e+00	0.00e+00	0.00e+00	0.00e+00	0.00e+00
 3.63390e+16	6.30e-01	3.70e-01	1.64e-04	0.00e+00	0.00e+00	0.00e+00	0.00e+00	0.00e+00
 3.67579e+16	6.42e-01	3.57e-01	1.49e-04	0.00e+00	0.00e+00	0.00e+00	0.00e+00	0.00e+00
 3.71998e+16	6.56e-01	3.43e-01	1.34e-04	0.00e+00	0.00e+00	0.00e+00	0.00e+00	0.00e+00
 3.76425e+16	6.69e-01	3.31e-01	1.22e-04	0.00e+00	0.00e+00	0.00e+00	0.00e+00	0.00e+00
 3.80882e+16	6.81e-01	3.19e-01	1.11e-04	0.00e+00	0.00e+00	0.00e+00	0.00e+00	0.00e+00
 3.85766e+16	6.93e-01	3.07e-01	9.99e-05	0.00e+00	0.00e+00	0.00e+00	0.00e+00	0.00e+00
 3.90857e+16	7.05e-01	2.95e-01	9.01e-05	0.00e+00	0.00e+00	0.00e+00	0.00e+00	0.00e+00
 3.96038e+16	7.17e-01	2.83e-01	8.08e-05	0.00e+00	0.00e+00	0.00e+00	0.00e+00	0.00e+00
 4.01447e+16	7.29e-01	2.71e-01	7.26e-05	0.00e+00	0.00e+00	0.00e+00	0.00e+00	0.00e+00
 4.06956e+16	7.40e-01	2.60e-01	6.55e-05	0.00e+00	0.00e+00	0.00e+00	0.00e+00	0.00e+00
 4.12751e+16	7.51e-01	2.49e-01	5.88e-05	0.00e+00	0.00e+00	0.00e+00	0.00e+00	0.00e+00
 4.18732e+16	7.61e-01	2.39e-01	5.30e-05	0.00e+00	0.00e+00	0.00e+00	0.00e+00	0.00e+00
 4.24750e+16	7.71e-01	2.29e-01	4.79e-05	0.00e+00	0.00e+00	0.00e+00	0.00e+00	0.00e+00
 4.31086e+16	7.82e-01	2.18e-01	4.29e-05	0.00e+00	0.00e+00	0.00e+00	0.00e+00	0.00e+00
 4.37592e+16	7.91e-01	2.09e-01	3.86e-05	0.00e+00	0.00e+00	0.00e+00	0.00e+00	0.00e+00
 4.43973e+16	8.00e-01	2.00e-01	3.51e-05	0.00e+00	0.00e+00	0.00e+00	0.00e+00	0.00e+00
 4.50544e+16	8.08e-01	1.92e-01	3.18e-05	0.00e+00	0.00e+00	0.00e+00	0.00e+00	0.00e+00
 4.57788e+16	8.17e-01	1.83e-01	2.87e-05	0.00e+00	0.00e+00	0.00e+00	0.00e+00	0.00e+00
 4.65479e+16	8.26e-01	1.74e-01	2.59e-05	0.00e+00	0.00e+00	0.00e+00	0.00e+00	0.00e+00
 4.73362e+16	8.34e-01	1.66e-01	2.33e-05	0.00e+00	0.00e+00	0.00e+00	0.00e+00	0.00e+00
 4.81050e+16	8.42e-01	1.58e-01	2.13e-05	0.00e+00	0.00e+00	0.00e+00	0.00e+00	0.00e+00
 4.88975e+16	8.49e-01	1.51e-01	1.94e-05	0.00e+00	0.00e+00	0.00e+00	0.00e+00	0.00e+00
 4.98050e+16	8.57e-01	1.43e-01	1.76e-05	0.00e+00	0.00e+00	0.00e+00	0.00e+00	0.00e+00
 5.07472e+16	8.64e-01	1.36e-01	1.59e-05	0.00e+00	0.00e+00	0.00e+00	0.00e+00	0.00e+00
 5.16708e+16	8.71e-01	1.29e-01	1.45e-05	0.00e+00	0.00e+00	0.00e+00	0.00e+00	0.00e+00
 5.25943e+16	8.77e-01	1.23e-01	1.34e-05	0.00e+00	0.00e+00	0.00e+00	0.00e+00	0.00e+00
 5.34976e+16	8.83e-01	1.17e-01	1.24e-05	0.00e+00	0.00e+00	0.00e+00	0.00e+00	0.00e+00
 5.44736e+16	8.88e-01	1.12e-01	1.14e-05	0.00e+00	0.00e+00	0.00e+00	0.00e+00	0.00e+00
 5.56096e+16	8.94e-01	1.06e-01	1.05e-05	0.00e+00	0.00e+00	0.00e+00	0.00e+00	0.00e+00
 5.67774e+16	9.00e-01	1.00e-01	9.64e-06	0.00e+00	0.00e+00	0.00e+00	0.00e+00	0.00e+00
 5.78040e+16	9.05e-01	9.53e-02	9.01e-06	0.00e+00	0.00e+00	0.00e+00	0.00e+00	0.00e+00
 5.87338e+16	9.09e-01	9.14e-02	8.50e-06	0.00e+00	0.00e+00	0.00e+00	0.00e+00	0.00e+00
 5.97024e+16	9.13e-01	8.73e-02	8.01e-06	0.00e+00	0.00e+00	0.00e+00	0.00e+00	0.00e+00
 6.07005e+16	9.17e-01	8.29e-02	7.52e-06	0.00e+00	0.00e+00	0.00e+00	0.00e+00	0.00e+00
 6.16505e+16	9.20e-01	7.96e-02	7.15e-06	0.00e+00	0.00e+00	0.00e+00	0.00e+00	0.00e+00
 6.25561e+16	9.24e-01	7.59e-02	6.78e-06	0.00e+00	0.00e+00	0.00e+00	0.00e+00	0.00e+00
 6.34282e+16	9.27e-01	7.31e-02	6.49e-06	0.00e+00	0.00e+00	0.00e+00	0.00e+00	0.00e+00
 6.42807e+16	9.30e-01	6.97e-02	6.18e-06	0.00e+00	0.00e+00	0.00e+00	0.00e+00	0.00e+00
 6.51037e+16	9.33e-01	6.69e-02	5.93e-06	0.00e+00	0.00e+00	0.00e+00	0.00e+00	0.00e+00
 6.58765e+16	9.35e-01	6.47e-02	5.72e-06	0.00e+00	0.00e+00	0.00e+00	0.00e+00	0.00e+00
 6.66548e+16	9.38e-01	6.23e-02	5.51e-06	0.00e+00	0.00e+00	0.00e+00	0.00e+00	0.00e+00
 6.74439e+16	9.40e-01	5.96e-02	5.29e-06	0.00e+00	0.00e+00	0.00e+00	0.00e+00	0.00e+00
 6.81832e+16	9.43e-01	5.72e-02	5.11e-06	0.00e+00	0.00e+00	0.00e+00	0.00e+00	0.00e+00
 6.88594e+16	9.45e-01	5.52e-02	4.95e-06	0.00e+00	0.00e+00	0.00e+00	0.00e+00	0.00e+00
 6.95070e+16	9.47e-01	5.33e-02	4.80e-06	0.00e+00	0.00e+00	0.00e+00	0.00e+00	0.00e+00
 7.01474e+16	9.49e-01	5.15e-02	4.66e-06	0.00e+00	0.00e+00	0.00e+00	0.00e+00	0.00e+00
 7.07813e+16	9.50e-01	4.96e-02	4.55e-06	0.00e+00	0.00e+00	0.00e+00	0.00e+00	0.00e+00
 7.14460e+16	9.53e-01	4.74e-02	4.38e-06	0.00e+00	0.00e+00	0.00e+00	0.00e+00	0.00e+00
 7.20616e+16	9.54e-01	4.57e-02	4.26e-06	0.00e+00	0.00e+00	0.00e+00	0.00e+00	0.00e+00
 7.25576e+16	9.56e-01	4.43e-02	4.16e-06	0.00e+00	0.00e+00	0.00e+00	0.00e+00	0.00e+00
 7.30252e+16	9.57e-01	4.31e-02	4.08e-06	0.00e+00	0.00e+00	0.00e+00	0.00e+00	0.00e+00
 7.35661e+16	9.59e-01	4.15e-02	3.96e-06	0.00e+00	0.00e+00	0.00e+00	0.00e+00	0.00e+00
 7.41119e+16	9.60e-01	3.98e-02	3.86e-06	0.00e+00	0.00e+00	0.00e+00	0.00e+00	0.00e+00
 7.45752e+16	9.62e-01	3.84e-02	3.77e-06	0.00e+00	0.00e+00	0.00e+00	0.00e+00	0.00e+00
 7.50049e+16	9.63e-01	3.74e-02	3.70e-06	0.00e+00	0.00e+00	0.00e+00	0.00e+00	0.00e+00
 7.54528e+16	9.64e-01	3.60e-02	3.61e-06	0.00e+00	0.00e+00	0.00e+00	0.00e+00	0.00e+00
 7.58856e+16	9.65e-01	3.49e-02	3.54e-06	0.00e+00	0.00e+00	0.00e+00	0.00e+00	0.00e+00
 7.62887e+16	9.66e-01	3.36e-02	3.45e-06	0.00e+00	0.00e+00	0.00e+00	0.00e+00	0.00e+00
 7.66656e+16	9.67e-01	3.25e-02	3.38e-06	0.00e+00	0.00e+00	0.00e+00	0.00e+00	0.00e+00
 7.69801e+16	9.68e-01	3.17e-02	3.33e-06	0.00e+00	0.00e+00	0.00e+00	0.00e+00	0.00e+00
 7.73134e+16	9.69e-01	3.09e-02	3.27e-06	0.00e+00	0.00e+00	0.00e+00	0.00e+00	0.00e+00
 7.77071e+16	9.70e-01	3.00e-02	3.22e-06	0.00e+00	0.00e+00	0.00e+00	0.00e+00	0.00e+00
 7.81532e+16	9.71e-01	2.87e-02	3.14e-06	0.00e+00	0.00e+00	0.00e+00	0.00e+00	0.00e+00
 7.85451e+16	9.73e-01	2.74e-02	3.06e-06	0.00e+00	0.00e+00	0.00e+00	0.00e+00	0.00e+00
 7.88137e+16	9.73e-01	2.69e-02	3.03e-06	0.00e+00	0.00e+00	0.00e+00	0.00e+00	0.00e+00
 7.90739e+16	9.74e-01	2.60e-02	2.97e-06	0.00e+00	0.00e+00	0.00e+00	0.00e+00	0.00e+00
 7.93511e+16	9.75e-01	2.54e-02	2.93e-06	0.00e+00	0.00e+00	0.00e+00	0.00e+00	0.00e+00
 7.96212e+16	9.76e-01	2.44e-02	2.86e-06	0.00e+00	0.00e+00	0.00e+00	0.00e+00	0.00e+00
 7.98664e+16	9.76e-01	2.37e-02	2.82e-06	0.00e+00	0.00e+00	0.00e+00	0.00e+00	0.00e+00
 8.00873e+16	9.77e-01	2.29e-02	2.77e-06	0.00e+00	0.00e+00	0.00e+00	0.00e+00	0.00e+00
 8.02989e+16	9.78e-01	2.24e-02	2.74e-06	0.00e+00	0.00e+00	0.00e+00	0.00e+00	0.00e+00
 8.05068e+16	9.78e-01	2.16e-02	2.68e-06	0.00e+00	0.00e+00	0.00e+00	0.00e+00	0.00e+00
 8.07089e+16	9.79e-01	2.11e-02	2.65e-06	0.00e+00	0.00e+00	0.00e+00	0.00e+00	0.00e+00
 8.08998e+16	9.80e-01	2.04e-02	2.60e-06	0.00e+00	0.00e+00	0.00e+00	0.00e+00	0.00e+00
 8.10804e+16	9.80e-01	1.99e-02	2.57e-06	0.00e+00	0.00e+00	0.00e+00	0.00e+00	0.00e+00
 8.12541e+16	9.81e-01	1.92e-02	2.52e-06	0.00e+00	0.00e+00	0.00e+00	0.00e+00	0.00e+00
 8.14043e+16	9.81e-01	1.88e-02	2.49e-06	0.00e+00	0.00e+00	0.00e+00	0.00e+00	0.00e+00
 8.14946e+16	9.82e-01	1.85e-02	2.47e-06	0.00e+00	0.00e+00	0.00e+00	0.00e+00	0.00e+00
 8.15592e+16	9.82e-01	1.82e-02	2.46e-06	0.00e+00	0.00e+00	0.00e+00	0.00e+00	0.00e+00
 8.16239e+16	9.82e-01	1.80e-02	2.44e-06	0.00e+00	0.00e+00	0.00e+00	0.00e+00	0.00e+00
 8.16949e+16	9.82e-01	1.78e-02	2.43e-06	0.00e+00	0.00e+00	0.00e+00	0.00e+00	0.00e+00
 8.17712e+16	9.82e-01	1.76e-02	2.41e-06	0.00e+00	0.00e+00	0.00e+00	0.00e+00	0.00e+00
 8.18488e+16	9.83e-01	1.73e-02	2.39e-06	0.00e+00	0.00e+00	0.00e+00	0.00e+00	0.00e+00
 8.19227e+16	9.83e-01	1.71e-02	2.37e-06	0.00e+00	0.00e+00	0.00e+00	0.00e+00	0.00e+00
 8.19923e+16	9.83e-01	1.68e-02	2.36e-06	0.00e+00	0.00e+00	0.00e+00	0.00e+00	0.00e+00
 8.20591e+16	9.83e-01	1.66e-02	2.34e-06	0.00e+00	0.00e+00	0.00e+00	0.00e+00	0.00e+00
 8.21243e+16	9.84e-01	1.64e-02	2.32e-06	0.00e+00	0.00e+00	0.00e+00	0.00e+00	0.00e+00
 8.21891e+16	9.84e-01	1.61e-02	2.31e-06	0.00e+00	0.00e+00	0.00e+00	0.00e+00	0.00e+00
 8.22536e+16	9.84e-01	1.59e-02	2.29e-06	0.00e+00	0.00e+00	0.00e+00	0.00e+00	0.00e+00
 8.23174e+16	9.84e-01	1.56e-02	2.27e-06	0.00e+00	0.00e+00	0.00e+00	0.00e+00	0.00e+00
 8.23709e+16	9.85e-01	1.54e-02	2.25e-06	0.00e+00	0.00e+00	0.00e+00	0.00e+00	0.00e+00
 8.24146e+16	9.85e-01	1.52e-02	2.24e-06	0.00e+00	0.00e+00	0.00e+00	0.00e+00	0.00e+00
 8.24626e+16	9.85e-01	1.50e-02	2.22e-06	0.00e+00	0.00e+00	0.00e+00	0.00e+00	0.00e+00
 8.25197e+16	9.85e-01	1.48e-02	2.21e-06	0.00e+00	0.00e+00	0.00e+00	0.00e+00	0.00e+00
 8.25839e+16	9.85e-01	1.45e-02	2.19e-06	0.00e+00	0.00e+00	0.00e+00	0.00e+00	0.00e+00
 8.26555e+16	9.86e-01	1.43e-02	2.17e-06	0.00e+00	0.00e+00	0.00e+00	0.00e+00	0.00e+00
 8.27306e+16	9.86e-01	1.40e-02	2.16e-06	0.00e+00	0.00e+00	0.00e+00	0.00e+00	0.00e+00
 8.27979e+16	9.86e-01	1.38e-02	2.14e-06	0.00e+00	0.00e+00	0.00e+00	0.00e+00	0.00e+00
 8.28561e+16	9.86e-01	1.36e-02	2.12e-06	0.00e+00	0.00e+00	0.00e+00	0.00e+00	0.00e+00
 8.29130e+16	9.87e-01	1.34e-02	2.10e-06	0.00e+00	0.00e+00	0.00e+00	0.00e+00	0.00e+00
 8.29778e+16	9.87e-01	1.31e-02	2.09e-06	0.00e+00	0.00e+00	0.00e+00	0.00e+00	0.00e+00
 8.30520e+16	9.87e-01	1.29e-02	2.07e-06	0.00e+00	0.00e+00	0.00e+00	0.00e+00	0.00e+00
 8.31245e+16	9.87e-01	1.26e-02	2.05e-06	0.00e+00	0.00e+00	0.00e+00	0.00e+00	0.00e+00
 8.31887e+16	9.88e-01	1.24e-02	2.03e-06	0.00e+00	0.00e+00	0.00e+00	0.00e+00	0.00e+00
 8.32481e+16	9.88e-01	1.21e-02	2.01e-06	0.00e+00	0.00e+00	0.00e+00	0.00e+00	0.00e+00
 8.33075e+16	9.88e-01	1.19e-02	1.99e-06	0.00e+00	0.00e+00	0.00e+00	0.00e+00	0.00e+00
 8.33703e+16	9.88e-01	1.17e-02	1.97e-06	0.00e+00	0.00e+00	0.00e+00	0.00e+00	0.00e+00
 8.34389e+16	9.89e-01	1.14e-02	1.96e-06	0.00e+00	0.00e+00	0.00e+00	0.00e+00	0.00e+00
 8.35152e+16	9.89e-01	1.10e-02	1.92e-06	0.00e+00	0.00e+00	0.00e+00	0.00e+00	0.00e+00
 8.35797e+16	9.89e-01	1.08e-02	1.90e-06	0.00e+00	0.00e+00	0.00e+00	0.00e+00	0.00e+00
 8.36331e+16	9.89e-01	1.06e-02	1.88e-06	0.00e+00	0.00e+00	0.00e+00	0.00e+00	0.00e+00
 8.37002e+16	9.90e-01	1.02e-02	1.85e-06	0.00e+00	0.00e+00	0.00e+00	0.00e+00	0.00e+00
 8.37657e+16	9.90e-01	9.96e-03	1.83e-06	0.00e+00	0.00e+00	0.00e+00	0.00e+00	0.00e+00
 8.38291e+16	9.90e-01	9.54e-03	1.79e-06	0.00e+00	0.00e+00	0.00e+00	0.00e+00	0.00e+00
 8.38902e+16	9.91e-01	9.22e-03	1.76e-06	0.00e+00	0.00e+00	0.00e+00	0.00e+00	0.00e+00
 8.39402e+16	9.91e-01	9.03e-03	1.74e-06	0.00e+00	0.00e+00	0.00e+00	0.00e+00	0.00e+00
 8.39967e+16	9.91e-01	8.68e-03	1.71e-06	0.00e+00	0.00e+00	0.00e+00	0.00e+00	0.00e+00
 8.40586e+16	9.92e-01	8.30e-03	1.67e-06	0.00e+00	0.00e+00	0.00e+00	0.00e+00	0.00e+00
 8.41157e+16	9.92e-01	7.63e-03	1.60e-06	0.00e+00	0.00e+00	0.00e+00	0.00e+00	0.00e+00
 8.41677e+16	9.93e-01	6.73e-03	1.49e-06	0.00e+00	0.00e+00	0.00e+00	0.00e+00	0.00e+00
 8.42150e+16	9.96e-01	3.64e-03	9.39e-07	0.00e+00	0.00e+00	0.00e+00	0.00e+00	0.00e+00
 8.42581e+16	9.97e-01	3.35e-03	8.64e-07	0.00e+00	0.00e+00	0.00e+00	0.00e+00	0.00e+00
 8.42972e+16	9.97e-01	3.20e-03	8.29e-07	0.00e+00	0.00e+00	0.00e+00	0.00e+00	0.00e+00
 8.43329e+16	9.97e-01	3.07e-03	7.98e-07	0.00e+00	0.00e+00	0.00e+00	0.00e+00	0.00e+00
 8.43653e+16	9.97e-01	2.98e-03	7.76e-07	0.00e+00	0.00e+00	0.00e+00	0.00e+00	0.00e+00
 8.43948e+16	9.97e-01	2.89e-03	7.55e-07	0.00e+00	0.00e+00	0.00e+00	0.00e+00	0.00e+00
 8.44217e+16	9.97e-01	2.83e-03	7.42e-07	0.00e+00	0.00e+00	0.00e+00	0.00e+00	0.00e+00
 8.44462e+16	9.97e-01	2.78e-03	7.29e-07	0.00e+00	0.00e+00	0.00e+00	0.00e+00	0.00e+00
 8.44684e+16	9.97e-01	2.73e-03	7.16e-07	0.00e+00	0.00e+00	0.00e+00	0.00e+00	0.00e+00
 8.44928e+16	9.97e-01	2.67e-03	7.04e-07	0.00e+00	0.00e+00	0.00e+00	0.00e+00	0.00e+00
 8.45245e+16	9.97e-01	2.59e-03	6.84e-07	0.00e+00	0.00e+00	0.00e+00	0.00e+00	0.00e+00
 8.45587e+16	9.97e-01	2.51e-03	6.65e-07	0.00e+00	0.00e+00	0.00e+00	0.00e+00	0.00e+00
 8.45898e+16	9.98e-01	2.44e-03	6.47e-07	0.00e+00	0.00e+00	0.00e+00	0.00e+00	0.00e+00
 8.46181e+16	9.98e-01	2.39e-03	6.36e-07	0.00e+00	0.00e+00	0.00e+00	0.00e+00	0.00e+00
 8.46439e+16	9.98e-01	2.34e-03	6.25e-07	0.00e+00	0.00e+00	0.00e+00	0.00e+00	0.00e+00
 8.46674e+16	9.98e-01	2.30e-03	6.14e-07	0.00e+00	0.00e+00	0.00e+00	0.00e+00	0.00e+00
 8.46931e+16	9.98e-01	2.25e-03	6.03e-07	0.00e+00	0.00e+00	0.00e+00	0.00e+00	0.00e+00
 8.47208e+16	9.98e-01	2.20e-03	5.92e-07	0.00e+00	0.00e+00	0.00e+00	0.00e+00	0.00e+00
 8.47461e+16	9.98e-01	2.15e-03	5.81e-07	0.00e+00	0.00e+00	0.00e+00	0.00e+00	0.00e+00
 8.47691e+16	9.98e-01	2.11e-03	5.71e-07	0.00e+00	0.00e+00	0.00e+00	0.00e+00	0.00e+00
 8.47943e+16	9.98e-01	2.07e-03	5.61e-07	0.00e+00	0.00e+00	0.00e+00	0.00e+00	0.00e+00
 8.48215e+16	9.98e-01	2.02e-03	5.51e-07	0.00e+00	0.00e+00	0.00e+00	0.00e+00	0.00e+00
 8.48462e+16	9.98e-01	1.98e-03	5.41e-07	0.00e+00	0.00e+00	0.00e+00	0.00e+00	0.00e+00
 8.48733e+16	9.98e-01	1.93e-03	5.31e-07	0.00e+00	0.00e+00	0.00e+00	0.00e+00	0.00e+00
 8.49026e+16	9.98e-01	1.87e-03	5.16e-07	0.00e+00	0.00e+00	0.00e+00	0.00e+00	0.00e+00
 8.49292e+16	9.98e-01	1.82e-03	5.07e-07	0.00e+00	0.00e+00	0.00e+00	0.00e+00	0.00e+00
###########################
 6.38166e+12	3.45e-02	9.24e-01	4.11e-02	1.28e-04	1.29e-06	0.00e+00	0.00e+00	0.00e+00
 3.82900e+13	3.46e-02	9.24e-01	4.11e-02	1.28e-04	1.28e-06	0.00e+00	0.00e+00	0.00e+00
 1.65923e+14	3.48e-02	9.24e-01	4.10e-02	1.27e-04	1.28e-06	0.00e+00	0.00e+00	0.00e+00
 6.76456e+14	3.58e-02	9.24e-01	4.04e-02	1.24e-04	1.25e-06	0.00e+00	0.00e+00	0.00e+00
 1.61584e+15	3.78e-02	9.22e-01	3.98e-02	1.22e-04	1.22e-06	0.00e+00	0.00e+00	0.00e+00
 2.83703e+15	4.04e-02	9.21e-01	3.81e-02	1.15e-04	1.14e-06	0.00e+00	0.00e+00	0.00e+00
 4.42459e+15	4.39e-02	9.21e-01	3.51e-02	1.02e-04	1.01e-06	0.00e+00	0.00e+00	0.00e+00
 6.46748e+15	4.88e-02	9.20e-01	3.08e-02	8.46e-05	8.21e-07	0.00e+00	0.00e+00	0.00e+00
 8.66038e+15	5.44e-02	9.19e-01	2.66e-02	6.88e-05	0.00e+00	0.00e+00	0.00e+00	0.00e+00
 1.06551e+16	6.04e-02	9.17e-01	2.27e-02	5.52e-05	0.00e+00	0.00e+00	0.00e+00	0.00e+00
 1.24504e+16	6.67e-02	9.14e-01	1.92e-02	4.41e-05	0.00e+00	0.00e+00	0.00e+00	0.00e+00
 1.41487e+16	7.37e-02	9.10e-01	1.61e-02	3.52e-05	0.00e+00	0.00e+00	0.00e+00	0.00e+00
 1.58862e+16	8.24e-02	9.04e-01	1.32e-02	2.73e-05	0.00e+00	0.00e+00	0.00e+00	0.00e+00
 1.76230e+16	9.32e-02	8.96e-01	1.06e-02	2.10e-05	0.00e+00	0.00e+00	0.00e+00	0.00e+00
 1.92183e+16	1.06e-01	8.86e-01	8.49e-03	1.63e-05	0.00e+00	0.00e+00	0.00e+00	0.00e+00
 2.06240e+16	1.19e-01	8.74e-01	6.83e-03	1.29e-05	0.00e+00	0.00e+00	0.00e+00	0.00e+00
 2.19085e+16	1.35e-01	8.59e-01	5.49e-03	1.03e-05	0.00e+00	0.00e+00	0.00e+00	0.00e+00
 2.31513e+16	1.54e-01	8.42e-01	4.36e-03	8.21e-06	0.00e+00	0.00e+00	0.00e+00	0.00e+00
 2.43189e+16	1.77e-01	8.20e-01	3.44e-03	6.59e-06	0.00e+00	0.00e+00	0.00e+00	0.00e+00
 2.52870e+16	1.99e-01	7.98e-01	2.79e-03	5.47e-06	0.00e+00	0.00e+00	0.00e+00	0.00e+00
 2.60301e+16	2.19e-01	7.79e-01	2.35e-03	4.73e-06	0.00e+00	0.00e+00	0.00e+00	0.00e+00
 2.66405e+16	2.37e-01	7.61e-01	2.03e-03	4.19e-06	0.00e+00	0.00e+00	0.00e+00	0.00e+00
 2.72052e+16	2.56e-01	7.42e-01	1.77e-03	3.75e-06	0.00e+00	0.00e+00	0.00e+00	0.00e+00
 2.77542e+16	2.76e-01	7.23e-01	1.53e-03	3.35e-06	0.00e+00	0.00e+00	0.00e+00	0.00e+00
 2.82772e+16	2.96e-01	7.03e-01	1.34e-03	3.01e-06	0.00e+00	0.00e+00	0.00e+00	0.00e+00
 2.87622e+16	3.16e-01	6.83e-01	1.18e-03	2.74e-06	0.00e+00	0.00e+00	0.00e+00	0.00e+00
 2.92146e+16	3.34e-01	6.65e-01	1.05e-03	2.52e-06	0.00e+00	0.00e+00	0.00e+00	0.00e+00
 2.96590e+16	3.54e-01	6.46e-01	9.29e-04	2.30e-06	0.00e+00	0.00e+00	0.00e+00	0.00e+00
 3.00203e+16	3.69e-01	6.30e-01	8.48e-04	2.16e-06	0.00e+00	0.00e+00	0.00e+00	0.00e+00
 3.02658e+16	3.80e-01	6.20e-01	7.93e-04	2.06e-06	0.00e+00	0.00e+00	0.00e+00	0.00e+00
 3.04963e+16	3.90e-01	6.09e-01	7.45e-04	1.97e-06	0.00e+00	0.00e+00	0.00e+00	0.00e+00
 3.07630e+16	4.03e-01	5.97e-01	6.92e-04	1.87e-06	0.00e+00	0.00e+00	0.00e+00	0.00e+00
 3.10554e+16	4.16e-01	5.84e-01	6.39e-04	1.77e-06	0.00e+00	0.00e+00	0.00e+00	0.00e+00
 3.13490e+16	4.29e-01	5.70e-01	5.90e-04	1.68e-06	0.00e+00	0.00e+00	0.00e+00	0.00e+00
 3.16374e+16	4.42e-01	5.57e-01	5.46e-04	1.59e-06	0.00e+00	0.00e+00	0.00e+00	0.00e+00
 3.19228e+16	4.55e-01	5.44e-01	5.05e-04	1.51e-06	0.00e+00	0.00e+00	0.00e+00	0.00e+00
 3.22135e+16	4.68e-01	5.31e-01	4.67e-04	1.43e-06	0.00e+00	0.00e+00	0.00e+00	0.00e+00
 3.25131e+16	4.82e-01	5.18e-01	4.31e-04	1.36e-06	0.00e+00	0.00e+00	0.00e+00	0.00e+00
 3.28203e+16	4.96e-01	5.04e-01	3.96e-04	1.29e-06	0.00e+00	0.00e+00	0.00e+00	0.00e+00
 3.31273e+16	5.08e-01	4.91e-01	3.66e-04	1.23e-06	0.00e+00	0.00e+00	0.00e+00	0.00e+00
 3.34441e+16	5.22e-01	4.77e-01	3.36e-04	1.16e-06	0.00e+00	0.00e+00	0.00e+00	0.00e+00
 3.37755e+16	5.36e-01	4.64e-01	3.09e-04	1.10e-06	0.00e+00	0.00e+00	0.00e+00	0.00e+00
 3.41097e+16	5.50e-01	4.50e-01	2.83e-04	1.04e-06	0.00e+00	0.00e+00	0.00e+00	0.00e+00
 3.44497e+16	5.63e-01	4.37e-01	2.59e-04	9.90e-07	0.00e+00	0.00e+00	0.00e+00	0.00e+00
 3.48006e+16	5.76e-01	4.23e-01	2.38e-04	0.00e+00	0.00e+00	0.00e+00	0.00e+00	0.00e+00
 3.51654e+16	5.90e-01	4.10e-01	2.17e-04	0.00e+00	0.00e+00	0.00e+00	0.00e+00	0.00e+00
 3.55432e+16	6.03e-01	3.97e-01	1.98e-04	0.00e+00	0.00e+00	0.00e+00	0.00e+00	0.00e+00
 3.59330e+16	6.16e-01	3.83e-01	1.80e-04	0.00e+00	0.00e+00	0.00e+00	0.00e+00	0.00e+00
 3.63362e+16	6.30e-01	3.70e-01	1.64e-04	0.00e+00	0.00e+00	0.00e+00	0.00e+00	0.00e+00
 3.67552e+16	6.42e-01	3.57e-01	1.49e-04	0.00e+00	0.00e+00	0.00e+00	0.00e+00	0.00e+00
 3.71971e+16	6.56e-01	3.43e-01	1.34e-04	0.00e+00	0.00e+00	0.00e+00	0.00e+00	0.00e+00
 3.76398e+16	6.69e-01	3.31e-01	1.22e-04	0.00e+00	0.00e+00	0.00e+00	0.00e+00	0.00e+00
 3.80863e+16	6.80e-01	3.19e-01	1.11e-04	0.00e+00	0.00e+00	0.00e+00	0.00e+00	0.00e+00
 3.85729e+16	6.93e-01	3.07e-01	9.98e-05	0.00e+00	0.00e+00	0.00e+00	0.00e+00	0.00e+00
 3.90967e+16	7.05e-01	2.95e-01	8.97e-05	0.00e+00	0.00e+00	0.00e+00	0.00e+00	0.00e+00
 3.96452e+16	7.18e-01	2.82e-01	8.01e-05	0.00e+00	0.00e+00	0.00e+00	0.00e+00	0.00e+00
 4.02017e+16	7.29e-01	2.71e-01	7.22e-05	0.00e+00	0.00e+00	0.00e+00	0.00e+00	0.00e+00
 4.07728e+16	7.41e-01	2.59e-01	6.48e-05	0.00e+00	0.00e+00	0.00e+00	0.00e+00	0.00e+00
 4.13724e+16	7.52e-01	2.48e-01	5.80e-05	0.00e+00	0.00e+00	0.00e+00	0.00e+00	0.00e+00
 4.19961e+16	7.63e-01	2.37e-01	5.19e-05	0.00e+00	0.00e+00	0.00e+00	0.00e+00	0.00e+00
 4.26373e+16	7.74e-01	2.26e-01	4.65e-05	0.00e+00	0.00e+00	0.00e+00	0.00e+00	0.00e+00
 4.32954e+16	7.85e-01	2.15e-01	4.16e-05	0.00e+00	0.00e+00	0.00e+00	0.00e+00	0.00e+00
 4.39702e+16	7.94e-01	2.06e-01	3.75e-05	0.00e+00	0.00e+00	0.00e+00	0.00e+00	0.00e+00
 4.46392e+16	8.03e-01	1.97e-01	3.40e-05	0.00e+00	0.00e+00	0.00e+00	0.00e+00	0.00e+00
 4.52945e+16	8.11e-01	1.89e-01	3.07e-05	0.00e+00	0.00e+00	0.00e+00	0.00e+00	0.00e+00
 4.59985e+16	8.20e-01	1.80e-01	2.79e-05	0.00e+00	0.00e+00	0.00e+00	0.00e+00	0.00e+00
 4.68035e+16	8.29e-01	1.71e-01	2.49e-05	0.00e+00	0.00e+00	0.00e+00	0.00e+00	0.00e+00
 4.76554e+16	8.37e-01	1.63e-01	2.25e-05	0.00e+00	0.00e+00	0.00e+00	0.00e+00	0.00e+00
 4.84603e+16	8.45e-01	1.55e-01	2.04e-05	0.00e+00	0.00e+00	0.00e+00	0.00e+00	0.00e+00
 4.91859e+16	8.51e-01	1.49e-01	1.89e-05	0.00e+00	0.00e+00	0.00e+00	0.00e+00	0.00e+00
 4.99677e+16	8.58e-01	1.42e-01	1.73e-05	0.00e+00	0.00e+00	0.00e+00	0.00e+00	0.00e+00
 5.09269e+16	8.65e-01	1.35e-01	1.56e-05	0.00e+00	0.00e+00	0.00e+00	0.00e+00	0.00e+00
 5.19022e+16	8.72e-01	1.28e-01	1.42e-05	0.00e+00	0.00e+00	0.00e+00	0.00e+00	0.00e+00
 5.27551e+16	8.77e-01	1.23e-01	1.32e-05	0.00e+00	0.00e+00	0.00e+00	0.00e+00	0.00e+00
 5.36749e+16	8.84e-01	1.16e-01	1.22e-05	0.00e+00	0.00e+00	0.00e+00	0.00e+00	0.00e+00
 5.47613e+16	8.89e-01	1.11e-01	1.12e-05	0.00e+00	0.00e+00	0.00e+00	0.00e+00	0.00e+00
 5.58236e+16	8.95e-01	1.05e-01	1.03e-05	0.00e+00	0.00e+00	0.00e+00	0.00e+00	0.00e+00
 5.68048e+16	9.00e-01	1.00e-01	9.64e-06	0.00e+00	0.00e+00	0.00e+00	0.00e+00	0.00e+00
 5.77961e+16	9.05e-01	9.52e-02	9.00e-06	0.00e+00	0.00e+00	0.00e+00	0.00e+00	0.00e+00
 5.88344e+16	9.09e-01	9.09e-02	8.44e-06	0.00e+00	0.00e+00	0.00e+00	0.00e+00	0.00e+00
 5.98770e+16	9.14e-01	8.64e-02	7.91e-06	0.00e+00	0.00e+00	0.00e+00	0.00e+00	0.00e+00
 6.08562e+16	9.18e-01	8.23e-02	7.46e-06	0.00e+00	0.00e+00	0.00e+00	0.00e+00	0.00e+00
 6.17646e+16	9.21e-01	7.89e-02	7.09e-06	0.00e+00	0.00e+00	0.00e+00	0.00e+00	0.00e+00
 6.26364e+16	9.24e-01	7.59e-02	6.78e-06	0.00e+00	0.00e+00	0.00e+00	0.00e+00	0.00e+00
 6.35309e+16	9.27e-01	7.26e-02	6.45e-06	0.00e+00	0.00e+00	0.00e+00	0.00e+00	0.00e+00
 6.44195e+16	9.30e-01	6.96e-02	6.16e-06	0.00e+00	0.00e+00	0.00e+00	0.00e+00	0.00e+00
 6.52470e+16	9.33e-01	6.69e-02	5.91e-06	0.00e+00	0.00e+00	0.00e+00	0.00e+00	0.00e+00
 6.60440e+16	9.36e-01	6.42e-02	5.68e-06	0.00e+00	0.00e+00	0.00e+00	0.00e+00	0.00e+00
 6.68189e+16	9.39e-01	6.13e-02	5.44e-06	0.00e+00	0.00e+00	0.00e+00	0.00e+00	0.00e+00
 6.75364e+16	9.41e-01	5.94e-02	5.29e-06	0.00e+00	0.00e+00	0.00e+00	0.00e+00	0.00e+00
 6.82655e+16	9.43e-01	5.72e-02	5.10e-06	0.00e+00	0.00e+00	0.00e+00	0.00e+00	0.00e+00
 6.89999e+16	9.45e-01	5.47e-02	4.92e-06	0.00e+00	0.00e+00	0.00e+00	0.00e+00	0.00e+00
 6.96448e+16	9.47e-01	5.29e-02	4.77e-06	0.00e+00	0.00e+00	0.00e+00	0.00e+00	0.00e+00
 7.02461e+16	9.49e-01	5.13e-02	4.67e-06	0.00e+00	0.00e+00	0.00e+00	0.00e+00	0.00e+00
 7.09328e+16	9.51e-01	4.90e-02	4.49e-06	0.00e+00	0.00e+00	0.00e+00	0.00e+00	0.00e+00
 7.16061e+16	9.53e-01	4.68e-02	4.34e-06	0.00e+00	0.00e+00	0.00e+00	0.00e+00	0.00e+00
 7.21470e+16	9.54e-01	4.55e-02	4.24e-06	0.00e+00	0.00e+00	0.00e+00	0.00e+00	0.00e+00
 7.26465e+16	9.56e-01	4.42e-02	4.16e-06	0.00e+00	0.00e+00	0.00e+00	0.00e+00	0.00e+00
 7.32028e+16	9.58e-01	4.25e-02	4.03e-06	0.00e+00	0.00e+00	0.00e+00	0.00e+00	0.00e+00
 7.37522e+16	9.59e-01	4.09e-02	3.93e-06	0.00e+00	0.00e+00	0.00e+00	0.00e+00	0.00e+00
 7.42039e+16	9.60e-01	3.96e-02	3.84e-06	0.00e+00	0.00e+00	0.00e+00	0.00e+00	0.00e+00
 7.46456e+16	9.62e-01	3.84e-02	3.76e-06	0.00e+00	0.00e+00	0.00e+00	0.00e+00	0.00e+00
 7.50826e+16	9.63e-01	3.73e-02	3.69e-06	0.00e+00	0.00e+00	0.00e+00	0.00e+00	0.00e+00
 7.55470e+16	9.64e-01	3.58e-02	3.59e-06	0.00e+00	0.00e+00	0.00e+00	0.00e+00	0.00e+00
 7.59965e+16	9.66e-01	3.44e-02	3.50e-06	0.00e+00	0.00e+00	0.00e+00	0.00e+00	0.00e+00
 7.63558e+16	9.66e-01	3.37e-02	3.46e-06	0.00e+00	0.00e+00	0.00e+00	0.00e+00	0.00e+00
 7.67216e+16	9.68e-01	3.24e-02	3.37e-06	0.00e+00	0.00e+00	0.00e+00	0.00e+00	0.00e+00
 7.70949e+16	9.69e-01	3.13e-02	3.30e-06	0.00e+00	0.00e+00	0.00e+00	0.00e+00	0.00e+00
 7.74116e+16	9.69e-01	3.08e-02	3.26e-06	0.00e+00	0.00e+00	0.00e+00	0.00e+00	0.00e+00
 7.77401e+16	9.70e-01	3.00e-02	3.22e-06	0.00e+00	0.00e+00	0.00e+00	0.00e+00	0.00e+00
 7.81591e+16	9.71e-01	2.87e-02	3.14e-06	0.00e+00	0.00e+00	0.00e+00	0.00e+00	0.00e+00
 7.85509e+16	9.73e-01	2.74e-02	3.06e-06	0.00e+00	0.00e+00	0.00e+00	0.00e+00	0.00e+00
 7.88234e+16	9.73e-01	2.69e-02	3.03e-06	0.00e+00	0.00e+00	0.00e+00	0.00e+00	0.00e+00
 7.90804e+16	9.74e-01	2.60e-02	2.97e-06	0.00e+00	0.00e+00	0.00e+00	0.00e+00	0.00e+00
 7.93526e+16	9.75e-01	2.54e-02	2.93e-06	0.00e+00	0.00e+00	0.00e+00	0.00e+00	0.00e+00
 7.96236e+16	9.76e-01	2.44e-02	2.86e-06	0.00e+00	0.00e+00	0.00e+00	0.00e+00	0.00e+00
 7.98718e+16	9.76e-01	2.38e-02	2.83e-06	0.00e+00	0.00e+00	0.00e+00	0.00e+00	0.00e+00
 8.00957e+16	9.77e-01	2.29e-02	2.77e-06	0.00e+00	0.00e+00	0.00e+00	0.00e+00	0.00e+00
 8.03063e+16	9.78e-01	2.25e-02	2.74e-06	0.00e+00	0.00e+00	0.00e+00	0.00e+00	0.00e+00
 8.05129e+16	9.78e-01	2.16e-02	2.68e-06	0.00e+00	0.00e+00	0.00e+00	0.00e+00	0.00e+00
 8.07180e+16	9.79e-01	2.11e-02	2.65e-06	0.00e+00	0.00e+00	0.00e+00	0.00e+00	0.00e+00
 8.09100e+16	9.80e-01	2.03e-02	2.60e-06	0.00e+00	0.00e+00	0.00e+00	0.00e+00	0.00e+00
 8.10892e+16	9.80e-01	1.99e-02	2.57e-06	0.00e+00	0.00e+00	0.00e+00	0.00e+00	0.00e+00
 8.12611e+16	9.81e-01	1.92e-02	2.52e-06	0.00e+00	0.00e+00	0.00e+00	0.00e+00	0.00e+00
 8.14103e+16	9.81e-01	1.88e-02	2.50e-06	0.00e+00	0.00e+00	0.00e+00	0.00e+00	0.00e+00
 8.14998e+16	9.82e-01	1.85e-02	2.48e-06	0.00e+00	0.00e+00	0.00e+00	0.00e+00	0.00e+00
 8.15672e+16	9.82e-01	1.82e-02	2.46e-06	0.00e+00	0.00e+00	0.00e+00	0.00e+00	0.00e+00
 8.16368e+16	9.82e-01	1.80e-02	2.44e-06	0.00e+00	0.00e+00	0.00e+00	0.00e+00	0.00e+00
 8.17089e+16	9.82e-01	1.78e-02	2.42e-06	0.00e+00	0.00e+00	0.00e+00	0.00e+00	0.00e+00
 8.17834e+16	9.82e-01	1.76e-02	2.41e-06	0.00e+00	0.00e+00	0.00e+00	0.00e+00	0.00e+00
 8.18582e+16	9.83e-01	1.73e-02	2.39e-06	0.00e+00	0.00e+00	0.00e+00	0.00e+00	0.00e+00
 8.19301e+16	9.83e-01	1.71e-02	2.37e-06	0.00e+00	0.00e+00	0.00e+00	0.00e+00	0.00e+00
 8.19994e+16	9.83e-01	1.68e-02	2.36e-06	0.00e+00	0.00e+00	0.00e+00	0.00e+00	0.00e+00
 8.20668e+16	9.83e-01	1.66e-02	2.34e-06	0.00e+00	0.00e+00	0.00e+00	0.00e+00	0.00e+00
 8.21328e+16	9.84e-01	1.63e-02	2.32e-06	0.00e+00	0.00e+00	0.00e+00	0.00e+00	0.00e+00
 8.21981e+16	9.84e-01	1.61e-02	2.31e-06	0.00e+00	0.00e+00	0.00e+00	0.00e+00	0.00e+00
 8.22626e+16	9.84e-01	1.59e-02	2.29e-06	0.00e+00	0.00e+00	0.00e+00	0.00e+00	0.00e+00
 8.23261e+16	9.84e-01	1.56e-02	2.27e-06	0.00e+00	0.00e+00	0.00e+00	0.00e+00	0.00e+00
 8.23794e+16	9.85e-01	1.54e-02	2.25e-06	0.00e+00	0.00e+00	0.00e+00	0.00e+00	0.00e+00
 8.24230e+16	9.85e-01	1.52e-02	2.24e-06	0.00e+00	0.00e+00	0.00e+00	0.00e+00	0.00e+00
 8.24728e+16	9.85e-01	1.50e-02	2.22e-06	0.00e+00	0.00e+00	0.00e+00	0.00e+00	0.00e+00
 8.25322e+16	9.85e-01	1.48e-02	2.21e-06	0.00e+00	0.00e+00	0.00e+00	0.00e+00	0.00e+00
 8.25957e+16	9.85e-01	1.45e-02	2.19e-06	0.00e+00	0.00e+00	0.00e+00	0.00e+00	0.00e+00
 8.26607e+16	9.86e-01	1.43e-02	2.17e-06	0.00e+00	0.00e+00	0.00e+00	0.00e+00	0.00e+00
 8.27262e+16	9.86e-01	1.41e-02	2.16e-06	0.00e+00	0.00e+00	0.00e+00	0.00e+00	0.00e+00
 8.27912e+16	9.86e-01	1.38e-02	2.14e-06	0.00e+00	0.00e+00	0.00e+00	0.00e+00	0.00e+00
 8.28551e+16	9.86e-01	1.36e-02	2.12e-06	0.00e+00	0.00e+00	0.00e+00	0.00e+00	0.00e+00
 8.29186e+16	9.87e-01	1.34e-02	2.11e-06	0.00e+00	0.00e+00	0.00e+00	0.00e+00	0.00e+00
 8.29846e+16	9.87e-01	1.31e-02	2.09e-06	0.00e+00	0.00e+00	0.00e+00	0.00e+00	0.00e+00
 8.30519e+16	9.87e-01	1.29e-02	2.07e-06	0.00e+00	0.00e+00	0.00e+00	0.00e+00	0.00e+00
 8.31167e+16	9.87e-01	1.26e-02	2.05e-06	0.00e+00	0.00e+00	0.00e+00	0.00e+00	0.00e+00
 8.31798e+16	9.88e-01	1.24e-02	2.03e-06	0.00e+00	0.00e+00	0.00e+00	0.00e+00	0.00e+00
 8.32432e+16	9.88e-01	1.22e-02	2.01e-06	0.00e+00	0.00e+00	0.00e+00	0.00e+00	0.00e+00
 8.33090e+16	9.88e-01	1.19e-02	2.00e-06	0.00e+00	0.00e+00	0.00e+00	0.00e+00	0.00e+00
 8.33810e+16	9.88e-01	1.17e-02	1.97e-06	0.00e+00	0.00e+00	0.00e+00	0.00e+00	0.00e+00
 8.34534e+16	9.89e-01	1.14e-02	1.95e-06	0.00e+00	0.00e+00	0.00e+00	0.00e+00	0.00e+00
 8.35199e+16	9.89e-01	1.12e-02	1.93e-06	0.00e+00	0.00e+00	0.00e+00	0.00e+00	0.00e+00
 8.35864e+16	9.89e-01	1.07e-02	1.90e-06	0.00e+00	0.00e+00	0.00e+00	0.00e+00	0.00e+00
 8.36425e+16	9.89e-01	1.05e-02	1.88e-06	0.00e+00	0.00e+00	0.00e+00	0.00e+00	0.00e+00
 8.36932e+16	9.90e-01	1.03e-02	1.86e-06	0.00e+00	0.00e+00	0.00e+00	0.00e+00	0.00e+00
 8.37591e+16	9.90e-01	9.95e-03	1.83e-06	0.00e+00	0.00e+00	0.00e+00	0.00e+00	0.00e+00
 8.38236e+16	9.90e-01	9.69e-03	1.81e-06	0.00e+00	0.00e+00	0.00e+00	0.00e+00	0.00e+00
 8.38861e+16	9.91e-01	9.32e-03	1.77e-06	0.00e+00	0.00e+00	0.00e+00	0.00e+00	0.00e+00
 8.39491e+16	9.91e-01	8.96e-03	1.74e-06	0.00e+00	0.00e+00	0.00e+00	0.00e+00	0.00e+00
 8.40015e+16	9.91e-01	8.63e-03	1.70e-06	0.00e+00	0.00e+00	0.00e+00	0.00e+00	0.00e+00
 8.40511e+16	9.92e-01	8.28e-03	1.67e-06	0.00e+00	0.00e+00	0.00e+00	0.00e+00	0.00e+00
 8.40985e+16	9.92e-01	7.97e-03	1.63e-06	0.00e+00	0.00e+00	0.00e+00	0.00e+00	0.00e+00
 8.41463e+16	9.93e-01	7.34e-03	1.56e-06	0.00e+00	0.00e+00	0.00e+00	0.00e+00	0.00e+00
 8.41944e+16	9.96e-01	3.85e-03	9.88e-07	0.00e+00	0.00e+00	0.00e+00	0.00e+00	0.00e+00
 8.42382e+16	9.97e-01	3.44e-03	8.87e-07	0.00e+00	0.00e+00	0.00e+00	0.00e+00	0.00e+00
 8.42780e+16	9.97e-01	3.28e-03	8.49e-07	0.00e+00	0.00e+00	0.00e+00	0.00e+00	0.00e+00
 8.43143e+16	9.97e-01	3.14e-03	8.16e-07	0.00e+00	0.00e+00	0.00e+00	0.00e+00	0.00e+00
 8.43473e+16	9.97e-01	3.04e-03	7.91e-07	0.00e+00	0.00e+00	0.00e+00	0.00e+00	0.00e+00
 8.43773e+16	9.97e-01	2.95e-03	7.69e-07	0.00e+00	0.00e+00	0.00e+00	0.00e+00	0.00e+00
 8.44046e+16	9.97e-01	2.89e-03	7.55e-07	0.00e+00	0.00e+00	0.00e+00	0.00e+00	0.00e+00
 8.44295e+16	9.97e-01	2.81e-03	7.36e-07	0.00e+00	0.00e+00	0.00e+00	0.00e+00	0.00e+00
 8.44521e+16	9.97e-01	2.76e-03	7.24e-07	0.00e+00	0.00e+00	0.00e+00	0.00e+00	0.00e+00
 8.44769e+16	9.97e-01	2.71e-03	7.11e-07	0.00e+00	0.00e+00	0.00e+00	0.00e+00	0.00e+00
 8.45036e+16	9.97e-01	2.65e-03	6.99e-07	0.00e+00	0.00e+00	0.00e+00	0.00e+00	0.00e+00
 8.45280e+16	9.97e-01	2.60e-03	6.86e-07	0.00e+00	0.00e+00	0.00e+00	0.00e+00	0.00e+00
 8.45501e+16	9.97e-01	2.55e-03	6.74e-07	0.00e+00	0.00e+00	0.00e+00	0.00e+00	0.00e+00
 8.45703e+16	9.97e-01	2.50e-03	6.63e-07	0.00e+00	0.00e+00	0.00e+00	0.00e+00	0.00e+00
 8.45924e+16	9.98e-01	2.46e-03	6.52e-07	0.00e+00	0.00e+00	0.00e+00	0.00e+00	0.00e+00
 8.46211e+16	9.98e-01	2.41e-03	6.40e-07	0.00e+00	0.00e+00	0.00e+00	0.00e+00	0.00e+00
 8.46521e+16	9.98e-01	2.33e-03	6.22e-07	0.00e+00	0.00e+00	0.00e+00	0.00e+00	0.00e+00
 8.46804e+16	9.98e-01	2.28e-03	6.10e-07	0.00e+00	0.00e+00	0.00e+00	0.00e+00	0.00e+00
 8.47061e+16	9.98e-01	2.23e-03	5.99e-07	0.00e+00	0.00e+00	0.00e+00	0.00e+00	0.00e+00
 8.47294e+16	9.98e-01	2.18e-03	5.88e-07	0.00e+00	0.00e+00	0.00e+00	0.00e+00	0.00e+00
 8.47507e+16	9.98e-01	2.14e-03	5.78e-07	0.00e+00	0.00e+00	0.00e+00	0.00e+00	0.00e+00
 8.47740e+16	9.98e-01	2.10e-03	5.69e-07	0.00e+00	0.00e+00	0.00e+00	0.00e+00	0.00e+00
 8.48043e+16	9.98e-01	2.04e-03	5.54e-07	0.00e+00	0.00e+00	0.00e+00	0.00e+00	0.00e+00
 8.48370e+16	9.98e-01	1.97e-03	5.40e-07	0.00e+00	0.00e+00	0.00e+00	0.00e+00	0.00e+00
 8.48668e+16	9.98e-01	1.92e-03	5.30e-07	0.00e+00	0.00e+00	0.00e+00	0.00e+00	0.00e+00
 8.48938e+16	9.98e-01	1.88e-03	5.20e-07	0.00e+00	0.00e+00	0.00e+00	0.00e+00	0.00e+00
 8.49185e+16	9.98e-01	1.83e-03	5.10e-07	0.00e+00	0.00e+00	0.00e+00	0.00e+00	0.00e+00
