#depth	N  1	N  2	N  3	N  4	N  5	N  6	N  7	N  8
 5.04964e+13	3.59e-05	3.73e-02	6.66e-01	2.68e-01	2.66e-02	2.21e-03	3.78e-06	0.00e+00
 3.02978e+14	3.60e-05	3.74e-02	6.66e-01	2.68e-01	2.65e-02	2.20e-03	3.76e-06	0.00e+00
 1.31291e+15	3.61e-05	3.73e-02	6.67e-01	2.67e-01	2.63e-02	2.18e-03	3.71e-06	0.00e+00
 5.35262e+15	3.67e-05	3.75e-02	6.72e-01	2.63e-01	2.54e-02	2.09e-03	3.51e-06	0.00e+00
 1.27857e+16	3.83e-05	3.76e-02	6.81e-01	2.56e-01	2.34e-02	1.90e-03	3.08e-06	0.00e+00
 2.24231e+16	3.96e-05	3.77e-02	6.92e-01	2.47e-01	2.16e-02	1.73e-03	2.71e-06	0.00e+00
 3.49261e+16	4.09e-05	3.77e-02	7.07e-01	2.35e-01	1.95e-02	1.55e-03	2.37e-06	0.00e+00
 5.11801e+16	4.27e-05	3.81e-02	7.25e-01	2.18e-01	1.71e-02	1.36e-03	2.03e-06	0.00e+00
 7.23103e+16	4.53e-05	3.90e-02	7.49e-01	1.97e-01	1.45e-02	1.16e-03	1.69e-06	0.00e+00
 9.40443e+16	4.79e-05	3.99e-02	7.71e-01	1.75e-01	1.22e-02	9.76e-04	1.40e-06	0.00e+00
 1.11635e+17	5.17e-05	4.17e-02	7.89e-01	1.58e-01	1.06e-02	8.37e-04	1.18e-06	0.00e+00
 1.26808e+17	5.68e-05	4.40e-02	8.02e-01	1.44e-01	9.33e-03	7.24e-04	9.92e-07	0.00e+00
 1.43768e+17	6.60e-05	4.82e-02	8.14e-01	1.29e-01	7.99e-03	5.97e-04	0.00e+00	0.00e+00
 1.59858e+17	7.55e-05	5.20e-02	8.24e-01	1.16e-01	6.95e-03	5.00e-04	0.00e+00	0.00e+00
 1.71851e+17	8.50e-05	5.56e-02	8.30e-01	1.08e-01	6.29e-03	4.35e-04	0.00e+00	0.00e+00
 1.84473e+17	9.79e-05	6.02e-02	8.34e-01	9.90e-02	5.79e-03	3.74e-04	0.00e+00	0.00e+00
 1.97650e+17	1.13e-04	6.52e-02	8.38e-01	9.11e-02	5.21e-03	3.19e-04	0.00e+00	0.00e+00
 2.09062e+17	1.28e-04	7.00e-02	8.40e-01	8.50e-02	4.79e-03	2.78e-04	0.00e+00	0.00e+00
 2.21415e+17	1.48e-04	7.57e-02	8.41e-01	7.89e-02	4.39e-03	2.40e-04	0.00e+00	0.00e+00
 2.34808e+17	1.72e-04	8.23e-02	8.40e-01	7.29e-02	4.01e-03	2.05e-04	0.00e+00	0.00e+00
 2.46832e+17	1.97e-04	8.84e-02	8.39e-01	6.83e-02	3.73e-03	1.79e-04	0.00e+00	0.00e+00
 2.59738e+17	2.27e-04	9.56e-02	8.37e-01	6.38e-02	3.48e-03	1.56e-04	0.00e+00	0.00e+00
 2.73789e+17	2.64e-04	1.04e-01	8.33e-01	5.93e-02	3.23e-03	1.34e-04	0.00e+00	0.00e+00
 2.86397e+17	3.06e-04	1.13e-01	8.28e-01	5.55e-02	3.02e-03	1.16e-04	0.00e+00	0.00e+00
 2.97373e+17	3.45e-04	1.20e-01	8.24e-01	5.26e-02	2.87e-03	1.04e-04	0.00e+00	0.00e+00
 3.09157e+17	3.94e-04	1.29e-01	8.18e-01	4.95e-02	2.71e-03	9.13e-05	0.00e+00	0.00e+00
 3.22137e+17	4.55e-04	1.40e-01	8.11e-01	4.63e-02	2.56e-03	7.95e-05	0.00e+00	0.00e+00
 3.33952e+17	5.19e-04	1.50e-01	8.03e-01	4.35e-02	2.43e-03	7.00e-05	0.00e+00	0.00e+00
 3.44601e+17	5.86e-04	1.61e-01	7.95e-01	4.11e-02	2.32e-03	6.23e-05	0.00e+00	0.00e+00
 3.56451e+17	6.76e-04	1.74e-01	7.85e-01	3.83e-02	2.19e-03	5.40e-05	0.00e+00	0.00e+00
 3.68818e+17	7.85e-04	1.89e-01	7.73e-01	3.55e-02	2.06e-03	4.65e-05	0.00e+00	0.00e+00
 3.79030e+17	8.92e-04	2.03e-01	7.61e-01	3.32e-02	1.95e-03	4.08e-05	0.00e+00	0.00e+00
 3.87892e+17	1.00e-03	2.16e-01	7.49e-01	3.12e-02	1.85e-03	3.61e-05	0.00e+00	0.00e+00
 3.97823e+17	1.15e-03	2.34e-01	7.35e-01	2.88e-02	1.74e-03	3.10e-05	0.00e+00	0.00e+00
 4.08439e+17	1.34e-03	2.54e-01	7.17e-01	2.63e-02	1.61e-03	2.62e-05	0.00e+00	0.00e+00
 4.17522e+17	1.54e-03	2.73e-01	6.99e-01	2.41e-02	1.50e-03	2.24e-05	0.00e+00	0.00e+00
 4.25399e+17	1.74e-03	2.92e-01	6.82e-01	2.22e-02	1.40e-03	1.93e-05	0.00e+00	0.00e+00
 4.34127e+17	2.01e-03	3.16e-01	6.61e-01	2.01e-02	1.29e-03	1.61e-05	0.00e+00	0.00e+00
 4.43573e+17	2.36e-03	3.44e-01	6.35e-01	1.77e-02	1.16e-03	1.30e-05	0.00e+00	0.00e+00
 4.51813e+17	2.75e-03	3.72e-01	6.09e-01	1.57e-02	1.05e-03	1.06e-05	0.00e+00	0.00e+00
 4.59048e+17	3.15e-03	3.99e-01	5.83e-01	1.40e-02	9.46e-04	8.73e-06	0.00e+00	0.00e+00
 4.67114e+17	3.70e-03	4.32e-01	5.52e-01	1.21e-02	8.32e-04	6.85e-06	0.00e+00	0.00e+00
 4.75859e+17	4.44e-03	4.71e-01	5.14e-01	1.01e-02	7.10e-04	5.14e-06	0.00e+00	0.00e+00
 4.83384e+17	5.26e-03	5.10e-01	4.76e-01	8.50e-03	6.04e-04	3.87e-06	0.00e+00	0.00e+00
 4.89614e+17	6.07e-03	5.43e-01	4.43e-01	7.25e-03	5.21e-04	3.00e-06	0.00e+00	0.00e+00
 4.96261e+17	7.13e-03	5.82e-01	4.05e-01	5.97e-03	4.33e-04	2.21e-06	0.00e+00	0.00e+00
 5.03452e+17	8.55e-03	6.26e-01	3.61e-01	4.71e-03	3.45e-04	1.53e-06	0.00e+00	0.00e+00
 5.09601e+17	1.01e-02	6.65e-01	3.21e-01	3.76e-03	2.76e-04	1.08e-06	0.00e+00	0.00e+00
 5.14724e+17	1.16e-02	7.00e-01	2.85e-01	3.03e-03	2.22e-04	7.71e-07	0.00e+00	0.00e+00
 5.20257e+17	1.36e-02	7.35e-01	2.48e-01	2.37e-03	1.72e-04	0.00e+00	0.00e+00	0.00e+00
 5.26181e+17	1.62e-02	7.74e-01	2.08e-01	1.76e-03	1.25e-04	0.00e+00	0.00e+00	0.00e+00
 5.31035e+17	1.90e-02	8.05e-01	1.74e-01	1.33e-03	9.13e-05	0.00e+00	0.00e+00	0.00e+00
 5.34722e+17	2.16e-02	8.28e-01	1.49e-01	1.06e-03	6.98e-05	0.00e+00	0.00e+00	0.00e+00
 5.37918e+17	2.42e-02	8.46e-01	1.29e-01	8.63e-04	5.44e-05	0.00e+00	0.00e+00	0.00e+00
 5.41519e+17	2.75e-02	8.64e-01	1.08e-01	6.81e-04	4.04e-05	0.00e+00	0.00e+00	0.00e+00
 5.45315e+17	3.18e-02	8.80e-01	8.72e-02	5.21e-04	2.82e-05	0.00e+00	0.00e+00	0.00e+00
 5.48375e+17	3.60e-02	8.92e-01	7.16e-02	4.15e-04	2.04e-05	0.00e+00	0.00e+00	0.00e+00
 5.50772e+17	4.00e-02	8.99e-01	6.04e-02	3.45e-04	1.54e-05	0.00e+00	0.00e+00	0.00e+00
 5.53295e+17	4.47e-02	9.05e-01	5.03e-02	2.86e-04	1.15e-05	0.00e+00	0.00e+00	0.00e+00
 5.56060e+17	5.09e-02	9.09e-01	4.02e-02	2.32e-04	8.08e-06	0.00e+00	0.00e+00	0.00e+00
 5.58472e+17	5.74e-02	9.10e-01	3.25e-02	1.93e-04	5.78e-06	0.00e+00	0.00e+00	0.00e+00
 5.60484e+17	6.38e-02	9.09e-01	2.69e-02	1.66e-04	4.32e-06	0.00e+00	0.00e+00	0.00e+00
 5.62643e+17	7.14e-02	9.07e-01	2.19e-02	1.43e-04	3.16e-06	0.00e+00	0.00e+00	0.00e+00
 5.65045e+17	8.17e-02	9.01e-01	1.70e-02	1.20e-04	2.17e-06	0.00e+00	0.00e+00	0.00e+00
 5.67220e+17	9.32e-02	8.93e-01	1.32e-02	1.02e-04	1.51e-06	0.00e+00	0.00e+00	0.00e+00
 5.69065e+17	1.05e-01	8.85e-01	1.06e-02	8.96e-05	1.09e-06	0.00e+00	0.00e+00	0.00e+00
 5.70691e+17	1.16e-01	8.75e-01	8.62e-03	8.00e-05	8.17e-07	0.00e+00	0.00e+00	0.00e+00
 5.72193e+17	1.28e-01	8.65e-01	7.10e-03	7.21e-05	0.00e+00	0.00e+00	0.00e+00	0.00e+00
 5.73606e+17	1.41e-01	8.53e-01	5.86e-03	6.53e-05	0.00e+00	0.00e+00	0.00e+00	0.00e+00
 5.74912e+17	1.54e-01	8.41e-01	4.86e-03	5.96e-05	0.00e+00	0.00e+00	0.00e+00	0.00e+00
 5.76098e+17	1.67e-01	8.29e-01	4.09e-03	5.49e-05	0.00e+00	0.00e+00	0.00e+00	0.00e+00
 5.77196e+17	1.81e-01	8.16e-01	3.46e-03	5.08e-05	0.00e+00	0.00e+00	0.00e+00	0.00e+00
 5.78048e+17	1.92e-01	8.05e-01	3.02e-03	4.77e-05	0.00e+00	0.00e+00	0.00e+00	0.00e+00
 5.78597e+17	2.00e-01	7.97e-01	2.78e-03	4.61e-05	0.00e+00	0.00e+00	0.00e+00	0.00e+00
 5.79113e+17	2.06e-01	7.91e-01	2.58e-03	4.47e-05	0.00e+00	0.00e+00	0.00e+00	0.00e+00
 5.79773e+17	2.16e-01	7.81e-01	2.32e-03	4.26e-05	0.00e+00	0.00e+00	0.00e+00	0.00e+00
 5.80508e+17	2.28e-01	7.70e-01	2.06e-03	4.04e-05	0.00e+00	0.00e+00	0.00e+00	0.00e+00
 5.81168e+17	2.39e-01	7.59e-01	1.84e-03	3.84e-05	0.00e+00	0.00e+00	0.00e+00	0.00e+00
 5.81727e+17	2.49e-01	7.50e-01	1.68e-03	3.70e-05	0.00e+00	0.00e+00	0.00e+00	0.00e+00
 5.82281e+17	2.58e-01	7.40e-01	1.54e-03	3.55e-05	0.00e+00	0.00e+00	0.00e+00	0.00e+00
 5.82901e+17	2.70e-01	7.29e-01	1.39e-03	3.40e-05	0.00e+00	0.00e+00	0.00e+00	0.00e+00
 5.83546e+17	2.82e-01	7.16e-01	1.24e-03	3.24e-05	0.00e+00	0.00e+00	0.00e+00	0.00e+00
 5.84148e+17	2.94e-01	7.04e-01	1.12e-03	3.09e-05	0.00e+00	0.00e+00	0.00e+00	0.00e+00
 5.84701e+17	3.05e-01	6.93e-01	1.03e-03	2.98e-05	0.00e+00	0.00e+00	0.00e+00	0.00e+00
 5.85277e+17	3.17e-01	6.82e-01	9.29e-04	2.85e-05	0.00e+00	0.00e+00	0.00e+00	0.00e+00
 5.85890e+17	3.31e-01	6.68e-01	8.39e-04	2.72e-05	0.00e+00	0.00e+00	0.00e+00	0.00e+00
 5.86483e+17	3.44e-01	6.56e-01	7.59e-04	2.60e-05	0.00e+00	0.00e+00	0.00e+00	0.00e+00
 5.87048e+17	3.56e-01	6.43e-01	6.94e-04	2.50e-05	0.00e+00	0.00e+00	0.00e+00	0.00e+00
 5.87621e+17	3.69e-01	6.30e-01	6.31e-04	2.39e-05	0.00e+00	0.00e+00	0.00e+00	0.00e+00
 5.88226e+17	3.82e-01	6.17e-01	5.75e-04	2.29e-05	0.00e+00	0.00e+00	0.00e+00	0.00e+00
 5.88844e+17	3.97e-01	6.03e-01	5.21e-04	2.19e-05	0.00e+00	0.00e+00	0.00e+00	0.00e+00
 5.89445e+17	4.10e-01	5.89e-01	4.77e-04	2.10e-05	0.00e+00	0.00e+00	0.00e+00	0.00e+00
 5.90035e+17	4.24e-01	5.76e-01	4.36e-04	2.01e-05	0.00e+00	0.00e+00	0.00e+00	0.00e+00
 5.90620e+17	4.37e-01	5.63e-01	4.02e-04	1.93e-05	0.00e+00	0.00e+00	0.00e+00	0.00e+00
 5.91207e+17	4.50e-01	5.50e-01	3.70e-04	1.85e-05	0.00e+00	0.00e+00	0.00e+00	0.00e+00
 5.91810e+17	4.63e-01	5.37e-01	3.43e-04	1.78e-05	0.00e+00	0.00e+00	0.00e+00	0.00e+00
 5.92420e+17	4.76e-01	5.24e-01	3.17e-04	1.70e-05	0.00e+00	0.00e+00	0.00e+00	0.00e+00
 5.93055e+17	4.89e-01	5.11e-01	2.95e-04	1.64e-05	0.00e+00	0.00e+00	0.00e+00	0.00e+00
 5.93752e+17	5.03e-01	4.97e-01	2.72e-04	1.56e-05	0.00e+00	0.00e+00	0.00e+00	0.00e+00
 5.94483e+17	5.17e-01	4.82e-01	2.52e-04	1.49e-05	0.00e+00	0.00e+00	0.00e+00	0.00e+00
 5.95201e+17	5.30e-01	4.70e-01	2.36e-04	1.43e-05	0.00e+00	0.00e+00	0.00e+00	0.00e+00
 5.95958e+17	5.43e-01	4.57e-01	2.21e-04	1.37e-05	0.00e+00	0.00e+00	0.00e+00	0.00e+00
 5.96774e+17	5.56e-01	4.44e-01	2.08e-04	1.32e-05	0.00e+00	0.00e+00	0.00e+00	0.00e+00
 5.97650e+17	5.68e-01	4.31e-01	1.95e-04	1.26e-05	0.00e+00	0.00e+00	0.00e+00	0.00e+00
 5.98562e+17	5.80e-01	4.20e-01	1.85e-04	1.22e-05	0.00e+00	0.00e+00	0.00e+00	0.00e+00
 5.99567e+17	5.91e-01	4.09e-01	1.76e-04	1.17e-05	0.00e+00	0.00e+00	0.00e+00	0.00e+00
 6.00718e+17	6.03e-01	3.97e-01	1.67e-04	1.12e-05	0.00e+00	0.00e+00	0.00e+00	0.00e+00
 6.01934e+17	6.13e-01	3.87e-01	1.60e-04	1.09e-05	0.00e+00	0.00e+00	0.00e+00	0.00e+00
 6.03362e+17	6.23e-01	3.77e-01	1.54e-04	1.05e-05	0.00e+00	0.00e+00	0.00e+00	0.00e+00
 6.04992e+17	6.32e-01	3.68e-01	1.48e-04	1.02e-05	0.00e+00	0.00e+00	0.00e+00	0.00e+00
 6.06621e+17	6.39e-01	3.61e-01	1.44e-04	9.88e-06	0.00e+00	0.00e+00	0.00e+00	0.00e+00
 6.08221e+17	6.45e-01	3.55e-01	1.41e-04	9.69e-06	0.00e+00	0.00e+00	0.00e+00	0.00e+00
 6.09799e+17	6.49e-01	3.51e-01	1.39e-04	9.52e-06	0.00e+00	0.00e+00	0.00e+00	0.00e+00
 6.11604e+17	6.54e-01	3.46e-01	1.36e-04	9.35e-06	0.00e+00	0.00e+00	0.00e+00	0.00e+00
 6.13951e+17	6.60e-01	3.40e-01	1.33e-04	9.14e-06	0.00e+00	0.00e+00	0.00e+00	0.00e+00
 6.17001e+17	6.66e-01	3.34e-01	1.30e-04	8.91e-06	0.00e+00	0.00e+00	0.00e+00	0.00e+00
 6.20966e+17	6.73e-01	3.27e-01	1.27e-04	8.67e-06	0.00e+00	0.00e+00	0.00e+00	0.00e+00
 6.26121e+17	6.81e-01	3.18e-01	1.23e-04	8.38e-06	0.00e+00	0.00e+00	0.00e+00	0.00e+00
 6.32823e+17	6.92e-01	3.08e-01	1.18e-04	8.00e-06	0.00e+00	0.00e+00	0.00e+00	0.00e+00
 6.41535e+17	7.05e-01	2.95e-01	1.13e-04	7.54e-06	0.00e+00	0.00e+00	0.00e+00	0.00e+00
 6.52704e+17	7.21e-01	2.79e-01	1.07e-04	7.02e-06	0.00e+00	0.00e+00	0.00e+00	0.00e+00
 6.64756e+17	7.37e-01	2.63e-01	1.01e-04	6.49e-06	0.00e+00	0.00e+00	0.00e+00	0.00e+00
 6.76207e+17	7.51e-01	2.49e-01	9.59e-05	6.05e-06	0.00e+00	0.00e+00	0.00e+00	0.00e+00
 6.88368e+17	7.66e-01	2.34e-01	9.11e-05	5.59e-06	0.00e+00	0.00e+00	0.00e+00	0.00e+00
 7.01348e+17	7.82e-01	2.18e-01	8.61e-05	5.11e-06	0.00e+00	0.00e+00	0.00e+00	0.00e+00
 7.13648e+17	7.95e-01	2.05e-01	8.21e-05	4.72e-06	0.00e+00	0.00e+00	0.00e+00	0.00e+00
 7.25713e+17	8.08e-01	1.92e-01	7.82e-05	4.34e-06	0.00e+00	0.00e+00	0.00e+00	0.00e+00
 7.37833e+17	8.17e-01	1.83e-01	7.49e-05	4.05e-06	0.00e+00	0.00e+00	0.00e+00	0.00e+00
 7.50447e+17	8.30e-01	1.70e-01	7.12e-05	3.70e-06	0.00e+00	0.00e+00	0.00e+00	0.00e+00
 7.63702e+17	8.43e-01	1.57e-01	6.76e-05	3.35e-06	0.00e+00	0.00e+00	0.00e+00	0.00e+00
 7.75739e+17	8.54e-01	1.46e-01	6.45e-05	3.06e-06	0.00e+00	0.00e+00	0.00e+00	0.00e+00
 7.86760e+17	8.64e-01	1.36e-01	6.18e-05	2.82e-06	0.00e+00	0.00e+00	0.00e+00	0.00e+00
 7.98816e+17	8.74e-01	1.26e-01	5.89e-05	2.55e-06	0.00e+00	0.00e+00	0.00e+00	0.00e+00
 8.11159e+17	8.85e-01	1.15e-01	5.64e-05	2.29e-06	0.00e+00	0.00e+00	0.00e+00	0.00e+00
 8.22323e+17	8.94e-01	1.06e-01	5.38e-05	2.08e-06	0.00e+00	0.00e+00	0.00e+00	0.00e+00
 8.32919e+17	9.02e-01	9.83e-02	5.13e-05	1.89e-06	0.00e+00	0.00e+00	0.00e+00	0.00e+00
 8.43346e+17	9.10e-01	8.99e-02	4.86e-05	1.69e-06	0.00e+00	0.00e+00	0.00e+00	0.00e+00
 8.50750e+17	9.15e-01	8.49e-02	4.70e-05	1.58e-06	0.00e+00	0.00e+00	0.00e+00	0.00e+00
 8.54325e+17	9.15e-01	8.46e-02	4.67e-05	1.57e-06	0.00e+00	0.00e+00	0.00e+00	0.00e+00
 8.57452e+17	9.16e-01	8.35e-02	4.62e-05	1.54e-06	0.00e+00	0.00e+00	0.00e+00	0.00e+00
 8.61517e+17	9.20e-01	7.99e-02	4.51e-05	1.46e-06	0.00e+00	0.00e+00	0.00e+00	0.00e+00
 8.65615e+17	9.24e-01	7.63e-02	4.40e-05	1.38e-06	0.00e+00	0.00e+00	0.00e+00	0.00e+00
 8.68740e+17	9.25e-01	7.50e-02	4.35e-05	1.35e-06	0.00e+00	0.00e+00	0.00e+00	0.00e+00
 8.71788e+17	9.27e-01	7.34e-02	4.29e-05	1.32e-06	0.00e+00	0.00e+00	0.00e+00	0.00e+00
 8.75750e+17	9.30e-01	6.96e-02	4.17e-05	1.24e-06	0.00e+00	0.00e+00	0.00e+00	0.00e+00
 8.79352e+17	9.34e-01	6.63e-02	4.06e-05	1.17e-06	0.00e+00	0.00e+00	0.00e+00	0.00e+00
 8.81586e+17	9.34e-01	6.57e-02	4.03e-05	1.16e-06	0.00e+00	0.00e+00	0.00e+00	0.00e+00
 8.83592e+17	9.35e-01	6.50e-02	4.00e-05	1.14e-06	0.00e+00	0.00e+00	0.00e+00	0.00e+00
 8.86200e+17	9.36e-01	6.35e-02	3.93e-05	1.10e-06	0.00e+00	0.00e+00	0.00e+00	0.00e+00
 8.89589e+17	9.38e-01	6.24e-02	3.90e-05	1.08e-06	0.00e+00	0.00e+00	0.00e+00	0.00e+00
 8.93996e+17	9.41e-01	5.91e-02	3.79e-05	1.02e-06	0.00e+00	0.00e+00	0.00e+00	0.00e+00
 8.97956e+17	9.44e-01	5.63e-02	3.68e-05	9.58e-07	0.00e+00	0.00e+00	0.00e+00	0.00e+00
 9.00308e+17	9.44e-01	5.58e-02	3.65e-05	0.00e+00	0.00e+00	0.00e+00	0.00e+00	0.00e+00
 9.02338e+17	9.45e-01	5.53e-02	3.62e-05	0.00e+00	0.00e+00	0.00e+00	0.00e+00	0.00e+00
 9.04977e+17	9.46e-01	5.39e-02	3.57e-05	0.00e+00	0.00e+00	0.00e+00	0.00e+00	0.00e+00
 9.07921e+17	9.49e-01	5.12e-02	3.47e-05	0.00e+00	0.00e+00	0.00e+00	0.00e+00	0.00e+00
 9.10181e+17	9.51e-01	4.94e-02	3.40e-05	0.00e+00	0.00e+00	0.00e+00	0.00e+00	0.00e+00
 9.11596e+17	9.51e-01	4.92e-02	3.38e-05	0.00e+00	0.00e+00	0.00e+00	0.00e+00	0.00e+00
 9.12991e+17	9.51e-01	4.88e-02	3.36e-05	0.00e+00	0.00e+00	0.00e+00	0.00e+00	0.00e+00
 9.14804e+17	9.52e-01	4.77e-02	3.32e-05	0.00e+00	0.00e+00	0.00e+00	0.00e+00	0.00e+00
 9.17036e+17	9.55e-01	4.54e-02	3.23e-05	0.00e+00	0.00e+00	0.00e+00	0.00e+00	0.00e+00
 9.18928e+17	9.56e-01	4.36e-02	3.15e-05	0.00e+00	0.00e+00	0.00e+00	0.00e+00	0.00e+00
 9.20040e+17	9.56e-01	4.35e-02	3.13e-05	0.00e+00	0.00e+00	0.00e+00	0.00e+00	0.00e+00
 9.21023e+17	9.57e-01	4.32e-02	3.11e-05	0.00e+00	0.00e+00	0.00e+00	0.00e+00	0.00e+00
 9.22302e+17	9.58e-01	4.24e-02	3.08e-05	0.00e+00	0.00e+00	0.00e+00	0.00e+00	0.00e+00
 9.23916e+17	9.59e-01	4.06e-02	3.01e-05	0.00e+00	0.00e+00	0.00e+00	0.00e+00	0.00e+00
 9.25375e+17	9.61e-01	3.90e-02	2.94e-05	0.00e+00	0.00e+00	0.00e+00	0.00e+00	0.00e+00
 9.26284e+17	9.61e-01	3.87e-02	2.92e-05	0.00e+00	0.00e+00	0.00e+00	0.00e+00	0.00e+00
 9.27073e+17	9.61e-01	3.86e-02	2.91e-05	0.00e+00	0.00e+00	0.00e+00	0.00e+00	0.00e+00
 9.28098e+17	9.62e-01	3.79e-02	2.88e-05	0.00e+00	0.00e+00	0.00e+00	0.00e+00	0.00e+00
 9.29430e+17	9.64e-01	3.63e-02	2.81e-05	0.00e+00	0.00e+00	0.00e+00	0.00e+00	0.00e+00
 9.30616e+17	9.66e-01	3.42e-02	2.71e-05	0.00e+00	0.00e+00	0.00e+00	0.00e+00	0.00e+00
 9.31247e+17	9.66e-01	3.40e-02	2.69e-05	0.00e+00	0.00e+00	0.00e+00	0.00e+00	0.00e+00
 9.31702e+17	9.66e-01	3.41e-02	2.68e-05	0.00e+00	0.00e+00	0.00e+00	0.00e+00	0.00e+00
 9.32292e+17	9.66e-01	3.37e-02	2.67e-05	0.00e+00	0.00e+00	0.00e+00	0.00e+00	0.00e+00
 9.33060e+17	9.67e-01	3.30e-02	2.64e-05	0.00e+00	0.00e+00	0.00e+00	0.00e+00	0.00e+00
 9.34056e+17	9.69e-01	3.08e-02	2.53e-05	0.00e+00	0.00e+00	0.00e+00	0.00e+00	0.00e+00
 9.34856e+17	9.71e-01	2.92e-02	2.44e-05	0.00e+00	0.00e+00	0.00e+00	0.00e+00	0.00e+00
 9.35229e+17	9.71e-01	2.92e-02	2.43e-05	0.00e+00	0.00e+00	0.00e+00	0.00e+00	0.00e+00
 9.35542e+17	9.71e-01	2.93e-02	2.43e-05	0.00e+00	0.00e+00	0.00e+00	0.00e+00	0.00e+00
 9.35949e+17	9.71e-01	2.90e-02	2.42e-05	0.00e+00	0.00e+00	0.00e+00	0.00e+00	0.00e+00
 9.36478e+17	9.71e-01	2.85e-02	2.39e-05	0.00e+00	0.00e+00	0.00e+00	0.00e+00	0.00e+00
 9.37165e+17	9.74e-01	2.57e-02	2.24e-05	0.00e+00	0.00e+00	0.00e+00	0.00e+00	0.00e+00
 9.37704e+17	9.88e-01	1.23e-02	1.15e-05	0.00e+00	0.00e+00	0.00e+00	0.00e+00	0.00e+00
 9.37989e+17	9.88e-01	1.23e-02	1.14e-05	0.00e+00	0.00e+00	0.00e+00	0.00e+00	0.00e+00
 9.38302e+17	9.88e-01	1.20e-02	1.12e-05	0.00e+00	0.00e+00	0.00e+00	0.00e+00	0.00e+00
 9.38640e+17	9.88e-01	1.16e-02	1.08e-05	0.00e+00	0.00e+00	0.00e+00	0.00e+00	0.00e+00
 9.38947e+17	9.89e-01	1.14e-02	1.06e-05	0.00e+00	0.00e+00	0.00e+00	0.00e+00	0.00e+00
 9.39284e+17	9.89e-01	1.13e-02	1.05e-05	0.00e+00	0.00e+00	0.00e+00	0.00e+00	0.00e+00
 9.39722e+17	9.89e-01	1.09e-02	1.02e-05	0.00e+00	0.00e+00	0.00e+00	0.00e+00	0.00e+00
 9.40194e+17	9.89e-01	1.06e-02	9.92e-06	0.00e+00	0.00e+00	0.00e+00	0.00e+00	0.00e+00
 9.40624e+17	9.90e-01	1.04e-02	9.75e-06	0.00e+00	0.00e+00	0.00e+00	0.00e+00	0.00e+00
 9.41096e+17	9.90e-01	1.02e-02	9.58e-06	0.00e+00	0.00e+00	0.00e+00	0.00e+00	0.00e+00
 9.41708e+17	9.90e-01	9.89e-03	9.29e-06	0.00e+00	0.00e+00	0.00e+00	0.00e+00	0.00e+00
 9.42370e+17	9.90e-01	9.52e-03	8.98e-06	0.00e+00	0.00e+00	0.00e+00	0.00e+00	0.00e+00
 9.42972e+17	9.91e-01	9.34e-03	8.80e-06	0.00e+00	0.00e+00	0.00e+00	0.00e+00	0.00e+00
 9.43632e+17	9.91e-01	9.16e-03	8.63e-06	0.00e+00	0.00e+00	0.00e+00	0.00e+00	0.00e+00
 9.44489e+17	9.91e-01	8.77e-03	8.30e-06	0.00e+00	0.00e+00	0.00e+00	0.00e+00	0.00e+00
 9.45415e+17	9.92e-01	8.37e-03	7.97e-06	0.00e+00	0.00e+00	0.00e+00	0.00e+00	0.00e+00
 9.46257e+17	9.92e-01	8.12e-03	7.71e-06	0.00e+00	0.00e+00	0.00e+00	0.00e+00	0.00e+00
 9.47024e+17	9.92e-01	7.96e-03	7.56e-06	0.00e+00	0.00e+00	0.00e+00	0.00e+00	0.00e+00
 9.47864e+17	9.92e-01	7.79e-03	7.39e-06	0.00e+00	0.00e+00	0.00e+00	0.00e+00	0.00e+00
 9.48771e+17	9.93e-01	7.44e-03	7.10e-06	0.00e+00	0.00e+00	0.00e+00	0.00e+00	0.00e+00
 9.49596e+17	9.93e-01	7.28e-03	6.93e-06	0.00e+00	0.00e+00	0.00e+00	0.00e+00	0.00e+00
 9.50347e+17	9.93e-01	7.13e-03	6.78e-06	0.00e+00	0.00e+00	0.00e+00	0.00e+00	0.00e+00
 9.50928e+17	9.93e-01	7.06e-03	6.71e-06	0.00e+00	0.00e+00	0.00e+00	0.00e+00	0.00e+00
 9.51377e+17	9.93e-01	7.09e-03	6.66e-06	0.00e+00	0.00e+00	0.00e+00	0.00e+00	0.00e+00
 9.51898e+17	9.93e-01	7.01e-03	6.60e-06	0.00e+00	0.00e+00	0.00e+00	0.00e+00	0.00e+00
 9.52536e+17	9.93e-01	6.80e-03	6.43e-06	0.00e+00	0.00e+00	0.00e+00	0.00e+00	0.00e+00
 9.53191e+17	9.93e-01	6.61e-03	6.27e-06	0.00e+00	0.00e+00	0.00e+00	0.00e+00	0.00e+00
 9.53787e+17	9.94e-01	6.49e-03	6.15e-06	0.00e+00	0.00e+00	0.00e+00	0.00e+00	0.00e+00
 9.54253e+17	9.94e-01	6.43e-03	6.09e-06	0.00e+00	0.00e+00	0.00e+00	0.00e+00	0.00e+00
 9.54631e+17	9.94e-01	6.45e-03	6.05e-06	0.00e+00	0.00e+00	0.00e+00	0.00e+00	0.00e+00
 9.55080e+17	9.94e-01	6.38e-03	5.99e-06	0.00e+00	0.00e+00	0.00e+00	0.00e+00	0.00e+00
 9.55637e+17	9.94e-01	6.20e-03	5.86e-06	0.00e+00	0.00e+00	0.00e+00	0.00e+00	0.00e+00
 9.56218e+17	9.94e-01	6.03e-03	5.72e-06	0.00e+00	0.00e+00	0.00e+00	0.00e+00	0.00e+00
 9.56746e+17	9.94e-01	5.93e-03	5.62e-06	0.00e+00	0.00e+00	0.00e+00	0.00e+00	0.00e+00
 9.57172e+17	9.94e-01	5.88e-03	5.56e-06	0.00e+00	0.00e+00	0.00e+00	0.00e+00	0.00e+00
 9.57517e+17	9.94e-01	5.89e-03	5.53e-06	0.00e+00	0.00e+00	0.00e+00	0.00e+00	0.00e+00
 9.57910e+17	9.94e-01	5.84e-03	5.49e-06	0.00e+00	0.00e+00	0.00e+00	0.00e+00	0.00e+00
###########################
 5.04964e+13	3.55e-05	3.71e-02	6.65e-01	2.69e-01	2.68e-02	2.23e-03	3.83e-06	0.00e+00
 3.02978e+14	3.56e-05	3.71e-02	6.65e-01	2.68e-01	2.67e-02	2.22e-03	3.81e-06	0.00e+00
 1.31291e+15	3.55e-05	3.69e-02	6.67e-01	2.68e-01	2.65e-02	2.20e-03	3.77e-06	0.00e+00
 5.35262e+15	3.53e-05	3.64e-02	6.72e-01	2.64e-01	2.56e-02	2.12e-03	3.59e-06	0.00e+00
 1.27857e+16	3.56e-05	3.57e-02	6.81e-01	2.58e-01	2.38e-02	1.95e-03	3.20e-06	0.00e+00
 2.24487e+16	3.58e-05	3.51e-02	6.92e-01	2.49e-01	2.20e-02	1.79e-03	2.86e-06	0.00e+00
 3.50106e+16	3.62e-05	3.47e-02	7.06e-01	2.38e-01	1.99e-02	1.62e-03	2.53e-06	0.00e+00
 5.13410e+16	3.74e-05	3.49e-02	7.25e-01	2.21e-01	1.76e-02	1.43e-03	2.18e-06	0.00e+00
 7.25706e+16	4.02e-05	3.62e-02	7.48e-01	2.00e-01	1.49e-02	1.21e-03	1.81e-06	0.00e+00
 9.43703e+16	4.44e-05	3.84e-02	7.71e-01	1.77e-01	1.24e-02	1.00e-03	1.46e-06	0.00e+00
 1.11497e+17	4.93e-05	4.10e-02	7.88e-01	1.60e-01	1.08e-02	8.60e-04	1.22e-06	0.00e+00
 1.25603e+17	5.55e-05	4.42e-02	8.00e-01	1.46e-01	9.51e-03	7.45e-04	1.03e-06	0.00e+00
 1.38269e+17	6.26e-05	4.77e-02	8.09e-01	1.34e-01	8.50e-03	6.50e-04	8.72e-07	0.00e+00
 1.49396e+17	7.07e-05	5.14e-02	8.16e-01	1.25e-01	7.67e-03	5.70e-04	0.00e+00	0.00e+00
 1.59543e+17	7.98e-05	5.53e-02	8.21e-01	1.16e-01	6.98e-03	5.03e-04	0.00e+00	0.00e+00
 1.69231e+17	9.01e-05	5.95e-02	8.25e-01	1.09e-01	6.39e-03	4.45e-04	0.00e+00	0.00e+00
 1.78757e+17	1.02e-04	6.40e-02	8.28e-01	1.02e-01	6.01e-03	3.95e-04	0.00e+00	0.00e+00
 1.89672e+17	1.19e-04	7.00e-02	8.30e-01	9.39e-02	5.45e-03	3.40e-04	0.00e+00	0.00e+00
 2.00886e+17	1.38e-04	7.62e-02	8.31e-01	8.70e-02	4.96e-03	2.94e-04	0.00e+00	0.00e+00
 2.10395e+17	1.56e-04	8.18e-02	8.31e-01	8.17e-02	4.60e-03	2.60e-04	0.00e+00	0.00e+00
 2.20665e+17	1.80e-04	8.87e-02	8.30e-01	7.62e-02	4.24e-03	2.26e-04	0.00e+00	0.00e+00
 2.31941e+17	2.09e-04	9.64e-02	8.28e-01	7.09e-02	3.91e-03	1.96e-04	0.00e+00	0.00e+00
 2.42441e+17	2.39e-04	1.04e-01	8.26e-01	6.65e-02	3.64e-03	1.72e-04	0.00e+00	0.00e+00
 2.54003e+17	2.79e-04	1.13e-01	8.21e-01	6.18e-02	3.37e-03	1.49e-04	0.00e+00	0.00e+00
 2.66258e+17	3.23e-04	1.23e-01	8.16e-01	5.77e-02	3.14e-03	1.29e-04	0.00e+00	0.00e+00
 2.77158e+17	3.75e-04	1.33e-01	8.10e-01	5.37e-02	2.93e-03	1.12e-04	0.00e+00	0.00e+00
 2.86962e+17	4.23e-04	1.42e-01	8.04e-01	5.10e-02	2.78e-03	9.99e-05	0.00e+00	0.00e+00
 2.97597e+17	4.86e-04	1.53e-01	7.96e-01	4.79e-02	2.62e-03	8.77e-05	0.00e+00	0.00e+00
 3.09306e+17	5.63e-04	1.66e-01	7.86e-01	4.46e-02	2.46e-03	7.61e-05	0.00e+00	0.00e+00
 3.19987e+17	6.45e-04	1.79e-01	7.76e-01	4.18e-02	2.33e-03	6.67e-05	0.00e+00	0.00e+00
 3.29671e+17	7.32e-04	1.91e-01	7.66e-01	3.93e-02	2.21e-03	5.90e-05	0.00e+00	0.00e+00
 3.40485e+17	8.49e-04	2.07e-01	7.53e-01	3.64e-02	2.07e-03	5.08e-05	0.00e+00	0.00e+00
 3.51770e+17	9.90e-04	2.25e-01	7.38e-01	3.36e-02	1.94e-03	4.34e-05	0.00e+00	0.00e+00
 3.61153e+17	1.13e-03	2.42e-01	7.24e-01	3.13e-02	1.83e-03	3.78e-05	0.00e+00	0.00e+00
 3.69408e+17	1.27e-03	2.58e-01	7.10e-01	2.92e-02	1.72e-03	3.32e-05	0.00e+00	0.00e+00
 3.78709e+17	1.47e-03	2.79e-01	6.91e-01	2.67e-02	1.60e-03	2.82e-05	0.00e+00	0.00e+00
 3.88555e+17	1.72e-03	3.03e-01	6.69e-01	2.42e-02	1.47e-03	2.34e-05	0.00e+00	0.00e+00
 3.96890e+17	1.97e-03	3.26e-01	6.49e-01	2.20e-02	1.36e-03	1.99e-05	0.00e+00	0.00e+00
 4.04251e+17	2.25e-03	3.48e-01	6.28e-01	2.01e-02	1.26e-03	1.68e-05	0.00e+00	0.00e+00
 4.12567e+17	2.63e-03	3.77e-01	6.01e-01	1.78e-02	1.14e-03	1.37e-05	0.00e+00	0.00e+00
 4.21406e+17	3.10e-03	4.10e-01	5.70e-01	1.55e-02	1.01e-03	1.08e-05	0.00e+00	0.00e+00
 4.29006e+17	3.62e-03	4.42e-01	5.40e-01	1.35e-02	8.92e-04	8.62e-06	0.00e+00	0.00e+00
 4.35779e+17	4.18e-03	4.73e-01	5.10e-01	1.18e-02	7.89e-04	6.88e-06	0.00e+00	0.00e+00
 4.42314e+17	4.82e-03	5.06e-01	4.79e-01	1.02e-02	6.91e-04	5.44e-06	0.00e+00	0.00e+00
 4.49729e+17	5.75e-03	5.47e-01	4.39e-01	8.42e-03	5.78e-04	3.99e-06	0.00e+00	0.00e+00
 4.57460e+17	6.94e-03	5.92e-01	3.94e-01	6.73e-03	4.67e-04	2.80e-06	0.00e+00	0.00e+00
 4.63738e+17	8.17e-03	6.31e-01	3.55e-01	5.46e-03	3.82e-04	2.02e-06	0.00e+00	0.00e+00
 4.68964e+17	9.40e-03	6.64e-01	3.22e-01	4.51e-03	3.16e-04	1.50e-06	0.00e+00	0.00e+00
 4.74688e+17	1.11e-02	7.03e-01	2.82e-01	3.54e-03	2.47e-04	1.03e-06	0.00e+00	0.00e+00
 4.80825e+17	1.33e-02	7.45e-01	2.39e-01	2.65e-03	1.83e-04	6.56e-07	0.00e+00	0.00e+00
 4.86021e+17	1.57e-02	7.79e-01	2.03e-01	2.02e-03	1.37e-04	0.00e+00	0.00e+00	0.00e+00
 4.90284e+17	1.81e-02	8.07e-01	1.73e-01	1.57e-03	1.03e-04	0.00e+00	0.00e+00	0.00e+00
 4.94081e+17	2.08e-02	8.30e-01	1.47e-01	1.23e-03	7.80e-05	0.00e+00	0.00e+00	0.00e+00
 4.97638e+17	2.38e-02	8.51e-01	1.24e-01	9.65e-04	5.79e-05	0.00e+00	0.00e+00	0.00e+00
 5.00939e+17	2.71e-02	8.68e-01	1.04e-01	7.57e-04	4.26e-05	0.00e+00	0.00e+00	0.00e+00
 5.03923e+17	3.07e-02	8.82e-01	8.64e-02	6.00e-04	3.13e-05	0.00e+00	0.00e+00	0.00e+00
 5.06615e+17	3.47e-02	8.93e-01	7.20e-02	4.83e-04	2.31e-05	0.00e+00	0.00e+00	0.00e+00
 5.09084e+17	3.89e-02	9.01e-01	5.99e-02	3.93e-04	1.71e-05	0.00e+00	0.00e+00	0.00e+00
 5.11393e+17	4.38e-02	9.06e-01	4.94e-02	3.21e-04	1.24e-05	0.00e+00	0.00e+00	0.00e+00
 5.13542e+17	4.91e-02	9.10e-01	4.08e-02	2.66e-04	9.11e-06	0.00e+00	0.00e+00	0.00e+00
 5.15530e+17	5.48e-02	9.11e-01	3.37e-02	2.23e-04	6.71e-06	0.00e+00	0.00e+00	0.00e+00
 5.17411e+17	6.12e-02	9.11e-01	2.78e-02	1.88e-04	4.93e-06	0.00e+00	0.00e+00	0.00e+00
 5.19222e+17	6.84e-02	9.09e-01	2.27e-02	1.60e-04	3.62e-06	0.00e+00	0.00e+00	0.00e+00
 5.20973e+17	7.64e-02	9.05e-01	1.86e-02	1.38e-04	2.65e-06	0.00e+00	0.00e+00	0.00e+00
 5.22673e+17	8.56e-02	8.99e-01	1.51e-02	1.19e-04	1.93e-06	0.00e+00	0.00e+00	0.00e+00
 5.24341e+17	9.59e-02	8.92e-01	1.22e-02	1.03e-04	1.40e-06	0.00e+00	0.00e+00	0.00e+00
 5.25947e+17	1.07e-01	8.83e-01	9.82e-03	9.02e-05	1.02e-06	0.00e+00	0.00e+00	0.00e+00
 5.27408e+17	1.19e-01	8.73e-01	8.01e-03	8.01e-05	7.63e-07	0.00e+00	0.00e+00	0.00e+00
 5.28690e+17	1.31e-01	8.62e-01	6.66e-03	7.22e-05	0.00e+00	0.00e+00	0.00e+00	0.00e+00
 5.29848e+17	1.42e-01	8.52e-01	5.62e-03	6.59e-05	0.00e+00	0.00e+00	0.00e+00	0.00e+00
 5.30949e+17	1.54e-01	8.41e-01	4.76e-03	6.05e-05	0.00e+00	0.00e+00	0.00e+00	0.00e+00
 5.32021e+17	1.67e-01	8.29e-01	4.06e-03	5.58e-05	0.00e+00	0.00e+00	0.00e+00	0.00e+00
 5.33049e+17	1.80e-01	8.16e-01	3.46e-03	5.16e-05	0.00e+00	0.00e+00	0.00e+00	0.00e+00
 5.33841e+17	1.91e-01	8.06e-01	3.06e-03	4.87e-05	0.00e+00	0.00e+00	0.00e+00	0.00e+00
 5.34358e+17	1.98e-01	8.00e-01	2.84e-03	4.71e-05	0.00e+00	0.00e+00	0.00e+00	0.00e+00
 5.34862e+17	2.05e-01	7.92e-01	2.62e-03	4.54e-05	0.00e+00	0.00e+00	0.00e+00	0.00e+00
 5.35481e+17	2.15e-01	7.83e-01	2.36e-03	4.33e-05	0.00e+00	0.00e+00	0.00e+00	0.00e+00
 5.36138e+17	2.25e-01	7.73e-01	2.13e-03	4.12e-05	0.00e+00	0.00e+00	0.00e+00	0.00e+00
 5.36741e+17	2.35e-01	7.63e-01	1.93e-03	3.95e-05	0.00e+00	0.00e+00	0.00e+00	0.00e+00
 5.37308e+17	2.44e-01	7.54e-01	1.77e-03	3.80e-05	0.00e+00	0.00e+00	0.00e+00	0.00e+00
 5.37893e+17	2.54e-01	7.44e-01	1.60e-03	3.63e-05	0.00e+00	0.00e+00	0.00e+00	0.00e+00
 5.38498e+17	2.65e-01	7.33e-01	1.45e-03	3.48e-05	0.00e+00	0.00e+00	0.00e+00	0.00e+00
 5.39098e+17	2.76e-01	7.22e-01	1.32e-03	3.33e-05	0.00e+00	0.00e+00	0.00e+00	0.00e+00
 5.39688e+17	2.87e-01	7.11e-01	1.20e-03	3.19e-05	0.00e+00	0.00e+00	0.00e+00	0.00e+00
 5.40281e+17	2.99e-01	7.00e-01	1.09e-03	3.06e-05	0.00e+00	0.00e+00	0.00e+00	0.00e+00
 5.40882e+17	3.10e-01	6.89e-01	9.91e-04	2.94e-05	0.00e+00	0.00e+00	0.00e+00	0.00e+00
 5.41493e+17	3.23e-01	6.76e-01	8.97e-04	2.80e-05	0.00e+00	0.00e+00	0.00e+00	0.00e+00
 5.42106e+17	3.35e-01	6.64e-01	8.17e-04	2.70e-05	0.00e+00	0.00e+00	0.00e+00	0.00e+00
 5.42718e+17	3.48e-01	6.52e-01	7.42e-04	2.58e-05	0.00e+00	0.00e+00	0.00e+00	0.00e+00
 5.43341e+17	3.60e-01	6.39e-01	6.77e-04	2.48e-05	0.00e+00	0.00e+00	0.00e+00	0.00e+00
 5.43976e+17	3.74e-01	6.26e-01	6.15e-04	2.36e-05	0.00e+00	0.00e+00	0.00e+00	0.00e+00
 5.44619e+17	3.87e-01	6.13e-01	5.61e-04	2.27e-05	0.00e+00	0.00e+00	0.00e+00	0.00e+00
 5.45272e+17	4.01e-01	5.99e-01	5.11e-04	2.17e-05	0.00e+00	0.00e+00	0.00e+00	0.00e+00
 5.45942e+17	4.14e-01	5.85e-01	4.68e-04	2.08e-05	0.00e+00	0.00e+00	0.00e+00	0.00e+00
 5.46629e+17	4.28e-01	5.71e-01	4.26e-04	1.98e-05	0.00e+00	0.00e+00	0.00e+00	0.00e+00
 5.47324e+17	4.42e-01	5.58e-01	3.92e-04	1.91e-05	0.00e+00	0.00e+00	0.00e+00	0.00e+00
 5.48035e+17	4.56e-01	5.44e-01	3.59e-04	1.82e-05	0.00e+00	0.00e+00	0.00e+00	0.00e+00
 5.48759e+17	4.69e-01	5.30e-01	3.33e-04	1.75e-05	0.00e+00	0.00e+00	0.00e+00	0.00e+00
 5.49489e+17	4.83e-01	5.17e-01	3.07e-04	1.67e-05	0.00e+00	0.00e+00	0.00e+00	0.00e+00
 5.50248e+17	4.96e-01	5.04e-01	2.85e-04	1.61e-05	0.00e+00	0.00e+00	0.00e+00	0.00e+00
 5.51080e+17	5.10e-01	4.90e-01	2.64e-04	1.54e-05	0.00e+00	0.00e+00	0.00e+00	0.00e+00
 5.51995e+17	5.24e-01	4.75e-01	2.45e-04	1.47e-05	0.00e+00	0.00e+00	0.00e+00	0.00e+00
 5.52851e+17	5.36e-01	4.64e-01	2.31e-04	1.42e-05	0.00e+00	0.00e+00	0.00e+00	0.00e+00
 5.53694e+17	5.47e-01	4.53e-01	2.18e-04	1.37e-05	0.00e+00	0.00e+00	0.00e+00	0.00e+00
 5.54716e+17	5.59e-01	4.41e-01	2.06e-04	1.32e-05	0.00e+00	0.00e+00	0.00e+00	0.00e+00
 5.55828e+17	5.72e-01	4.28e-01	1.93e-04	1.26e-05	0.00e+00	0.00e+00	0.00e+00	0.00e+00
 5.57016e+17	5.83e-01	4.17e-01	1.84e-04	1.22e-05	0.00e+00	0.00e+00	0.00e+00	0.00e+00
 5.58351e+17	5.93e-01	4.07e-01	1.76e-04	1.18e-05	0.00e+00	0.00e+00	0.00e+00	0.00e+00
 5.59925e+17	6.04e-01	3.96e-01	1.68e-04	1.13e-05	0.00e+00	0.00e+00	0.00e+00	0.00e+00
 5.61661e+17	6.13e-01	3.87e-01	1.62e-04	1.10e-05	0.00e+00	0.00e+00	0.00e+00	0.00e+00
 5.63359e+17	6.20e-01	3.80e-01	1.57e-04	1.07e-05	0.00e+00	0.00e+00	0.00e+00	0.00e+00
 5.65027e+17	6.26e-01	3.74e-01	1.53e-04	1.05e-05	0.00e+00	0.00e+00	0.00e+00	0.00e+00
 5.66671e+17	6.30e-01	3.69e-01	1.50e-04	1.03e-05	0.00e+00	0.00e+00	0.00e+00	0.00e+00
 5.68551e+17	6.36e-01	3.64e-01	1.47e-04	1.01e-05	0.00e+00	0.00e+00	0.00e+00	0.00e+00
 5.70995e+17	6.41e-01	3.58e-01	1.44e-04	9.89e-06	0.00e+00	0.00e+00	0.00e+00	0.00e+00
 5.74173e+17	6.48e-01	3.52e-01	1.41e-04	9.66e-06	0.00e+00	0.00e+00	0.00e+00	0.00e+00
 5.78303e+17	6.55e-01	3.44e-01	1.36e-04	9.36e-06	0.00e+00	0.00e+00	0.00e+00	0.00e+00
 5.83672e+17	6.64e-01	3.35e-01	1.32e-04	9.04e-06	0.00e+00	0.00e+00	0.00e+00	0.00e+00
 5.90653e+17	6.76e-01	3.24e-01	1.26e-04	8.60e-06	0.00e+00	0.00e+00	0.00e+00	0.00e+00
 5.99727e+17	6.90e-01	3.10e-01	1.20e-04	8.13e-06	0.00e+00	0.00e+00	0.00e+00	0.00e+00
 6.10178e+17	7.05e-01	2.95e-01	1.14e-04	7.60e-06	0.00e+00	0.00e+00	0.00e+00	0.00e+00
 6.21514e+17	7.20e-01	2.80e-01	1.08e-04	7.08e-06	0.00e+00	0.00e+00	0.00e+00	0.00e+00
 6.33239e+17	7.35e-01	2.64e-01	1.02e-04	6.59e-06	0.00e+00	0.00e+00	0.00e+00	0.00e+00
 6.44832e+17	7.49e-01	2.51e-01	9.71e-05	6.13e-06	0.00e+00	0.00e+00	0.00e+00	0.00e+00
 6.56898e+17	7.64e-01	2.36e-01	9.23e-05	5.68e-06	0.00e+00	0.00e+00	0.00e+00	0.00e+00
 6.69318e+17	7.78e-01	2.22e-01	8.77e-05	5.24e-06	0.00e+00	0.00e+00	0.00e+00	0.00e+00
 6.81620e+17	7.92e-01	2.08e-01	8.35e-05	4.82e-06	0.00e+00	0.00e+00	0.00e+00	0.00e+00
 6.93369e+17	8.02e-01	1.98e-01	8.00e-05	4.52e-06	0.00e+00	0.00e+00	0.00e+00	0.00e+00
 7.06020e+17	8.14e-01	1.86e-01	7.61e-05	4.16e-06	0.00e+00	0.00e+00	0.00e+00	0.00e+00
 7.19888e+17	8.29e-01	1.71e-01	7.21e-05	3.76e-06	0.00e+00	0.00e+00	0.00e+00	0.00e+00
 7.32910e+17	8.41e-01	1.59e-01	6.86e-05	3.43e-06	0.00e+00	0.00e+00	0.00e+00	0.00e+00
 7.44858e+17	8.52e-01	1.48e-01	6.55e-05	3.14e-06	0.00e+00	0.00e+00	0.00e+00	0.00e+00
 7.56608e+17	8.62e-01	1.38e-01	6.26e-05	2.87e-06	0.00e+00	0.00e+00	0.00e+00	0.00e+00
 7.68579e+17	8.72e-01	1.28e-01	6.02e-05	2.61e-06	0.00e+00	0.00e+00	0.00e+00	0.00e+00
 7.80173e+17	8.82e-01	1.18e-01	5.74e-05	2.37e-06	0.00e+00	0.00e+00	0.00e+00	0.00e+00
 7.91332e+17	8.91e-01	1.09e-01	5.48e-05	2.16e-06	0.00e+00	0.00e+00	0.00e+00	0.00e+00
 8.02444e+17	9.00e-01	1.00e-01	5.22e-05	1.95e-06	0.00e+00	0.00e+00	0.00e+00	0.00e+00
 8.13211e+17	9.08e-01	9.18e-02	4.94e-05	1.74e-06	0.00e+00	0.00e+00	0.00e+00	0.00e+00
 8.20728e+17	9.13e-01	8.68e-02	4.78e-05	1.63e-06	0.00e+00	0.00e+00	0.00e+00	0.00e+00
 8.24392e+17	9.13e-01	8.65e-02	4.75e-05	1.62e-06	0.00e+00	0.00e+00	0.00e+00	0.00e+00
 8.27647e+17	9.15e-01	8.54e-02	4.70e-05	1.59e-06	0.00e+00	0.00e+00	0.00e+00	0.00e+00
 8.31878e+17	9.18e-01	8.15e-02	4.58e-05	1.50e-06	0.00e+00	0.00e+00	0.00e+00	0.00e+00
 8.36119e+17	9.22e-01	7.79e-02	4.47e-05	1.42e-06	0.00e+00	0.00e+00	0.00e+00	0.00e+00
 8.39327e+17	9.23e-01	7.65e-02	4.42e-05	1.39e-06	0.00e+00	0.00e+00	0.00e+00	0.00e+00
 8.42452e+17	9.25e-01	7.49e-02	4.36e-05	1.36e-06	0.00e+00	0.00e+00	0.00e+00	0.00e+00
 8.46514e+17	9.29e-01	7.10e-02	4.23e-05	1.28e-06	0.00e+00	0.00e+00	0.00e+00	0.00e+00
 8.50223e+17	9.32e-01	6.77e-02	4.12e-05	1.20e-06	0.00e+00	0.00e+00	0.00e+00	0.00e+00
 8.52546e+17	9.33e-01	6.70e-02	4.09e-05	1.19e-06	0.00e+00	0.00e+00	0.00e+00	0.00e+00
 8.54640e+17	9.34e-01	6.63e-02	4.05e-05	1.17e-06	0.00e+00	0.00e+00	0.00e+00	0.00e+00
 8.57362e+17	9.36e-01	6.38e-02	3.97e-05	1.12e-06	0.00e+00	0.00e+00	0.00e+00	0.00e+00
 8.60183e+17	9.37e-01	6.33e-02	3.93e-05	1.10e-06	0.00e+00	0.00e+00	0.00e+00	0.00e+00
 8.63133e+17	9.38e-01	6.22e-02	3.90e-05	1.08e-06	0.00e+00	0.00e+00	0.00e+00	0.00e+00
 8.66967e+17	9.40e-01	5.96e-02	3.81e-05	1.03e-06	0.00e+00	0.00e+00	0.00e+00	0.00e+00
 8.70601e+17	9.43e-01	5.67e-02	3.71e-05	9.69e-07	0.00e+00	0.00e+00	0.00e+00	0.00e+00
 8.73013e+17	9.44e-01	5.60e-02	3.67e-05	0.00e+00	0.00e+00	0.00e+00	0.00e+00	0.00e+00
 8.75189e+17	9.45e-01	5.53e-02	3.64e-05	0.00e+00	0.00e+00	0.00e+00	0.00e+00	0.00e+00
 8.78017e+17	9.47e-01	5.31e-02	3.55e-05	0.00e+00	0.00e+00	0.00e+00	0.00e+00	0.00e+00
 8.80677e+17	9.49e-01	5.09e-02	3.47e-05	0.00e+00	0.00e+00	0.00e+00	0.00e+00	0.00e+00
 8.82435e+17	9.50e-01	5.04e-02	3.44e-05	0.00e+00	0.00e+00	0.00e+00	0.00e+00	0.00e+00
 8.84037e+17	9.50e-01	4.98e-02	3.41e-05	0.00e+00	0.00e+00	0.00e+00	0.00e+00	0.00e+00
 8.86120e+17	9.52e-01	4.80e-02	3.34e-05	0.00e+00	0.00e+00	0.00e+00	0.00e+00	0.00e+00
 8.88111e+17	9.54e-01	4.62e-02	3.27e-05	0.00e+00	0.00e+00	0.00e+00	0.00e+00	0.00e+00
 8.89486e+17	9.54e-01	4.56e-02	3.24e-05	0.00e+00	0.00e+00	0.00e+00	0.00e+00	0.00e+00
 8.90779e+17	9.55e-01	4.51e-02	3.21e-05	0.00e+00	0.00e+00	0.00e+00	0.00e+00	0.00e+00
 8.92460e+17	9.56e-01	4.42e-02	3.18e-05	0.00e+00	0.00e+00	0.00e+00	0.00e+00	0.00e+00
 8.94363e+17	9.58e-01	4.17e-02	3.07e-05	0.00e+00	0.00e+00	0.00e+00	0.00e+00	0.00e+00
 8.95755e+17	9.59e-01	4.09e-02	3.04e-05	0.00e+00	0.00e+00	0.00e+00	0.00e+00	0.00e+00
 8.96764e+17	9.59e-01	4.07e-02	3.02e-05	0.00e+00	0.00e+00	0.00e+00	0.00e+00	0.00e+00
 8.98075e+17	9.60e-01	3.99e-02	2.98e-05	0.00e+00	0.00e+00	0.00e+00	0.00e+00	0.00e+00
 8.99638e+17	9.62e-01	3.77e-02	2.88e-05	0.00e+00	0.00e+00	0.00e+00	0.00e+00	0.00e+00
 9.00831e+17	9.64e-01	3.63e-02	2.82e-05	0.00e+00	0.00e+00	0.00e+00	0.00e+00	0.00e+00
 9.01459e+17	9.64e-01	3.63e-02	2.81e-05	0.00e+00	0.00e+00	0.00e+00	0.00e+00	0.00e+00
 9.02047e+17	9.64e-01	3.62e-02	2.79e-05	0.00e+00	0.00e+00	0.00e+00	0.00e+00	0.00e+00
 9.02812e+17	9.64e-01	3.56e-02	2.77e-05	0.00e+00	0.00e+00	0.00e+00	0.00e+00	0.00e+00
 9.03806e+17	9.65e-01	3.48e-02	2.74e-05	0.00e+00	0.00e+00	0.00e+00	0.00e+00	0.00e+00
 9.05070e+17	9.68e-01	3.22e-02	2.61e-05	0.00e+00	0.00e+00	0.00e+00	0.00e+00	0.00e+00
 9.06026e+17	9.70e-01	3.00e-02	2.49e-05	0.00e+00	0.00e+00	0.00e+00	0.00e+00	0.00e+00
 9.06389e+17	9.70e-01	3.01e-02	2.49e-05	0.00e+00	0.00e+00	0.00e+00	0.00e+00	0.00e+00
 9.06639e+17	9.70e-01	3.02e-02	2.48e-05	0.00e+00	0.00e+00	0.00e+00	0.00e+00	0.00e+00
 9.06965e+17	9.70e-01	3.00e-02	2.48e-05	0.00e+00	0.00e+00	0.00e+00	0.00e+00	0.00e+00
 9.07388e+17	9.70e-01	2.97e-02	2.46e-05	0.00e+00	0.00e+00	0.00e+00	0.00e+00	0.00e+00
 9.07937e+17	9.71e-01	2.92e-02	2.44e-05	0.00e+00	0.00e+00	0.00e+00	0.00e+00	0.00e+00
 9.08652e+17	9.73e-01	2.73e-02	2.34e-05	0.00e+00	0.00e+00	0.00e+00	0.00e+00	0.00e+00
 9.09261e+17	9.88e-01	1.24e-02	1.16e-05	0.00e+00	0.00e+00	0.00e+00	0.00e+00	0.00e+00
 9.09654e+17	9.88e-01	1.22e-02	1.13e-05	0.00e+00	0.00e+00	0.00e+00	0.00e+00	0.00e+00
 9.10011e+17	9.88e-01	1.16e-02	1.08e-05	0.00e+00	0.00e+00	0.00e+00	0.00e+00	0.00e+00
 9.10336e+17	9.88e-01	1.15e-02	1.07e-05	0.00e+00	0.00e+00	0.00e+00	0.00e+00	0.00e+00
 9.10692e+17	9.89e-01	1.14e-02	1.06e-05	0.00e+00	0.00e+00	0.00e+00	0.00e+00	0.00e+00
 9.11155e+17	9.89e-01	1.10e-02	1.03e-05	0.00e+00	0.00e+00	0.00e+00	0.00e+00	0.00e+00
 9.11655e+17	9.89e-01	1.06e-02	9.93e-06	0.00e+00	0.00e+00	0.00e+00	0.00e+00	0.00e+00
 9.12110e+17	9.90e-01	1.04e-02	9.74e-06	0.00e+00	0.00e+00	0.00e+00	0.00e+00	0.00e+00
 9.12609e+17	9.90e-01	1.02e-02	9.56e-06	0.00e+00	0.00e+00	0.00e+00	0.00e+00	0.00e+00
 9.13257e+17	9.90e-01	9.83e-03	9.23e-06	0.00e+00	0.00e+00	0.00e+00	0.00e+00	0.00e+00
 9.13956e+17	9.91e-01	9.43e-03	8.89e-06	0.00e+00	0.00e+00	0.00e+00	0.00e+00	0.00e+00
 9.14593e+17	9.91e-01	9.23e-03	8.70e-06	0.00e+00	0.00e+00	0.00e+00	0.00e+00	0.00e+00
 9.15172e+17	9.91e-01	9.05e-03	8.52e-06	0.00e+00	0.00e+00	0.00e+00	0.00e+00	0.00e+00
 9.15807e+17	9.91e-01	8.88e-03	8.35e-06	0.00e+00	0.00e+00	0.00e+00	0.00e+00	0.00e+00
 9.16633e+17	9.91e-01	8.49e-03	8.02e-06	0.00e+00	0.00e+00	0.00e+00	0.00e+00	0.00e+00
 9.17524e+17	9.92e-01	8.05e-03	7.64e-06	0.00e+00	0.00e+00	0.00e+00	0.00e+00	0.00e+00
 9.18334e+17	9.92e-01	7.87e-03	7.46e-06	0.00e+00	0.00e+00	0.00e+00	0.00e+00	0.00e+00
 9.19072e+17	9.92e-01	7.69e-03	7.29e-06	0.00e+00	0.00e+00	0.00e+00	0.00e+00	0.00e+00
 9.19744e+17	9.92e-01	7.53e-03	7.12e-06	0.00e+00	0.00e+00	0.00e+00	0.00e+00	0.00e+00
 9.20355e+17	9.93e-01	7.39e-03	6.98e-06	0.00e+00	0.00e+00	0.00e+00	0.00e+00	0.00e+00
 9.20851e+17	9.93e-01	7.28e-03	6.85e-06	0.00e+00	0.00e+00	0.00e+00	0.00e+00	0.00e+00
 9.21219e+17	9.93e-01	7.27e-03	6.81e-06	0.00e+00	0.00e+00	0.00e+00	0.00e+00	0.00e+00
 9.21593e+17	9.93e-01	7.25e-03	6.76e-06	0.00e+00	0.00e+00	0.00e+00	0.00e+00	0.00e+00
 9.22079e+17	9.93e-01	7.08e-03	6.63e-06	0.00e+00	0.00e+00	0.00e+00	0.00e+00	0.00e+00
 9.22604e+17	9.93e-01	6.88e-03	6.48e-06	0.00e+00	0.00e+00	0.00e+00	0.00e+00	0.00e+00
 9.23081e+17	9.93e-01	6.76e-03	6.35e-06	0.00e+00	0.00e+00	0.00e+00	0.00e+00	0.00e+00
 9.23478e+17	9.93e-01	6.70e-03	6.28e-06	0.00e+00	0.00e+00	0.00e+00	0.00e+00	0.00e+00
 9.23834e+17	9.93e-01	6.68e-03	6.23e-06	0.00e+00	0.00e+00	0.00e+00	0.00e+00	0.00e+00
 9.24260e+17	9.93e-01	6.55e-03	6.12e-06	0.00e+00	0.00e+00	0.00e+00	0.00e+00	0.00e+00
 9.24688e+17	9.94e-01	6.39e-03	5.99e-06	0.00e+00	0.00e+00	0.00e+00	0.00e+00	0.00e+00
 9.25044e+17	9.94e-01	6.36e-03	5.94e-06	0.00e+00	0.00e+00	0.00e+00	0.00e+00	0.00e+00
 9.25435e+17	9.94e-01	6.30e-03	5.88e-06	0.00e+00	0.00e+00	0.00e+00	0.00e+00	0.00e+00
 9.25906e+17	9.94e-01	6.13e-03	5.74e-06	0.00e+00	0.00e+00	0.00e+00	0.00e+00	0.00e+00
 9.26384e+17	9.94e-01	5.97e-03	5.61e-06	0.00e+00	0.00e+00	0.00e+00	0.00e+00	0.00e+00
 9.26819e+17	9.94e-01	5.86e-03	5.50e-06	0.00e+00	0.00e+00	0.00e+00	0.00e+00	0.00e+00
###########################
 5.04964e+13	3.55e-05	3.71e-02	6.65e-01	2.68e-01	2.68e-02	2.23e-03	3.83e-06	0.00e+00
 3.02978e+14	3.56e-05	3.71e-02	6.66e-01	2.68e-01	2.67e-02	2.22e-03	3.81e-06	0.00e+00
 1.31291e+15	3.55e-05	3.69e-02	6.67e-01	2.68e-01	2.65e-02	2.20e-03	3.76e-06	0.00e+00
 5.35262e+15	3.53e-05	3.65e-02	6.72e-01	2.64e-01	2.56e-02	2.12e-03	3.59e-06	0.00e+00
 1.27857e+16	3.56e-05	3.57e-02	6.81e-01	2.58e-01	2.38e-02	1.95e-03	3.19e-06	0.00e+00
 2.24487e+16	3.58e-05	3.51e-02	6.92e-01	2.49e-01	2.20e-02	1.79e-03	2.86e-06	0.00e+00
 3.50106e+16	3.62e-05	3.47e-02	7.06e-01	2.38e-01	1.99e-02	1.62e-03	2.53e-06	0.00e+00
 5.13410e+16	3.75e-05	3.49e-02	7.25e-01	2.21e-01	1.76e-02	1.43e-03	2.18e-06	0.00e+00
 7.25706e+16	4.03e-05	3.63e-02	7.48e-01	2.00e-01	1.49e-02	1.21e-03	1.81e-06	0.00e+00
 9.43639e+16	4.45e-05	3.84e-02	7.71e-01	1.77e-01	1.24e-02	1.00e-03	1.46e-06	0.00e+00
 1.11477e+17	4.94e-05	4.10e-02	7.88e-01	1.60e-01	1.08e-02	8.59e-04	1.22e-06	0.00e+00
 1.25559e+17	5.55e-05	4.42e-02	8.00e-01	1.46e-01	9.51e-03	7.44e-04	1.03e-06	0.00e+00
 1.38201e+17	6.27e-05	4.77e-02	8.09e-01	1.34e-01	8.49e-03	6.49e-04	8.71e-07	0.00e+00
 1.49317e+17	7.08e-05	5.14e-02	8.16e-01	1.25e-01	7.67e-03	5.70e-04	0.00e+00	0.00e+00
 1.59460e+17	7.99e-05	5.54e-02	8.21e-01	1.16e-01	6.98e-03	5.03e-04	0.00e+00	0.00e+00
 1.69146e+17	9.02e-05	5.96e-02	8.25e-01	1.09e-01	6.38e-03	4.44e-04	0.00e+00	0.00e+00
 1.78670e+17	1.02e-04	6.41e-02	8.28e-01	1.02e-01	6.01e-03	3.95e-04	0.00e+00	0.00e+00
 1.89582e+17	1.19e-04	7.00e-02	8.30e-01	9.39e-02	5.45e-03	3.40e-04	0.00e+00	0.00e+00
 2.00794e+17	1.38e-04	7.62e-02	8.31e-01	8.70e-02	4.95e-03	2.94e-04	0.00e+00	0.00e+00
 2.10303e+17	1.56e-04	8.19e-02	8.31e-01	8.17e-02	4.59e-03	2.59e-04	0.00e+00	0.00e+00
 2.20571e+17	1.80e-04	8.88e-02	8.30e-01	7.62e-02	4.24e-03	2.26e-04	0.00e+00	0.00e+00
 2.31848e+17	2.09e-04	9.65e-02	8.28e-01	7.09e-02	3.90e-03	1.96e-04	0.00e+00	0.00e+00
 2.42344e+17	2.39e-04	1.04e-01	8.26e-01	6.64e-02	3.64e-03	1.72e-04	0.00e+00	0.00e+00
 2.53897e+17	2.79e-04	1.13e-01	8.21e-01	6.18e-02	3.37e-03	1.48e-04	0.00e+00	0.00e+00
 2.66144e+17	3.24e-04	1.23e-01	8.16e-01	5.76e-02	3.14e-03	1.29e-04	0.00e+00	0.00e+00
 2.77034e+17	3.76e-04	1.33e-01	8.10e-01	5.37e-02	2.93e-03	1.11e-04	0.00e+00	0.00e+00
 2.86818e+17	4.24e-04	1.42e-01	8.03e-01	5.10e-02	2.78e-03	9.97e-05	0.00e+00	0.00e+00
 2.97425e+17	4.87e-04	1.53e-01	7.96e-01	4.78e-02	2.62e-03	8.75e-05	0.00e+00	0.00e+00
 3.09115e+17	5.64e-04	1.66e-01	7.86e-01	4.46e-02	2.46e-03	7.59e-05	0.00e+00	0.00e+00
 3.19794e+17	6.46e-04	1.79e-01	7.76e-01	4.17e-02	2.32e-03	6.66e-05	0.00e+00	0.00e+00
 3.29480e+17	7.33e-04	1.91e-01	7.66e-01	3.93e-02	2.21e-03	5.88e-05	0.00e+00	0.00e+00
 3.40296e+17	8.51e-04	2.08e-01	7.53e-01	3.64e-02	2.07e-03	5.07e-05	0.00e+00	0.00e+00
 3.51578e+17	9.91e-04	2.25e-01	7.38e-01	3.36e-02	1.94e-03	4.33e-05	0.00e+00	0.00e+00
 3.60954e+17	1.13e-03	2.42e-01	7.24e-01	3.12e-02	1.82e-03	3.77e-05	0.00e+00	0.00e+00
 3.69202e+17	1.28e-03	2.58e-01	7.10e-01	2.92e-02	1.72e-03	3.31e-05	0.00e+00	0.00e+00
 3.78494e+17	1.48e-03	2.79e-01	6.91e-01	2.67e-02	1.60e-03	2.81e-05	0.00e+00	0.00e+00
 3.88330e+17	1.73e-03	3.03e-01	6.69e-01	2.41e-02	1.47e-03	2.34e-05	0.00e+00	0.00e+00
 3.96662e+17	1.98e-03	3.26e-01	6.49e-01	2.20e-02	1.36e-03	1.98e-05	0.00e+00	0.00e+00
 4.03975e+17	2.25e-03	3.48e-01	6.28e-01	2.01e-02	1.26e-03	1.69e-05	0.00e+00	0.00e+00
 4.12172e+17	2.62e-03	3.77e-01	6.02e-01	1.78e-02	1.14e-03	1.37e-05	0.00e+00	0.00e+00
 4.20917e+17	3.10e-03	4.10e-01	5.71e-01	1.55e-02	1.01e-03	1.09e-05	0.00e+00	0.00e+00
 4.28471e+17	3.60e-03	4.41e-01	5.41e-01	1.36e-02	8.97e-04	8.71e-06	0.00e+00	0.00e+00
 4.35298e+17	4.15e-03	4.72e-01	5.11e-01	1.19e-02	7.93e-04	6.95e-06	0.00e+00	0.00e+00
 4.41958e+17	4.82e-03	5.06e-01	4.79e-01	1.02e-02	6.91e-04	5.43e-06	0.00e+00	0.00e+00
 4.48456e+17	5.60e-03	5.40e-01	4.45e-01	8.68e-03	5.95e-04	4.19e-06	0.00e+00	0.00e+00
 4.55869e+17	6.73e-03	5.84e-01	4.02e-01	7.00e-03	4.85e-04	2.97e-06	0.00e+00	0.00e+00
 4.63428e+17	8.16e-03	6.31e-01	3.55e-01	5.46e-03	3.82e-04	2.02e-06	0.00e+00	0.00e+00
 4.69325e+17	9.58e-03	6.69e-01	3.17e-01	4.38e-03	3.07e-04	1.43e-06	0.00e+00	0.00e+00
 4.74175e+17	1.10e-02	7.01e-01	2.84e-01	3.59e-03	2.51e-04	1.05e-06	0.00e+00	0.00e+00
 4.79519e+17	1.29e-02	7.38e-01	2.46e-01	2.79e-03	1.93e-04	7.08e-07	0.00e+00	0.00e+00
 4.85304e+17	1.55e-02	7.76e-01	2.06e-01	2.06e-03	1.40e-04	0.00e+00	0.00e+00	0.00e+00
 4.90191e+17	1.82e-02	8.08e-01	1.72e-01	1.56e-03	1.02e-04	0.00e+00	0.00e+00	0.00e+00
 4.94042e+17	2.10e-02	8.32e-01	1.46e-01	1.21e-03	7.66e-05	0.00e+00	0.00e+00	0.00e+00
 4.97371e+17	2.38e-02	8.51e-01	1.24e-01	9.63e-04	5.78e-05	0.00e+00	0.00e+00	0.00e+00
 5.00521e+17	2.70e-02	8.68e-01	1.04e-01	7.64e-04	4.31e-05	0.00e+00	0.00e+00	0.00e+00
 5.03537e+17	3.06e-02	8.82e-01	8.70e-02	6.05e-04	3.17e-05	0.00e+00	0.00e+00	0.00e+00
 5.06323e+17	3.47e-02	8.93e-01	7.20e-02	4.83e-04	2.31e-05	0.00e+00	0.00e+00	0.00e+00
 5.08828e+17	3.90e-02	9.01e-01	5.98e-02	3.92e-04	1.70e-05	0.00e+00	0.00e+00	0.00e+00
 5.11112e+17	4.38e-02	9.06e-01	4.95e-02	3.21e-04	1.24e-05	0.00e+00	0.00e+00	0.00e+00
 5.13232e+17	4.90e-02	9.10e-01	4.09e-02	2.66e-04	9.15e-06	0.00e+00	0.00e+00	0.00e+00
 5.15219e+17	5.47e-02	9.11e-01	3.38e-02	2.23e-04	6.74e-06	0.00e+00	0.00e+00	0.00e+00
 5.17116e+17	6.11e-02	9.11e-01	2.78e-02	1.89e-04	4.95e-06	0.00e+00	0.00e+00	0.00e+00
 5.18937e+17	6.83e-02	9.09e-01	2.28e-02	1.61e-04	3.62e-06	0.00e+00	0.00e+00	0.00e+00
 5.20686e+17	7.64e-02	9.05e-01	1.86e-02	1.38e-04	2.65e-06	0.00e+00	0.00e+00	0.00e+00
 5.22382e+17	8.55e-02	8.99e-01	1.51e-02	1.19e-04	1.94e-06	0.00e+00	0.00e+00	0.00e+00
 5.24050e+17	9.58e-02	8.92e-01	1.22e-02	1.03e-04	1.41e-06	0.00e+00	0.00e+00	0.00e+00
 5.25661e+17	1.07e-01	8.83e-01	9.84e-03	9.03e-05	1.03e-06	0.00e+00	0.00e+00	0.00e+00
 5.27127e+17	1.19e-01	8.73e-01	8.02e-03	8.01e-05	7.64e-07	0.00e+00	0.00e+00	0.00e+00
 5.28411e+17	1.31e-01	8.62e-01	6.67e-03	7.23e-05	0.00e+00	0.00e+00	0.00e+00	0.00e+00
 5.29570e+17	1.42e-01	8.52e-01	5.63e-03	6.60e-05	0.00e+00	0.00e+00	0.00e+00	0.00e+00
 5.30671e+17	1.54e-01	8.41e-01	4.77e-03	6.06e-05	0.00e+00	0.00e+00	0.00e+00	0.00e+00
 5.31745e+17	1.67e-01	8.29e-01	4.06e-03	5.58e-05	0.00e+00	0.00e+00	0.00e+00	0.00e+00
 5.32774e+17	1.80e-01	8.16e-01	3.46e-03	5.17e-05	0.00e+00	0.00e+00	0.00e+00	0.00e+00
 5.33567e+17	1.91e-01	8.06e-01	3.07e-03	4.87e-05	0.00e+00	0.00e+00	0.00e+00	0.00e+00
 5.34084e+17	1.98e-01	8.00e-01	2.84e-03	4.71e-05	0.00e+00	0.00e+00	0.00e+00	0.00e+00
 5.34588e+17	2.05e-01	7.93e-01	2.62e-03	4.54e-05	0.00e+00	0.00e+00	0.00e+00	0.00e+00
 5.35207e+17	2.14e-01	7.83e-01	2.37e-03	4.33e-05	0.00e+00	0.00e+00	0.00e+00	0.00e+00
 5.35865e+17	2.25e-01	7.73e-01	2.13e-03	4.12e-05	0.00e+00	0.00e+00	0.00e+00	0.00e+00
 5.36468e+17	2.35e-01	7.63e-01	1.93e-03	3.95e-05	0.00e+00	0.00e+00	0.00e+00	0.00e+00
 5.37036e+17	2.44e-01	7.54e-01	1.77e-03	3.80e-05	0.00e+00	0.00e+00	0.00e+00	0.00e+00
 5.37620e+17	2.54e-01	7.44e-01	1.60e-03	3.63e-05	0.00e+00	0.00e+00	0.00e+00	0.00e+00
 5.38225e+17	2.65e-01	7.33e-01	1.45e-03	3.48e-05	0.00e+00	0.00e+00	0.00e+00	0.00e+00
 5.38825e+17	2.76e-01	7.23e-01	1.32e-03	3.33e-05	0.00e+00	0.00e+00	0.00e+00	0.00e+00
 5.39416e+17	2.87e-01	7.12e-01	1.20e-03	3.19e-05	0.00e+00	0.00e+00	0.00e+00	0.00e+00
 5.40009e+17	2.99e-01	7.00e-01	1.09e-03	3.06e-05	0.00e+00	0.00e+00	0.00e+00	0.00e+00
 5.40610e+17	3.10e-01	6.89e-01	9.92e-04	2.94e-05	0.00e+00	0.00e+00	0.00e+00	0.00e+00
 5.41221e+17	3.23e-01	6.77e-01	8.98e-04	2.81e-05	0.00e+00	0.00e+00	0.00e+00	0.00e+00
 5.41835e+17	3.35e-01	6.64e-01	8.18e-04	2.70e-05	0.00e+00	0.00e+00	0.00e+00	0.00e+00
 5.42448e+17	3.48e-01	6.52e-01	7.42e-04	2.58e-05	0.00e+00	0.00e+00	0.00e+00	0.00e+00
 5.43067e+17	3.60e-01	6.39e-01	6.78e-04	2.48e-05	0.00e+00	0.00e+00	0.00e+00	0.00e+00
 5.43700e+17	3.73e-01	6.26e-01	6.15e-04	2.36e-05	0.00e+00	0.00e+00	0.00e+00	0.00e+00
 5.44346e+17	3.87e-01	6.13e-01	5.62e-04	2.27e-05	0.00e+00	0.00e+00	0.00e+00	0.00e+00
 5.45001e+17	4.00e-01	5.99e-01	5.11e-04	2.17e-05	0.00e+00	0.00e+00	0.00e+00	0.00e+00
 5.45669e+17	4.14e-01	5.85e-01	4.68e-04	2.08e-05	0.00e+00	0.00e+00	0.00e+00	0.00e+00
 5.46355e+17	4.28e-01	5.71e-01	4.27e-04	1.99e-05	0.00e+00	0.00e+00	0.00e+00	0.00e+00
 5.47050e+17	4.42e-01	5.58e-01	3.92e-04	1.91e-05	0.00e+00	0.00e+00	0.00e+00	0.00e+00
 5.47762e+17	4.56e-01	5.44e-01	3.59e-04	1.82e-05	0.00e+00	0.00e+00	0.00e+00	0.00e+00
 5.48486e+17	4.69e-01	5.30e-01	3.32e-04	1.75e-05	0.00e+00	0.00e+00	0.00e+00	0.00e+00
 5.49236e+17	4.83e-01	5.16e-01	3.06e-04	1.67e-05	0.00e+00	0.00e+00	0.00e+00	0.00e+00
 5.50005e+17	4.96e-01	5.04e-01	2.85e-04	1.61e-05	0.00e+00	0.00e+00	0.00e+00	0.00e+00
 5.50792e+17	5.09e-01	4.90e-01	2.65e-04	1.54e-05	0.00e+00	0.00e+00	0.00e+00	0.00e+00
 5.51659e+17	5.23e-01	4.77e-01	2.47e-04	1.48e-05	0.00e+00	0.00e+00	0.00e+00	0.00e+00
 5.52561e+17	5.36e-01	4.64e-01	2.31e-04	1.42e-05	0.00e+00	0.00e+00	0.00e+00	0.00e+00
 5.53489e+17	5.48e-01	4.52e-01	2.17e-04	1.37e-05	0.00e+00	0.00e+00	0.00e+00	0.00e+00
 5.54527e+17	5.61e-01	4.39e-01	2.04e-04	1.31e-05	0.00e+00	0.00e+00	0.00e+00	0.00e+00
 5.55712e+17	5.73e-01	4.26e-01	1.93e-04	1.26e-05	0.00e+00	0.00e+00	0.00e+00	0.00e+00
 5.57017e+17	5.85e-01	4.14e-01	1.82e-04	1.20e-05	0.00e+00	0.00e+00	0.00e+00	0.00e+00
 5.58483e+17	5.96e-01	4.04e-01	1.73e-04	1.16e-05	0.00e+00	0.00e+00	0.00e+00	0.00e+00
 5.60145e+17	6.07e-01	3.93e-01	1.66e-04	1.12e-05	0.00e+00	0.00e+00	0.00e+00	0.00e+00
 5.61866e+17	6.15e-01	3.85e-01	1.60e-04	1.09e-05	0.00e+00	0.00e+00	0.00e+00	0.00e+00
 5.63553e+17	6.22e-01	3.78e-01	1.56e-04	1.06e-05	0.00e+00	0.00e+00	0.00e+00	0.00e+00
 5.65213e+17	6.27e-01	3.73e-01	1.52e-04	1.04e-05	0.00e+00	0.00e+00	0.00e+00	0.00e+00
 5.67109e+17	6.33e-01	3.67e-01	1.49e-04	1.02e-05	0.00e+00	0.00e+00	0.00e+00	0.00e+00
 5.69574e+17	6.39e-01	3.61e-01	1.46e-04	9.99e-06	0.00e+00	0.00e+00	0.00e+00	0.00e+00
 5.72779e+17	6.46e-01	3.54e-01	1.42e-04	9.73e-06	0.00e+00	0.00e+00	0.00e+00	0.00e+00
 5.76945e+17	6.54e-01	3.46e-01	1.38e-04	9.45e-06	0.00e+00	0.00e+00	0.00e+00	0.00e+00
 5.82361e+17	6.62e-01	3.37e-01	1.33e-04	9.12e-06	0.00e+00	0.00e+00	0.00e+00	0.00e+00
 5.89402e+17	6.74e-01	3.26e-01	1.27e-04	8.68e-06	0.00e+00	0.00e+00	0.00e+00	0.00e+00
 5.98309e+17	6.88e-01	3.12e-01	1.21e-04	8.18e-06	0.00e+00	0.00e+00	0.00e+00	0.00e+00
 6.09425e+17	7.04e-01	2.95e-01	1.14e-04	7.62e-06	0.00e+00	0.00e+00	0.00e+00	0.00e+00
 6.21223e+17	7.20e-01	2.80e-01	1.08e-04	7.09e-06	0.00e+00	0.00e+00	0.00e+00	0.00e+00
 6.31935e+17	7.34e-01	2.66e-01	1.03e-04	6.64e-06	0.00e+00	0.00e+00	0.00e+00	0.00e+00
 6.43058e+17	7.47e-01	2.53e-01	9.79e-05	6.20e-06	0.00e+00	0.00e+00	0.00e+00	0.00e+00
 6.55463e+17	7.62e-01	2.37e-01	9.28e-05	5.72e-06	0.00e+00	0.00e+00	0.00e+00	0.00e+00
 6.67921e+17	7.77e-01	2.23e-01	8.81e-05	5.27e-06	0.00e+00	0.00e+00	0.00e+00	0.00e+00
 6.80588e+17	7.92e-01	2.08e-01	8.37e-05	4.84e-06	0.00e+00	0.00e+00	0.00e+00	0.00e+00
 6.93345e+17	8.02e-01	1.98e-01	7.99e-05	4.51e-06	0.00e+00	0.00e+00	0.00e+00	0.00e+00
 7.05942e+17	8.15e-01	1.85e-01	7.60e-05	4.15e-06	0.00e+00	0.00e+00	0.00e+00	0.00e+00
 7.18877e+17	8.28e-01	1.72e-01	7.23e-05	3.79e-06	0.00e+00	0.00e+00	0.00e+00	0.00e+00
 7.31591e+17	8.40e-01	1.60e-01	6.89e-05	3.45e-06	0.00e+00	0.00e+00	0.00e+00	0.00e+00
 7.43866e+17	8.51e-01	1.49e-01	6.57e-05	3.16e-06	0.00e+00	0.00e+00	0.00e+00	0.00e+00
 7.55878e+17	8.62e-01	1.38e-01	6.27e-05	2.88e-06	0.00e+00	0.00e+00	0.00e+00	0.00e+00
 7.67425e+17	8.72e-01	1.28e-01	6.04e-05	2.63e-06	0.00e+00	0.00e+00	0.00e+00	0.00e+00
 7.78727e+17	8.81e-01	1.19e-01	5.77e-05	2.40e-06	0.00e+00	0.00e+00	0.00e+00	0.00e+00
 7.90150e+17	8.90e-01	1.10e-01	5.50e-05	2.17e-06	0.00e+00	0.00e+00	0.00e+00	0.00e+00
 8.01360e+17	8.99e-01	1.01e-01	5.21e-05	1.95e-06	0.00e+00	0.00e+00	0.00e+00	0.00e+00
 8.11203e+17	9.06e-01	9.35e-02	5.00e-05	1.79e-06	0.00e+00	0.00e+00	0.00e+00	0.00e+00
 8.17893e+17	9.11e-01	8.92e-02	4.86e-05	1.68e-06	0.00e+00	0.00e+00	0.00e+00	0.00e+00
 8.21944e+17	9.12e-01	8.82e-02	4.81e-05	1.65e-06	0.00e+00	0.00e+00	0.00e+00	0.00e+00
 8.25881e+17	9.14e-01	8.61e-02	4.73e-05	1.61e-06	0.00e+00	0.00e+00	0.00e+00	0.00e+00
 8.30999e+17	9.19e-01	8.14e-02	4.59e-05	1.50e-06	0.00e+00	0.00e+00	0.00e+00	0.00e+00
 8.35668e+17	9.22e-01	7.76e-02	4.46e-05	1.42e-06	0.00e+00	0.00e+00	0.00e+00	0.00e+00
 8.38585e+17	9.23e-01	7.66e-02	4.42e-05	1.39e-06	0.00e+00	0.00e+00	0.00e+00	0.00e+00
 8.41209e+17	9.24e-01	7.56e-02	4.38e-05	1.37e-06	0.00e+00	0.00e+00	0.00e+00	0.00e+00
 8.44621e+17	9.28e-01	7.24e-02	4.27e-05	1.30e-06	0.00e+00	0.00e+00	0.00e+00	0.00e+00
 8.48016e+17	9.31e-01	6.94e-02	4.17e-05	1.24e-06	0.00e+00	0.00e+00	0.00e+00	0.00e+00
 8.50545e+17	9.32e-01	6.83e-02	4.13e-05	1.22e-06	0.00e+00	0.00e+00	0.00e+00	0.00e+00
 8.52987e+17	9.33e-01	6.72e-02	4.09e-05	1.19e-06	0.00e+00	0.00e+00	0.00e+00	0.00e+00
 8.56162e+17	9.36e-01	6.42e-02	3.98e-05	1.13e-06	0.00e+00	0.00e+00	0.00e+00	0.00e+00
 8.59096e+17	9.37e-01	6.31e-02	3.94e-05	1.10e-06	0.00e+00	0.00e+00	0.00e+00	0.00e+00
 8.61719e+17	9.37e-01	6.30e-02	3.92e-05	1.09e-06	0.00e+00	0.00e+00	0.00e+00	0.00e+00
 8.65128e+17	9.39e-01	6.12e-02	3.87e-05	1.06e-06	0.00e+00	0.00e+00	0.00e+00	0.00e+00
 8.68987e+17	9.42e-01	5.81e-02	3.75e-05	9.96e-07	0.00e+00	0.00e+00	0.00e+00	0.00e+00
 8.72075e+17	9.44e-01	5.58e-02	3.67e-05	0.00e+00	0.00e+00	0.00e+00	0.00e+00	0.00e+00
 8.74055e+17	9.45e-01	5.53e-02	3.64e-05	0.00e+00	0.00e+00	0.00e+00	0.00e+00	0.00e+00
 8.75948e+17	9.45e-01	5.46e-02	3.61e-05	0.00e+00	0.00e+00	0.00e+00	0.00e+00	0.00e+00
 8.78409e+17	9.47e-01	5.33e-02	3.56e-05	0.00e+00	0.00e+00	0.00e+00	0.00e+00	0.00e+00
 8.81179e+17	9.50e-01	5.02e-02	3.44e-05	0.00e+00	0.00e+00	0.00e+00	0.00e+00	0.00e+00
 8.83248e+17	9.51e-01	4.93e-02	3.40e-05	0.00e+00	0.00e+00	0.00e+00	0.00e+00	0.00e+00
 8.84802e+17	9.51e-01	4.90e-02	3.38e-05	0.00e+00	0.00e+00	0.00e+00	0.00e+00	0.00e+00
 8.86789e+17	9.52e-01	4.79e-02	3.34e-05	0.00e+00	0.00e+00	0.00e+00	0.00e+00	0.00e+00
 8.89156e+17	9.54e-01	4.56e-02	3.24e-05	0.00e+00	0.00e+00	0.00e+00	0.00e+00	0.00e+00
 8.91054e+17	9.56e-01	4.38e-02	3.17e-05	0.00e+00	0.00e+00	0.00e+00	0.00e+00	0.00e+00
 8.92143e+17	9.56e-01	4.37e-02	3.15e-05	0.00e+00	0.00e+00	0.00e+00	0.00e+00	0.00e+00
 8.93145e+17	9.57e-01	4.33e-02	3.13e-05	0.00e+00	0.00e+00	0.00e+00	0.00e+00	0.00e+00
 8.94449e+17	9.57e-01	4.25e-02	3.10e-05	0.00e+00	0.00e+00	0.00e+00	0.00e+00	0.00e+00
 8.96112e+17	9.60e-01	4.03e-02	3.00e-05	0.00e+00	0.00e+00	0.00e+00	0.00e+00	0.00e+00
 8.97487e+17	9.61e-01	3.94e-02	2.97e-05	0.00e+00	0.00e+00	0.00e+00	0.00e+00	0.00e+00
 8.98443e+17	9.61e-01	3.91e-02	2.94e-05	0.00e+00	0.00e+00	0.00e+00	0.00e+00	0.00e+00
 8.99610e+17	9.62e-01	3.83e-02	2.91e-05	0.00e+00	0.00e+00	0.00e+00	0.00e+00	0.00e+00
 9.00996e+17	9.64e-01	3.61e-02	2.81e-05	0.00e+00	0.00e+00	0.00e+00	0.00e+00	0.00e+00
 9.02051e+17	9.65e-01	3.45e-02	2.73e-05	0.00e+00	0.00e+00	0.00e+00	0.00e+00	0.00e+00
 9.02553e+17	9.66e-01	3.44e-02	2.71e-05	0.00e+00	0.00e+00	0.00e+00	0.00e+00	0.00e+00
 9.02953e+17	9.66e-01	3.45e-02	2.71e-05	0.00e+00	0.00e+00	0.00e+00	0.00e+00	0.00e+00
 9.03474e+17	9.66e-01	3.41e-02	2.69e-05	0.00e+00	0.00e+00	0.00e+00	0.00e+00	0.00e+00
 9.04150e+17	9.66e-01	3.36e-02	2.67e-05	0.00e+00	0.00e+00	0.00e+00	0.00e+00	0.00e+00
 9.05029e+17	9.68e-01	3.24e-02	2.62e-05	0.00e+00	0.00e+00	0.00e+00	0.00e+00	0.00e+00
 9.05893e+17	9.69e-01	3.07e-02	2.53e-05	0.00e+00	0.00e+00	0.00e+00	0.00e+00	0.00e+00
 9.06458e+17	9.70e-01	3.03e-02	2.50e-05	0.00e+00	0.00e+00	0.00e+00	0.00e+00	0.00e+00
 9.06911e+17	9.70e-01	3.01e-02	2.49e-05	0.00e+00	0.00e+00	0.00e+00	0.00e+00	0.00e+00
 9.07501e+17	9.70e-01	2.95e-02	2.46e-05	0.00e+00	0.00e+00	0.00e+00	0.00e+00	0.00e+00
 9.08268e+17	9.74e-01	2.62e-02	2.27e-05	0.00e+00	0.00e+00	0.00e+00	0.00e+00	0.00e+00
 9.08842e+17	9.88e-01	1.22e-02	1.15e-05	0.00e+00	0.00e+00	0.00e+00	0.00e+00	0.00e+00
 9.09111e+17	9.88e-01	1.22e-02	1.14e-05	0.00e+00	0.00e+00	0.00e+00	0.00e+00	0.00e+00
 9.09404e+17	9.88e-01	1.19e-02	1.11e-05	0.00e+00	0.00e+00	0.00e+00	0.00e+00	0.00e+00
 9.09722e+17	9.88e-01	1.16e-02	1.08e-05	0.00e+00	0.00e+00	0.00e+00	0.00e+00	0.00e+00
 9.10010e+17	9.89e-01	1.15e-02	1.07e-05	0.00e+00	0.00e+00	0.00e+00	0.00e+00	0.00e+00
 9.10327e+17	9.89e-01	1.14e-02	1.06e-05	0.00e+00	0.00e+00	0.00e+00	0.00e+00	0.00e+00
 9.10738e+17	9.89e-01	1.10e-02	1.02e-05	0.00e+00	0.00e+00	0.00e+00	0.00e+00	0.00e+00
 9.11182e+17	9.89e-01	1.06e-02	9.93e-06	0.00e+00	0.00e+00	0.00e+00	0.00e+00	0.00e+00
 9.11586e+17	9.90e-01	1.04e-02	9.76e-06	0.00e+00	0.00e+00	0.00e+00	0.00e+00	0.00e+00
 9.12028e+17	9.90e-01	1.03e-02	9.60e-06	0.00e+00	0.00e+00	0.00e+00	0.00e+00	0.00e+00
 9.12604e+17	9.90e-01	9.92e-03	9.30e-06	0.00e+00	0.00e+00	0.00e+00	0.00e+00	0.00e+00
 9.13225e+17	9.90e-01	9.55e-03	8.99e-06	0.00e+00	0.00e+00	0.00e+00	0.00e+00	0.00e+00
 9.13790e+17	9.91e-01	9.37e-03	8.81e-06	0.00e+00	0.00e+00	0.00e+00	0.00e+00	0.00e+00
 9.14410e+17	9.91e-01	9.18e-03	8.62e-06	0.00e+00	0.00e+00	0.00e+00	0.00e+00	0.00e+00
 9.15079e+17	9.91e-01	8.82e-03	8.32e-06	0.00e+00	0.00e+00	0.00e+00	0.00e+00	0.00e+00
 9.15687e+17	9.91e-01	8.66e-03	8.16e-06	0.00e+00	0.00e+00	0.00e+00	0.00e+00	0.00e+00
 9.16354e+17	9.92e-01	8.49e-03	7.99e-06	0.00e+00	0.00e+00	0.00e+00	0.00e+00	0.00e+00
 9.17074e+17	9.92e-01	8.13e-03	7.69e-06	0.00e+00	0.00e+00	0.00e+00	0.00e+00	0.00e+00
 9.17729e+17	9.92e-01	7.97e-03	7.52e-06	0.00e+00	0.00e+00	0.00e+00	0.00e+00	0.00e+00
 9.18326e+17	9.92e-01	7.82e-03	7.37e-06	0.00e+00	0.00e+00	0.00e+00	0.00e+00	0.00e+00
 9.18979e+17	9.92e-01	7.67e-03	7.21e-06	0.00e+00	0.00e+00	0.00e+00	0.00e+00	0.00e+00
 9.19828e+17	9.93e-01	7.32e-03	6.92e-06	0.00e+00	0.00e+00	0.00e+00	0.00e+00	0.00e+00
 9.20745e+17	9.93e-01	6.96e-03	6.63e-06	0.00e+00	0.00e+00	0.00e+00	0.00e+00	0.00e+00
 9.21580e+17	9.93e-01	6.74e-03	6.41e-06	0.00e+00	0.00e+00	0.00e+00	0.00e+00	0.00e+00
 9.22339e+17	9.93e-01	6.59e-03	6.26e-06	0.00e+00	0.00e+00	0.00e+00	0.00e+00	0.00e+00
 9.23030e+17	9.94e-01	6.45e-03	6.11e-06	0.00e+00	0.00e+00	0.00e+00	0.00e+00	0.00e+00
 9.23659e+17	9.94e-01	6.33e-03	5.98e-06	0.00e+00	0.00e+00	0.00e+00	0.00e+00	0.00e+00
 9.24231e+17	9.94e-01	6.21e-03	5.86e-06	0.00e+00	0.00e+00	0.00e+00	0.00e+00	0.00e+00
 9.24667e+17	9.94e-01	6.15e-03	5.79e-06	0.00e+00	0.00e+00	0.00e+00	0.00e+00	0.00e+00
 9.24986e+17	9.94e-01	6.18e-03	5.76e-06	0.00e+00	0.00e+00	0.00e+00	0.00e+00	0.00e+00
 9.25342e+17	9.94e-01	6.14e-03	5.72e-06	0.00e+00	0.00e+00	0.00e+00	0.00e+00	0.00e+00
 9.25805e+17	9.94e-01	5.98e-03	5.59e-06	0.00e+00	0.00e+00	0.00e+00	0.00e+00	0.00e+00
 9.26305e+17	9.94e-01	5.76e-03	5.41e-06	0.00e+00	0.00e+00	0.00e+00	0.00e+00	0.00e+00
