#depth	N  1	N  2	N  3	N  4	N  5	N  6	N  7	N  8
 4.17770e+12	3.90e-02	9.10e-01	5.10e-02	2.51e-04	3.50e-06	0.00e+00	0.00e+00	0.00e+00
 2.50662e+13	3.91e-02	9.10e-01	5.11e-02	2.51e-04	3.50e-06	0.00e+00	0.00e+00	0.00e+00
 1.08620e+14	3.93e-02	9.09e-01	5.10e-02	2.51e-04	3.50e-06	0.00e+00	0.00e+00	0.00e+00
 4.42836e+14	4.02e-02	9.09e-01	5.06e-02	2.48e-04	3.45e-06	0.00e+00	0.00e+00	0.00e+00
 1.05779e+15	4.15e-02	9.07e-01	5.16e-02	2.56e-04	3.57e-06	0.00e+00	0.00e+00	0.00e+00
 1.85724e+15	4.32e-02	9.05e-01	5.12e-02	2.54e-04	3.53e-06	0.00e+00	0.00e+00	0.00e+00
 2.89651e+15	4.54e-02	9.05e-01	4.98e-02	2.43e-04	3.36e-06	0.00e+00	0.00e+00	0.00e+00
 4.24757e+15	4.82e-02	9.04e-01	4.72e-02	2.22e-04	3.06e-06	0.00e+00	0.00e+00	0.00e+00
 5.79349e+15	5.13e-02	9.04e-01	4.41e-02	1.98e-04	2.72e-06	0.00e+00	0.00e+00	0.00e+00
 7.31571e+15	5.46e-02	9.05e-01	4.06e-02	1.73e-04	2.35e-06	0.00e+00	0.00e+00	0.00e+00
 8.91231e+15	5.86e-02	9.05e-01	3.64e-02	1.45e-04	1.94e-06	0.00e+00	0.00e+00	0.00e+00
 1.07596e+16	6.40e-02	9.04e-01	3.15e-02	1.15e-04	1.50e-06	0.00e+00	0.00e+00	0.00e+00
 1.28668e+16	7.14e-02	9.02e-01	2.61e-02	8.73e-05	1.08e-06	0.00e+00	0.00e+00	0.00e+00
 1.50675e+16	8.10e-02	8.98e-01	2.10e-02	6.42e-05	7.44e-07	0.00e+00	0.00e+00	0.00e+00
 1.70917e+16	9.22e-02	8.91e-01	1.68e-02	4.79e-05	0.00e+00	0.00e+00	0.00e+00	0.00e+00
 1.88808e+16	1.05e-01	8.82e-01	1.35e-02	3.68e-05	0.00e+00	0.00e+00	0.00e+00	0.00e+00
 2.06658e+16	1.21e-01	8.69e-01	1.06e-02	2.82e-05	0.00e+00	0.00e+00	0.00e+00	0.00e+00
 2.24574e+16	1.40e-01	8.52e-01	8.28e-03	2.18e-05	0.00e+00	0.00e+00	0.00e+00	0.00e+00
 2.39784e+16	1.60e-01	8.34e-01	6.63e-03	1.76e-05	0.00e+00	0.00e+00	0.00e+00	0.00e+00
 2.51738e+16	1.77e-01	8.17e-01	5.53e-03	1.50e-05	0.00e+00	0.00e+00	0.00e+00	0.00e+00
 2.61906e+16	1.93e-01	8.02e-01	4.73e-03	1.31e-05	0.00e+00	0.00e+00	0.00e+00	0.00e+00
 2.71763e+16	2.11e-01	7.85e-01	4.04e-03	1.16e-05	0.00e+00	0.00e+00	0.00e+00	0.00e+00
 2.81803e+16	2.29e-01	7.67e-01	3.45e-03	1.03e-05	0.00e+00	0.00e+00	0.00e+00	0.00e+00
 2.91565e+16	2.49e-01	7.49e-01	2.95e-03	9.15e-06	0.00e+00	0.00e+00	0.00e+00	0.00e+00
 3.00629e+16	2.67e-01	7.30e-01	2.54e-03	8.25e-06	0.00e+00	0.00e+00	0.00e+00	0.00e+00
 3.09217e+16	2.86e-01	7.12e-01	2.21e-03	7.50e-06	0.00e+00	0.00e+00	0.00e+00	0.00e+00
 3.17724e+16	3.05e-01	6.93e-01	1.92e-03	6.86e-06	0.00e+00	0.00e+00	0.00e+00	0.00e+00
 3.24722e+16	3.20e-01	6.79e-01	1.73e-03	6.43e-06	0.00e+00	0.00e+00	0.00e+00	0.00e+00
 3.29692e+16	3.30e-01	6.68e-01	1.60e-03	6.13e-06	0.00e+00	0.00e+00	0.00e+00	0.00e+00
 3.34619e+16	3.42e-01	6.57e-01	1.48e-03	5.85e-06	0.00e+00	0.00e+00	0.00e+00	0.00e+00
 3.40542e+16	3.56e-01	6.43e-01	1.33e-03	5.50e-06	0.00e+00	0.00e+00	0.00e+00	0.00e+00
 3.46874e+16	3.70e-01	6.29e-01	1.21e-03	5.20e-06	0.00e+00	0.00e+00	0.00e+00	0.00e+00
 3.52999e+16	3.84e-01	6.15e-01	1.10e-03	4.91e-06	0.00e+00	0.00e+00	0.00e+00	0.00e+00
 3.59052e+16	3.98e-01	6.01e-01	9.97e-04	4.67e-06	0.00e+00	0.00e+00	0.00e+00	0.00e+00
 3.65285e+16	4.13e-01	5.86e-01	8.98e-04	4.39e-06	0.00e+00	0.00e+00	0.00e+00	0.00e+00
 3.71636e+16	4.27e-01	5.72e-01	8.14e-04	4.17e-06	0.00e+00	0.00e+00	0.00e+00	0.00e+00
 3.78088e+16	4.42e-01	5.57e-01	7.33e-04	3.93e-06	0.00e+00	0.00e+00	0.00e+00	0.00e+00
 3.84683e+16	4.57e-01	5.43e-01	6.63e-04	3.74e-06	0.00e+00	0.00e+00	0.00e+00	0.00e+00
 3.91469e+16	4.73e-01	5.27e-01	5.94e-04	3.52e-06	0.00e+00	0.00e+00	0.00e+00	0.00e+00
 3.98379e+16	4.87e-01	5.12e-01	5.36e-04	3.34e-06	0.00e+00	0.00e+00	0.00e+00	0.00e+00
 4.05466e+16	5.04e-01	4.96e-01	4.79e-04	3.14e-06	0.00e+00	0.00e+00	0.00e+00	0.00e+00
 4.12665e+16	5.18e-01	4.81e-01	4.31e-04	2.98e-06	0.00e+00	0.00e+00	0.00e+00	0.00e+00
 4.20028e+16	5.34e-01	4.65e-01	3.85e-04	2.81e-06	0.00e+00	0.00e+00	0.00e+00	0.00e+00
 4.27601e+16	5.50e-01	4.50e-01	3.44e-04	2.65e-06	0.00e+00	0.00e+00	0.00e+00	0.00e+00
 4.35059e+16	5.65e-01	4.35e-01	3.09e-04	2.50e-06	0.00e+00	0.00e+00	0.00e+00	0.00e+00
 4.42768e+16	5.79e-01	4.20e-01	2.77e-04	2.37e-06	0.00e+00	0.00e+00	0.00e+00	0.00e+00
 4.51154e+16	5.95e-01	4.05e-01	2.48e-04	2.24e-06	0.00e+00	0.00e+00	0.00e+00	0.00e+00
 4.60140e+16	6.12e-01	3.88e-01	2.18e-04	2.09e-06	0.00e+00	0.00e+00	0.00e+00	0.00e+00
 4.68547e+16	6.26e-01	3.74e-01	1.96e-04	1.98e-06	0.00e+00	0.00e+00	0.00e+00	0.00e+00
 4.76080e+16	6.38e-01	3.62e-01	1.78e-04	1.89e-06	0.00e+00	0.00e+00	0.00e+00	0.00e+00
 4.84461e+16	6.51e-01	3.49e-01	1.61e-04	1.79e-06	0.00e+00	0.00e+00	0.00e+00	0.00e+00
 4.94618e+16	6.68e-01	3.32e-01	1.41e-04	1.66e-06	0.00e+00	0.00e+00	0.00e+00	0.00e+00
 5.04663e+16	6.82e-01	3.18e-01	1.26e-04	1.57e-06	0.00e+00	0.00e+00	0.00e+00	0.00e+00
 5.13580e+16	6.93e-01	3.07e-01	1.15e-04	1.49e-06	0.00e+00	0.00e+00	0.00e+00	0.00e+00
 5.22735e+16	7.03e-01	2.96e-01	1.05e-04	1.42e-06	0.00e+00	0.00e+00	0.00e+00	0.00e+00
 5.33305e+16	7.17e-01	2.83e-01	9.35e-05	1.33e-06	0.00e+00	0.00e+00	0.00e+00	0.00e+00
 5.44918e+16	7.30e-01	2.70e-01	8.38e-05	1.25e-06	0.00e+00	0.00e+00	0.00e+00	0.00e+00
 5.56394e+16	7.41e-01	2.59e-01	7.60e-05	1.19e-06	0.00e+00	0.00e+00	0.00e+00	0.00e+00
 5.67376e+16	7.51e-01	2.49e-01	6.94e-05	1.12e-06	0.00e+00	0.00e+00	0.00e+00	0.00e+00
 5.79190e+16	7.61e-01	2.38e-01	6.32e-05	1.06e-06	0.00e+00	0.00e+00	0.00e+00	0.00e+00
 5.92327e+16	7.72e-01	2.28e-01	5.74e-05	1.00e-06	0.00e+00	0.00e+00	0.00e+00	0.00e+00
 6.06090e+16	7.82e-01	2.18e-01	5.24e-05	9.48e-07	0.00e+00	0.00e+00	0.00e+00	0.00e+00
 6.20862e+16	7.92e-01	2.08e-01	4.78e-05	0.00e+00	0.00e+00	0.00e+00	0.00e+00	0.00e+00
 6.36011e+16	8.01e-01	1.99e-01	4.38e-05	0.00e+00	0.00e+00	0.00e+00	0.00e+00	0.00e+00
 6.51853e+16	8.10e-01	1.90e-01	4.02e-05	0.00e+00	0.00e+00	0.00e+00	0.00e+00	0.00e+00
 6.69353e+16	8.18e-01	1.82e-01	3.71e-05	0.00e+00	0.00e+00	0.00e+00	0.00e+00	0.00e+00
 6.86458e+16	8.26e-01	1.74e-01	3.44e-05	0.00e+00	0.00e+00	0.00e+00	0.00e+00	0.00e+00
 7.03416e+16	8.33e-01	1.67e-01	3.21e-05	0.00e+00	0.00e+00	0.00e+00	0.00e+00	0.00e+00
 7.22554e+16	8.41e-01	1.59e-01	2.98e-05	0.00e+00	0.00e+00	0.00e+00	0.00e+00	0.00e+00
 7.42877e+16	8.48e-01	1.52e-01	2.77e-05	0.00e+00	0.00e+00	0.00e+00	0.00e+00	0.00e+00
 7.62734e+16	8.54e-01	1.46e-01	2.60e-05	0.00e+00	0.00e+00	0.00e+00	0.00e+00	0.00e+00
 7.82182e+16	8.60e-01	1.40e-01	2.45e-05	0.00e+00	0.00e+00	0.00e+00	0.00e+00	0.00e+00
 8.01758e+16	8.66e-01	1.34e-01	2.31e-05	0.00e+00	0.00e+00	0.00e+00	0.00e+00	0.00e+00
 8.21152e+16	8.71e-01	1.29e-01	2.19e-05	0.00e+00	0.00e+00	0.00e+00	0.00e+00	0.00e+00
 8.40523e+16	8.77e-01	1.23e-01	2.07e-05	0.00e+00	0.00e+00	0.00e+00	0.00e+00	0.00e+00
 8.59273e+16	8.82e-01	1.18e-01	1.97e-05	0.00e+00	0.00e+00	0.00e+00	0.00e+00	0.00e+00
 8.76826e+16	8.86e-01	1.14e-01	1.89e-05	0.00e+00	0.00e+00	0.00e+00	0.00e+00	0.00e+00
 8.94638e+16	8.90e-01	1.10e-01	1.81e-05	0.00e+00	0.00e+00	0.00e+00	0.00e+00	0.00e+00
 9.12647e+16	8.95e-01	1.05e-01	1.73e-05	0.00e+00	0.00e+00	0.00e+00	0.00e+00	0.00e+00
 9.29271e+16	8.98e-01	1.01e-01	1.66e-05	0.00e+00	0.00e+00	0.00e+00	0.00e+00	0.00e+00
 9.45217e+16	9.02e-01	9.78e-02	1.60e-05	0.00e+00	0.00e+00	0.00e+00	0.00e+00	0.00e+00
 9.61162e+16	9.06e-01	9.43e-02	1.55e-05	0.00e+00	0.00e+00	0.00e+00	0.00e+00	0.00e+00
 9.76623e+16	9.09e-01	9.07e-02	1.49e-05	0.00e+00	0.00e+00	0.00e+00	0.00e+00	0.00e+00
 9.91243e+16	9.12e-01	8.75e-02	1.44e-05	0.00e+00	0.00e+00	0.00e+00	0.00e+00	0.00e+00
 1.00495e+17	9.15e-01	8.47e-02	1.40e-05	0.00e+00	0.00e+00	0.00e+00	0.00e+00	0.00e+00
 1.01837e+17	9.18e-01	8.19e-02	1.36e-05	0.00e+00	0.00e+00	0.00e+00	0.00e+00	0.00e+00
 1.03174e+17	9.21e-01	7.89e-02	1.32e-05	0.00e+00	0.00e+00	0.00e+00	0.00e+00	0.00e+00
 1.04446e+17	9.24e-01	7.61e-02	1.28e-05	0.00e+00	0.00e+00	0.00e+00	0.00e+00	0.00e+00
 1.05640e+17	9.26e-01	7.37e-02	1.24e-05	0.00e+00	0.00e+00	0.00e+00	0.00e+00	0.00e+00
 1.06790e+17	9.29e-01	7.13e-02	1.21e-05	0.00e+00	0.00e+00	0.00e+00	0.00e+00	0.00e+00
 1.07916e+17	9.31e-01	6.90e-02	1.18e-05	0.00e+00	0.00e+00	0.00e+00	0.00e+00	0.00e+00
 1.09021e+17	9.33e-01	6.67e-02	1.15e-05	0.00e+00	0.00e+00	0.00e+00	0.00e+00	0.00e+00
 1.10078e+17	9.35e-01	6.45e-02	1.12e-05	0.00e+00	0.00e+00	0.00e+00	0.00e+00	0.00e+00
 1.11089e+17	9.37e-01	6.26e-02	1.10e-05	0.00e+00	0.00e+00	0.00e+00	0.00e+00	0.00e+00
 1.12152e+17	9.40e-01	6.02e-02	1.07e-05	0.00e+00	0.00e+00	0.00e+00	0.00e+00	0.00e+00
 1.13163e+17	9.42e-01	5.84e-02	1.05e-05	0.00e+00	0.00e+00	0.00e+00	0.00e+00	0.00e+00
 1.14032e+17	9.43e-01	5.71e-02	1.03e-05	0.00e+00	0.00e+00	0.00e+00	0.00e+00	0.00e+00
 1.15010e+17	9.45e-01	5.47e-02	1.00e-05	0.00e+00	0.00e+00	0.00e+00	0.00e+00	0.00e+00
 1.15966e+17	9.47e-01	5.26e-02	9.78e-06	0.00e+00	0.00e+00	0.00e+00	0.00e+00	0.00e+00
 1.16713e+17	9.48e-01	5.16e-02	9.66e-06	0.00e+00	0.00e+00	0.00e+00	0.00e+00	0.00e+00
 1.17498e+17	9.50e-01	4.98e-02	9.42e-06	0.00e+00	0.00e+00	0.00e+00	0.00e+00	0.00e+00
 1.18306e+17	9.52e-01	4.84e-02	9.28e-06	0.00e+00	0.00e+00	0.00e+00	0.00e+00	0.00e+00
 1.19050e+17	9.53e-01	4.66e-02	9.05e-06	0.00e+00	0.00e+00	0.00e+00	0.00e+00	0.00e+00
 1.19725e+17	9.55e-01	4.54e-02	8.93e-06	0.00e+00	0.00e+00	0.00e+00	0.00e+00	0.00e+00
 1.20374e+17	9.56e-01	4.39e-02	8.73e-06	0.00e+00	0.00e+00	0.00e+00	0.00e+00	0.00e+00
 1.21018e+17	9.57e-01	4.25e-02	8.56e-06	0.00e+00	0.00e+00	0.00e+00	0.00e+00	0.00e+00
 1.21560e+17	9.58e-01	4.16e-02	8.46e-06	0.00e+00	0.00e+00	0.00e+00	0.00e+00	0.00e+00
 1.22132e+17	9.60e-01	4.04e-02	8.29e-06	0.00e+00	0.00e+00	0.00e+00	0.00e+00	0.00e+00
 1.22738e+17	9.61e-01	3.93e-02	8.15e-06	0.00e+00	0.00e+00	0.00e+00	0.00e+00	0.00e+00
 1.23346e+17	9.61e-01	3.87e-02	8.10e-06	0.00e+00	0.00e+00	0.00e+00	0.00e+00	0.00e+00
 1.24092e+17	9.63e-01	3.71e-02	7.92e-06	0.00e+00	0.00e+00	0.00e+00	0.00e+00	0.00e+00
 1.24811e+17	9.65e-01	3.55e-02	7.73e-06	0.00e+00	0.00e+00	0.00e+00	0.00e+00	0.00e+00
 1.25287e+17	9.65e-01	3.50e-02	7.67e-06	0.00e+00	0.00e+00	0.00e+00	0.00e+00	0.00e+00
 1.25590e+17	9.65e-01	3.46e-02	7.60e-06	0.00e+00	0.00e+00	0.00e+00	0.00e+00	0.00e+00
 1.25855e+17	9.66e-01	3.44e-02	7.56e-06	0.00e+00	0.00e+00	0.00e+00	0.00e+00	0.00e+00
 1.26178e+17	9.66e-01	3.40e-02	7.51e-06	0.00e+00	0.00e+00	0.00e+00	0.00e+00	0.00e+00
 1.26599e+17	9.67e-01	3.32e-02	7.43e-06	0.00e+00	0.00e+00	0.00e+00	0.00e+00	0.00e+00
 1.26979e+17	9.68e-01	3.19e-02	7.28e-06	0.00e+00	0.00e+00	0.00e+00	0.00e+00	0.00e+00
 1.27207e+17	9.68e-01	3.17e-02	7.25e-06	0.00e+00	0.00e+00	0.00e+00	0.00e+00	0.00e+00
 1.27404e+17	9.68e-01	3.16e-02	7.22e-06	0.00e+00	0.00e+00	0.00e+00	0.00e+00	0.00e+00
 1.27660e+17	9.69e-01	3.12e-02	7.17e-06	0.00e+00	0.00e+00	0.00e+00	0.00e+00	0.00e+00
 1.27963e+17	9.69e-01	3.05e-02	7.10e-06	0.00e+00	0.00e+00	0.00e+00	0.00e+00	0.00e+00
 1.28216e+17	9.70e-01	3.00e-02	7.04e-06	0.00e+00	0.00e+00	0.00e+00	0.00e+00	0.00e+00
 1.28376e+17	9.70e-01	2.97e-02	6.99e-06	0.00e+00	0.00e+00	0.00e+00	0.00e+00	0.00e+00
 1.28525e+17	9.70e-01	2.96e-02	6.96e-06	0.00e+00	0.00e+00	0.00e+00	0.00e+00	0.00e+00
 1.28718e+17	9.71e-01	2.93e-02	6.92e-06	0.00e+00	0.00e+00	0.00e+00	0.00e+00	0.00e+00
 1.28957e+17	9.71e-01	2.87e-02	6.87e-06	0.00e+00	0.00e+00	0.00e+00	0.00e+00	0.00e+00
 1.29179e+17	9.72e-01	2.82e-02	6.81e-06	0.00e+00	0.00e+00	0.00e+00	0.00e+00	0.00e+00
 1.29336e+17	9.72e-01	2.80e-02	6.77e-06	0.00e+00	0.00e+00	0.00e+00	0.00e+00	0.00e+00
 1.29476e+17	9.72e-01	2.78e-02	6.74e-06	0.00e+00	0.00e+00	0.00e+00	0.00e+00	0.00e+00
 1.29647e+17	9.72e-01	2.75e-02	6.71e-06	0.00e+00	0.00e+00	0.00e+00	0.00e+00	0.00e+00
 1.29863e+17	9.73e-01	2.71e-02	6.66e-06	0.00e+00	0.00e+00	0.00e+00	0.00e+00	0.00e+00
 1.30084e+17	9.73e-01	2.66e-02	6.60e-06	0.00e+00	0.00e+00	0.00e+00	0.00e+00	0.00e+00
 1.30250e+17	9.74e-01	2.62e-02	6.56e-06	0.00e+00	0.00e+00	0.00e+00	0.00e+00	0.00e+00
 1.30384e+17	9.74e-01	2.61e-02	6.52e-06	0.00e+00	0.00e+00	0.00e+00	0.00e+00	0.00e+00
 1.30541e+17	9.74e-01	2.58e-02	6.49e-06	0.00e+00	0.00e+00	0.00e+00	0.00e+00	0.00e+00
 1.30746e+17	9.75e-01	2.55e-02	6.45e-06	0.00e+00	0.00e+00	0.00e+00	0.00e+00	0.00e+00
 1.30960e+17	9.75e-01	2.49e-02	6.39e-06	0.00e+00	0.00e+00	0.00e+00	0.00e+00	0.00e+00
 1.31122e+17	9.75e-01	2.46e-02	6.35e-06	0.00e+00	0.00e+00	0.00e+00	0.00e+00	0.00e+00
 1.31249e+17	9.76e-01	2.44e-02	6.32e-06	0.00e+00	0.00e+00	0.00e+00	0.00e+00	0.00e+00
 1.31394e+17	9.76e-01	2.42e-02	6.29e-06	0.00e+00	0.00e+00	0.00e+00	0.00e+00	0.00e+00
 1.31582e+17	9.76e-01	2.39e-02	6.25e-06	0.00e+00	0.00e+00	0.00e+00	0.00e+00	0.00e+00
 1.31789e+17	9.77e-01	2.35e-02	6.20e-06	0.00e+00	0.00e+00	0.00e+00	0.00e+00	0.00e+00
 1.31961e+17	9.77e-01	2.31e-02	6.16e-06	0.00e+00	0.00e+00	0.00e+00	0.00e+00	0.00e+00
 1.32096e+17	9.77e-01	2.29e-02	6.12e-06	0.00e+00	0.00e+00	0.00e+00	0.00e+00	0.00e+00
 1.32244e+17	9.77e-01	2.27e-02	6.09e-06	0.00e+00	0.00e+00	0.00e+00	0.00e+00	0.00e+00
 1.32437e+17	9.78e-01	2.24e-02	6.06e-06	0.00e+00	0.00e+00	0.00e+00	0.00e+00	0.00e+00
 1.32648e+17	9.78e-01	2.19e-02	6.01e-06	0.00e+00	0.00e+00	0.00e+00	0.00e+00	0.00e+00
 1.32819e+17	9.78e-01	2.16e-02	5.96e-06	0.00e+00	0.00e+00	0.00e+00	0.00e+00	0.00e+00
 1.32957e+17	9.79e-01	2.15e-02	5.93e-06	0.00e+00	0.00e+00	0.00e+00	0.00e+00	0.00e+00
 1.33113e+17	9.79e-01	2.13e-02	5.91e-06	0.00e+00	0.00e+00	0.00e+00	0.00e+00	0.00e+00
 1.33315e+17	9.79e-01	2.10e-02	5.88e-06	0.00e+00	0.00e+00	0.00e+00	0.00e+00	0.00e+00
 1.33552e+17	9.79e-01	2.05e-02	5.82e-06	0.00e+00	0.00e+00	0.00e+00	0.00e+00	0.00e+00
 1.33752e+17	9.80e-01	2.01e-02	5.77e-06	0.00e+00	0.00e+00	0.00e+00	0.00e+00	0.00e+00
 1.33890e+17	9.80e-01	2.00e-02	5.74e-06	0.00e+00	0.00e+00	0.00e+00	0.00e+00	0.00e+00
 1.34028e+17	9.80e-01	1.99e-02	5.72e-06	0.00e+00	0.00e+00	0.00e+00	0.00e+00	0.00e+00
 1.34208e+17	9.80e-01	1.96e-02	5.69e-06	0.00e+00	0.00e+00	0.00e+00	0.00e+00	0.00e+00
 1.34439e+17	9.81e-01	1.93e-02	5.65e-06	0.00e+00	0.00e+00	0.00e+00	0.00e+00	0.00e+00
 1.34679e+17	9.81e-01	1.88e-02	5.60e-06	0.00e+00	0.00e+00	0.00e+00	0.00e+00	0.00e+00
 1.34870e+17	9.81e-01	1.86e-02	5.56e-06	0.00e+00	0.00e+00	0.00e+00	0.00e+00	0.00e+00
 1.35037e+17	9.82e-01	1.85e-02	5.54e-06	0.00e+00	0.00e+00	0.00e+00	0.00e+00	0.00e+00
 1.35236e+17	9.82e-01	1.83e-02	5.51e-06	0.00e+00	0.00e+00	0.00e+00	0.00e+00	0.00e+00
 1.35494e+17	9.82e-01	1.79e-02	5.47e-06	0.00e+00	0.00e+00	0.00e+00	0.00e+00	0.00e+00
 1.35767e+17	9.83e-01	1.74e-02	5.42e-06	0.00e+00	0.00e+00	0.00e+00	0.00e+00	0.00e+00
 1.35987e+17	9.83e-01	1.72e-02	5.38e-06	0.00e+00	0.00e+00	0.00e+00	0.00e+00	0.00e+00
 1.36185e+17	9.83e-01	1.71e-02	5.36e-06	0.00e+00	0.00e+00	0.00e+00	0.00e+00	0.00e+00
 1.36423e+17	9.83e-01	1.69e-02	5.33e-06	0.00e+00	0.00e+00	0.00e+00	0.00e+00	0.00e+00
 1.36731e+17	9.84e-01	1.65e-02	5.28e-06	0.00e+00	0.00e+00	0.00e+00	0.00e+00	0.00e+00
 1.37048e+17	9.84e-01	1.60e-02	5.23e-06	0.00e+00	0.00e+00	0.00e+00	0.00e+00	0.00e+00
 1.37293e+17	9.84e-01	1.58e-02	5.20e-06	0.00e+00	0.00e+00	0.00e+00	0.00e+00	0.00e+00
 1.37530e+17	9.84e-01	1.57e-02	5.18e-06	0.00e+00	0.00e+00	0.00e+00	0.00e+00	0.00e+00
 1.37838e+17	9.85e-01	1.54e-02	5.13e-06	0.00e+00	0.00e+00	0.00e+00	0.00e+00	0.00e+00
 1.38157e+17	9.85e-01	1.50e-02	5.09e-06	0.00e+00	0.00e+00	0.00e+00	0.00e+00	0.00e+00
 1.38420e+17	9.85e-01	1.48e-02	5.06e-06	0.00e+00	0.00e+00	0.00e+00	0.00e+00	0.00e+00
 1.38696e+17	9.85e-01	1.47e-02	5.03e-06	0.00e+00	0.00e+00	0.00e+00	0.00e+00	0.00e+00
 1.39053e+17	9.86e-01	1.43e-02	5.00e-06	0.00e+00	0.00e+00	0.00e+00	0.00e+00	0.00e+00
 1.39455e+17	9.86e-01	1.40e-02	4.95e-06	0.00e+00	0.00e+00	0.00e+00	0.00e+00	0.00e+00
 1.39819e+17	9.86e-01	1.37e-02	4.92e-06	0.00e+00	0.00e+00	0.00e+00	0.00e+00	0.00e+00
 1.40159e+17	9.86e-01	1.35e-02	4.89e-06	0.00e+00	0.00e+00	0.00e+00	0.00e+00	0.00e+00
 1.40564e+17	9.87e-01	1.33e-02	4.86e-06	0.00e+00	0.00e+00	0.00e+00	0.00e+00	0.00e+00
 1.41062e+17	9.87e-01	1.29e-02	4.82e-06	0.00e+00	0.00e+00	0.00e+00	0.00e+00	0.00e+00
 1.41560e+17	9.87e-01	1.26e-02	4.78e-06	0.00e+00	0.00e+00	0.00e+00	0.00e+00	0.00e+00
 1.41993e+17	9.88e-01	1.24e-02	4.75e-06	0.00e+00	0.00e+00	0.00e+00	0.00e+00	0.00e+00
 1.42464e+17	9.88e-01	1.22e-02	4.73e-06	0.00e+00	0.00e+00	0.00e+00	0.00e+00	0.00e+00
 1.43076e+17	9.88e-01	1.18e-02	4.69e-06	0.00e+00	0.00e+00	0.00e+00	0.00e+00	0.00e+00
 1.43742e+17	9.89e-01	1.14e-02	4.64e-06	0.00e+00	0.00e+00	0.00e+00	0.00e+00	0.00e+00
 1.44327e+17	9.89e-01	1.12e-02	4.61e-06	0.00e+00	0.00e+00	0.00e+00	0.00e+00	0.00e+00
 1.44881e+17	9.89e-01	1.11e-02	4.60e-06	0.00e+00	0.00e+00	0.00e+00	0.00e+00	0.00e+00
 1.45547e+17	9.89e-01	1.11e-02	4.57e-06	0.00e+00	0.00e+00	0.00e+00	0.00e+00	0.00e+00
 1.46378e+17	9.89e-01	1.06e-02	4.53e-06	0.00e+00	0.00e+00	0.00e+00	0.00e+00	0.00e+00
 1.47233e+17	9.90e-01	1.02e-02	4.49e-06	0.00e+00	0.00e+00	0.00e+00	0.00e+00	0.00e+00
 1.47941e+17	9.90e-01	9.98e-03	4.46e-06	0.00e+00	0.00e+00	0.00e+00	0.00e+00	0.00e+00
 1.48561e+17	9.90e-01	9.72e-03	4.43e-06	0.00e+00	0.00e+00	0.00e+00	0.00e+00	0.00e+00
 1.49230e+17	9.91e-01	9.36e-03	4.39e-06	0.00e+00	0.00e+00	0.00e+00	0.00e+00	0.00e+00
 1.49963e+17	9.91e-01	8.68e-03	4.28e-06	0.00e+00	0.00e+00	0.00e+00	0.00e+00	0.00e+00
 1.50681e+17	9.92e-01	7.60e-03	4.07e-06	0.00e+00	0.00e+00	0.00e+00	0.00e+00	0.00e+00
 1.51334e+17	9.99e-01	5.28e-04	1.04e-06	0.00e+00	0.00e+00	0.00e+00	0.00e+00	0.00e+00
###########################
 4.17770e+12	3.90e-02	9.10e-01	5.11e-02	2.51e-04	3.50e-06	0.00e+00	0.00e+00	0.00e+00
 2.50662e+13	3.91e-02	9.10e-01	5.11e-02	2.51e-04	3.50e-06	0.00e+00	0.00e+00	0.00e+00
 1.08620e+14	3.93e-02	9.09e-01	5.11e-02	2.52e-04	3.50e-06	0.00e+00	0.00e+00	0.00e+00
 4.42836e+14	4.00e-02	9.09e-01	5.11e-02	2.50e-04	3.49e-06	0.00e+00	0.00e+00	0.00e+00
 1.05779e+15	4.11e-02	9.06e-01	5.25e-02	2.60e-04	3.64e-06	0.00e+00	0.00e+00	0.00e+00
 1.85724e+15	4.28e-02	9.05e-01	5.22e-02	2.59e-04	3.62e-06	0.00e+00	0.00e+00	0.00e+00
 2.89651e+15	4.50e-02	9.04e-01	5.07e-02	2.47e-04	3.45e-06	0.00e+00	0.00e+00	0.00e+00
 4.24757e+15	4.79e-02	9.04e-01	4.78e-02	2.25e-04	3.12e-06	0.00e+00	0.00e+00	0.00e+00
 5.79671e+15	5.13e-02	9.04e-01	4.43e-02	1.99e-04	2.74e-06	0.00e+00	0.00e+00	0.00e+00
 7.32335e+15	5.50e-02	9.05e-01	4.03e-02	1.71e-04	2.32e-06	0.00e+00	0.00e+00	0.00e+00
 8.91642e+15	5.94e-02	9.05e-01	3.57e-02	1.41e-04	1.88e-06	0.00e+00	0.00e+00	0.00e+00
 1.07474e+16	6.54e-02	9.04e-01	3.04e-02	1.11e-04	1.42e-06	0.00e+00	0.00e+00	0.00e+00
 1.28217e+16	7.36e-02	9.01e-01	2.48e-02	8.25e-05	1.00e-06	0.00e+00	0.00e+00	0.00e+00
 1.49201e+16	8.39e-02	8.96e-01	1.97e-02	6.03e-05	6.80e-07	0.00e+00	0.00e+00	0.00e+00
 1.67691e+16	9.55e-02	8.89e-01	1.58e-02	4.53e-05	0.00e+00	0.00e+00	0.00e+00	0.00e+00
 1.83916e+16	1.08e-01	8.79e-01	1.27e-02	3.51e-05	0.00e+00	0.00e+00	0.00e+00	0.00e+00
 2.00180e+16	1.24e-01	8.66e-01	1.01e-02	2.70e-05	0.00e+00	0.00e+00	0.00e+00	0.00e+00
 2.16386e+16	1.43e-01	8.49e-01	7.92e-03	2.11e-05	0.00e+00	0.00e+00	0.00e+00	0.00e+00
 2.30155e+16	1.62e-01	8.32e-01	6.41e-03	1.73e-05	0.00e+00	0.00e+00	0.00e+00	0.00e+00
 2.41181e+16	1.79e-01	8.16e-01	5.38e-03	1.48e-05	0.00e+00	0.00e+00	0.00e+00	0.00e+00
 2.50767e+16	1.95e-01	8.00e-01	4.61e-03	1.29e-05	0.00e+00	0.00e+00	0.00e+00	0.00e+00
 2.60078e+16	2.13e-01	7.83e-01	3.95e-03	1.14e-05	0.00e+00	0.00e+00	0.00e+00	0.00e+00
 2.69419e+16	2.31e-01	7.65e-01	3.38e-03	1.01e-05	0.00e+00	0.00e+00	0.00e+00	0.00e+00
 2.78463e+16	2.50e-01	7.47e-01	2.91e-03	9.07e-06	0.00e+00	0.00e+00	0.00e+00	0.00e+00
 2.86995e+16	2.68e-01	7.29e-01	2.52e-03	8.20e-06	0.00e+00	0.00e+00	0.00e+00	0.00e+00
 2.95198e+16	2.87e-01	7.11e-01	2.19e-03	7.46e-06	0.00e+00	0.00e+00	0.00e+00	0.00e+00
 3.03325e+16	3.06e-01	6.92e-01	1.91e-03	6.82e-06	0.00e+00	0.00e+00	0.00e+00	0.00e+00
 3.09970e+16	3.20e-01	6.78e-01	1.72e-03	6.39e-06	0.00e+00	0.00e+00	0.00e+00	0.00e+00
 3.14697e+16	3.31e-01	6.67e-01	1.60e-03	6.10e-06	0.00e+00	0.00e+00	0.00e+00	0.00e+00
 3.19406e+16	3.42e-01	6.56e-01	1.47e-03	5.81e-06	0.00e+00	0.00e+00	0.00e+00	0.00e+00
 3.24927e+16	3.56e-01	6.43e-01	1.34e-03	5.50e-06	0.00e+00	0.00e+00	0.00e+00	0.00e+00
 3.30907e+16	3.70e-01	6.29e-01	1.22e-03	5.18e-06	0.00e+00	0.00e+00	0.00e+00	0.00e+00
 3.36755e+16	3.84e-01	6.15e-01	1.11e-03	4.91e-06	0.00e+00	0.00e+00	0.00e+00	0.00e+00
 3.42497e+16	3.98e-01	6.01e-01	1.01e-03	4.64e-06	0.00e+00	0.00e+00	0.00e+00	0.00e+00
 3.48396e+16	4.11e-01	5.88e-01	9.16e-04	4.41e-06	0.00e+00	0.00e+00	0.00e+00	0.00e+00
 3.54563e+16	4.27e-01	5.72e-01	8.25e-04	4.15e-06	0.00e+00	0.00e+00	0.00e+00	0.00e+00
 3.60811e+16	4.41e-01	5.58e-01	7.49e-04	3.95e-06	0.00e+00	0.00e+00	0.00e+00	0.00e+00
 3.67157e+16	4.55e-01	5.44e-01	6.78e-04	3.74e-06	0.00e+00	0.00e+00	0.00e+00	0.00e+00
 3.73904e+16	4.72e-01	5.28e-01	6.06e-04	3.51e-06	0.00e+00	0.00e+00	0.00e+00	0.00e+00
 3.80617e+16	4.86e-01	5.13e-01	5.48e-04	3.34e-06	0.00e+00	0.00e+00	0.00e+00	0.00e+00
 3.87340e+16	5.01e-01	4.99e-01	4.95e-04	3.17e-06	0.00e+00	0.00e+00	0.00e+00	0.00e+00
 3.94629e+16	5.18e-01	4.82e-01	4.40e-04	2.97e-06	0.00e+00	0.00e+00	0.00e+00	0.00e+00
 4.02029e+16	5.32e-01	4.67e-01	3.96e-04	2.82e-06	0.00e+00	0.00e+00	0.00e+00	0.00e+00
 4.09446e+16	5.48e-01	4.51e-01	3.54e-04	2.66e-06	0.00e+00	0.00e+00	0.00e+00	0.00e+00
 4.17043e+16	5.64e-01	4.36e-01	3.17e-04	2.51e-06	0.00e+00	0.00e+00	0.00e+00	0.00e+00
 4.24753e+16	5.78e-01	4.22e-01	2.85e-04	2.38e-06	0.00e+00	0.00e+00	0.00e+00	0.00e+00
 4.33188e+16	5.95e-01	4.05e-01	2.53e-04	2.23e-06	0.00e+00	0.00e+00	0.00e+00	0.00e+00
 4.41749e+16	6.09e-01	3.91e-01	2.27e-04	2.12e-06	0.00e+00	0.00e+00	0.00e+00	0.00e+00
 4.49757e+16	6.22e-01	3.78e-01	2.04e-04	2.01e-06	0.00e+00	0.00e+00	0.00e+00	0.00e+00
 4.58201e+16	6.37e-01	3.63e-01	1.83e-04	1.89e-06	0.00e+00	0.00e+00	0.00e+00	0.00e+00
 4.67447e+16	6.51e-01	3.49e-01	1.64e-04	1.79e-06	0.00e+00	0.00e+00	0.00e+00	0.00e+00
 4.77115e+16	6.66e-01	3.34e-01	1.45e-04	1.67e-06	0.00e+00	0.00e+00	0.00e+00	0.00e+00
 4.86883e+16	6.79e-01	3.21e-01	1.31e-04	1.59e-06	0.00e+00	0.00e+00	0.00e+00	0.00e+00
 4.96829e+16	6.93e-01	3.07e-01	1.17e-04	1.49e-06	0.00e+00	0.00e+00	0.00e+00	0.00e+00
 5.07047e+16	7.05e-01	2.95e-01	1.06e-04	1.41e-06	0.00e+00	0.00e+00	0.00e+00	0.00e+00
 5.17682e+16	7.17e-01	2.82e-01	9.48e-05	1.33e-06	0.00e+00	0.00e+00	0.00e+00	0.00e+00
 5.29024e+16	7.29e-01	2.71e-01	8.57e-05	1.26e-06	0.00e+00	0.00e+00	0.00e+00	0.00e+00
 5.40489e+16	7.41e-01	2.59e-01	7.72e-05	1.18e-06	0.00e+00	0.00e+00	0.00e+00	0.00e+00
 5.51947e+16	7.51e-01	2.49e-01	7.05e-05	1.12e-06	0.00e+00	0.00e+00	0.00e+00	0.00e+00
 5.64096e+16	7.61e-01	2.39e-01	6.44e-05	1.07e-06	0.00e+00	0.00e+00	0.00e+00	0.00e+00
 5.76855e+16	7.70e-01	2.30e-01	5.89e-05	1.01e-06	0.00e+00	0.00e+00	0.00e+00	0.00e+00
 5.89476e+16	7.79e-01	2.21e-01	5.42e-05	9.64e-07	0.00e+00	0.00e+00	0.00e+00	0.00e+00
 6.03239e+16	7.89e-01	2.11e-01	4.95e-05	0.00e+00	0.00e+00	0.00e+00	0.00e+00	0.00e+00
 6.19750e+16	7.99e-01	2.01e-01	4.49e-05	0.00e+00	0.00e+00	0.00e+00	0.00e+00	0.00e+00
 6.37500e+16	8.09e-01	1.91e-01	4.09e-05	0.00e+00	0.00e+00	0.00e+00	0.00e+00	0.00e+00
 6.55245e+16	8.17e-01	1.83e-01	3.76e-05	0.00e+00	0.00e+00	0.00e+00	0.00e+00	0.00e+00
 6.72492e+16	8.25e-01	1.75e-01	3.49e-05	0.00e+00	0.00e+00	0.00e+00	0.00e+00	0.00e+00
 6.90108e+16	8.33e-01	1.67e-01	3.24e-05	0.00e+00	0.00e+00	0.00e+00	0.00e+00	0.00e+00
 7.09344e+16	8.40e-01	1.60e-01	3.01e-05	0.00e+00	0.00e+00	0.00e+00	0.00e+00	0.00e+00
 7.29306e+16	8.47e-01	1.53e-01	2.81e-05	0.00e+00	0.00e+00	0.00e+00	0.00e+00	0.00e+00
 7.48901e+16	8.53e-01	1.47e-01	2.63e-05	0.00e+00	0.00e+00	0.00e+00	0.00e+00	0.00e+00
 7.68207e+16	8.59e-01	1.41e-01	2.48e-05	0.00e+00	0.00e+00	0.00e+00	0.00e+00	0.00e+00
 7.88175e+16	8.65e-01	1.35e-01	2.34e-05	0.00e+00	0.00e+00	0.00e+00	0.00e+00	0.00e+00
 8.08201e+16	8.71e-01	1.29e-01	2.21e-05	0.00e+00	0.00e+00	0.00e+00	0.00e+00	0.00e+00
 8.27325e+16	8.76e-01	1.24e-01	2.10e-05	0.00e+00	0.00e+00	0.00e+00	0.00e+00	0.00e+00
 8.45931e+16	8.81e-01	1.19e-01	2.00e-05	0.00e+00	0.00e+00	0.00e+00	0.00e+00	0.00e+00
 8.64595e+16	8.85e-01	1.15e-01	1.90e-05	0.00e+00	0.00e+00	0.00e+00	0.00e+00	0.00e+00
 8.82705e+16	8.90e-01	1.10e-01	1.82e-05	0.00e+00	0.00e+00	0.00e+00	0.00e+00	0.00e+00
 8.99818e+16	8.94e-01	1.06e-01	1.75e-05	0.00e+00	0.00e+00	0.00e+00	0.00e+00	0.00e+00
 9.16507e+16	8.98e-01	1.02e-01	1.68e-05	0.00e+00	0.00e+00	0.00e+00	0.00e+00	0.00e+00
 9.32804e+16	9.01e-01	9.85e-02	1.62e-05	0.00e+00	0.00e+00	0.00e+00	0.00e+00	0.00e+00
 9.48793e+16	9.05e-01	9.49e-02	1.56e-05	0.00e+00	0.00e+00	0.00e+00	0.00e+00	0.00e+00
 9.64353e+16	9.09e-01	9.09e-02	1.50e-05	0.00e+00	0.00e+00	0.00e+00	0.00e+00	0.00e+00
 9.78627e+16	9.12e-01	8.82e-02	1.45e-05	0.00e+00	0.00e+00	0.00e+00	0.00e+00	0.00e+00
 9.92323e+16	9.15e-01	8.54e-02	1.41e-05	0.00e+00	0.00e+00	0.00e+00	0.00e+00	0.00e+00
 1.00641e+17	9.18e-01	8.18e-02	1.36e-05	0.00e+00	0.00e+00	0.00e+00	0.00e+00	0.00e+00
 1.01974e+17	9.21e-01	7.94e-02	1.33e-05	0.00e+00	0.00e+00	0.00e+00	0.00e+00	0.00e+00
 1.03299e+17	9.24e-01	7.64e-02	1.28e-05	0.00e+00	0.00e+00	0.00e+00	0.00e+00	0.00e+00
 1.04589e+17	9.26e-01	7.39e-02	1.25e-05	0.00e+00	0.00e+00	0.00e+00	0.00e+00	0.00e+00
 1.05720e+17	9.28e-01	7.16e-02	1.22e-05	0.00e+00	0.00e+00	0.00e+00	0.00e+00	0.00e+00
 1.06893e+17	9.31e-01	6.90e-02	1.19e-05	0.00e+00	0.00e+00	0.00e+00	0.00e+00	0.00e+00
 1.08051e+17	9.33e-01	6.66e-02	1.15e-05	0.00e+00	0.00e+00	0.00e+00	0.00e+00	0.00e+00
 1.09053e+17	9.35e-01	6.47e-02	1.13e-05	0.00e+00	0.00e+00	0.00e+00	0.00e+00	0.00e+00
 1.10013e+17	9.37e-01	6.28e-02	1.10e-05	0.00e+00	0.00e+00	0.00e+00	0.00e+00	0.00e+00
 1.10992e+17	9.39e-01	6.09e-02	1.08e-05	0.00e+00	0.00e+00	0.00e+00	0.00e+00	0.00e+00
 1.12071e+17	9.41e-01	5.86e-02	1.05e-05	0.00e+00	0.00e+00	0.00e+00	0.00e+00	0.00e+00
 1.13121e+17	9.44e-01	5.64e-02	1.03e-05	0.00e+00	0.00e+00	0.00e+00	0.00e+00	0.00e+00
 1.13971e+17	9.45e-01	5.49e-02	1.01e-05	0.00e+00	0.00e+00	0.00e+00	0.00e+00	0.00e+00
 1.14738e+17	9.46e-01	5.36e-02	9.91e-06	0.00e+00	0.00e+00	0.00e+00	0.00e+00	0.00e+00
 1.15607e+17	9.48e-01	5.15e-02	9.66e-06	0.00e+00	0.00e+00	0.00e+00	0.00e+00	0.00e+00
 1.16473e+17	9.50e-01	4.96e-02	9.43e-06	0.00e+00	0.00e+00	0.00e+00	0.00e+00	0.00e+00
 1.17163e+17	9.51e-01	4.86e-02	9.31e-06	0.00e+00	0.00e+00	0.00e+00	0.00e+00	0.00e+00
 1.17878e+17	9.53e-01	4.70e-02	9.10e-06	0.00e+00	0.00e+00	0.00e+00	0.00e+00	0.00e+00
 1.18616e+17	9.54e-01	4.57e-02	8.97e-06	0.00e+00	0.00e+00	0.00e+00	0.00e+00	0.00e+00
 1.19309e+17	9.56e-01	4.41e-02	8.77e-06	0.00e+00	0.00e+00	0.00e+00	0.00e+00	0.00e+00
 1.19950e+17	9.57e-01	4.27e-02	8.60e-06	0.00e+00	0.00e+00	0.00e+00	0.00e+00	0.00e+00
 1.20496e+17	9.58e-01	4.18e-02	8.50e-06	0.00e+00	0.00e+00	0.00e+00	0.00e+00	0.00e+00
 1.21091e+17	9.60e-01	4.04e-02	8.32e-06	0.00e+00	0.00e+00	0.00e+00	0.00e+00	0.00e+00
 1.21688e+17	9.61e-01	3.91e-02	8.16e-06	0.00e+00	0.00e+00	0.00e+00	0.00e+00	0.00e+00
 1.22200e+17	9.61e-01	3.88e-02	8.12e-06	0.00e+00	0.00e+00	0.00e+00	0.00e+00	0.00e+00
 1.22778e+17	9.62e-01	3.79e-02	8.03e-06	0.00e+00	0.00e+00	0.00e+00	0.00e+00	0.00e+00
 1.23481e+17	9.64e-01	3.62e-02	7.83e-06	0.00e+00	0.00e+00	0.00e+00	0.00e+00	0.00e+00
 1.24085e+17	9.65e-01	3.49e-02	7.68e-06	0.00e+00	0.00e+00	0.00e+00	0.00e+00	0.00e+00
 1.24447e+17	9.65e-01	3.45e-02	7.62e-06	0.00e+00	0.00e+00	0.00e+00	0.00e+00	0.00e+00
 1.24730e+17	9.66e-01	3.41e-02	7.57e-06	0.00e+00	0.00e+00	0.00e+00	0.00e+00	0.00e+00
 1.25009e+17	9.66e-01	3.39e-02	7.53e-06	0.00e+00	0.00e+00	0.00e+00	0.00e+00	0.00e+00
 1.25312e+17	9.67e-01	3.34e-02	7.47e-06	0.00e+00	0.00e+00	0.00e+00	0.00e+00	0.00e+00
 1.25609e+17	9.67e-01	3.27e-02	7.40e-06	0.00e+00	0.00e+00	0.00e+00	0.00e+00	0.00e+00
 1.25829e+17	9.68e-01	3.25e-02	7.36e-06	0.00e+00	0.00e+00	0.00e+00	0.00e+00	0.00e+00
 1.26013e+17	9.68e-01	3.21e-02	7.31e-06	0.00e+00	0.00e+00	0.00e+00	0.00e+00	0.00e+00
 1.26214e+17	9.68e-01	3.16e-02	7.26e-06	0.00e+00	0.00e+00	0.00e+00	0.00e+00	0.00e+00
 1.26445e+17	9.69e-01	3.12e-02	7.20e-06	0.00e+00	0.00e+00	0.00e+00	0.00e+00	0.00e+00
 1.26656e+17	9.69e-01	3.08e-02	7.16e-06	0.00e+00	0.00e+00	0.00e+00	0.00e+00	0.00e+00
 1.26828e+17	9.70e-01	3.04e-02	7.11e-06	0.00e+00	0.00e+00	0.00e+00	0.00e+00	0.00e+00
 1.27007e+17	9.70e-01	3.01e-02	7.06e-06	0.00e+00	0.00e+00	0.00e+00	0.00e+00	0.00e+00
 1.27216e+17	9.70e-01	2.96e-02	7.01e-06	0.00e+00	0.00e+00	0.00e+00	0.00e+00	0.00e+00
 1.27414e+17	9.71e-01	2.93e-02	6.97e-06	0.00e+00	0.00e+00	0.00e+00	0.00e+00	0.00e+00
 1.27579e+17	9.71e-01	2.89e-02	6.92e-06	0.00e+00	0.00e+00	0.00e+00	0.00e+00	0.00e+00
 1.27747e+17	9.71e-01	2.86e-02	6.87e-06	0.00e+00	0.00e+00	0.00e+00	0.00e+00	0.00e+00
 1.27939e+17	9.72e-01	2.82e-02	6.82e-06	0.00e+00	0.00e+00	0.00e+00	0.00e+00	0.00e+00
 1.28122e+17	9.72e-01	2.79e-02	6.78e-06	0.00e+00	0.00e+00	0.00e+00	0.00e+00	0.00e+00
 1.28277e+17	9.72e-01	2.75e-02	6.74e-06	0.00e+00	0.00e+00	0.00e+00	0.00e+00	0.00e+00
 1.28438e+17	9.73e-01	2.72e-02	6.70e-06	0.00e+00	0.00e+00	0.00e+00	0.00e+00	0.00e+00
 1.28633e+17	9.73e-01	2.68e-02	6.66e-06	0.00e+00	0.00e+00	0.00e+00	0.00e+00	0.00e+00
 1.28844e+17	9.74e-01	2.64e-02	6.60e-06	0.00e+00	0.00e+00	0.00e+00	0.00e+00	0.00e+00
 1.29023e+17	9.74e-01	2.61e-02	6.56e-06	0.00e+00	0.00e+00	0.00e+00	0.00e+00	0.00e+00
 1.29163e+17	9.74e-01	2.58e-02	6.52e-06	0.00e+00	0.00e+00	0.00e+00	0.00e+00	0.00e+00
 1.29311e+17	9.74e-01	2.55e-02	6.49e-06	0.00e+00	0.00e+00	0.00e+00	0.00e+00	0.00e+00
 1.29497e+17	9.75e-01	2.52e-02	6.44e-06	0.00e+00	0.00e+00	0.00e+00	0.00e+00	0.00e+00
 1.29686e+17	9.75e-01	2.48e-02	6.40e-06	0.00e+00	0.00e+00	0.00e+00	0.00e+00	0.00e+00
 1.29847e+17	9.76e-01	2.45e-02	6.36e-06	0.00e+00	0.00e+00	0.00e+00	0.00e+00	0.00e+00
 1.29998e+17	9.76e-01	2.42e-02	6.32e-06	0.00e+00	0.00e+00	0.00e+00	0.00e+00	0.00e+00
 1.30160e+17	9.76e-01	2.39e-02	6.28e-06	0.00e+00	0.00e+00	0.00e+00	0.00e+00	0.00e+00
 1.30334e+17	9.76e-01	2.36e-02	6.24e-06	0.00e+00	0.00e+00	0.00e+00	0.00e+00	0.00e+00
 1.30509e+17	9.77e-01	2.33e-02	6.20e-06	0.00e+00	0.00e+00	0.00e+00	0.00e+00	0.00e+00
 1.30674e+17	9.77e-01	2.30e-02	6.16e-06	0.00e+00	0.00e+00	0.00e+00	0.00e+00	0.00e+00
 1.30834e+17	9.77e-01	2.27e-02	6.12e-06	0.00e+00	0.00e+00	0.00e+00	0.00e+00	0.00e+00
 1.30999e+17	9.78e-01	2.24e-02	6.08e-06	0.00e+00	0.00e+00	0.00e+00	0.00e+00	0.00e+00
 1.31172e+17	9.78e-01	2.21e-02	6.05e-06	0.00e+00	0.00e+00	0.00e+00	0.00e+00	0.00e+00
 1.31347e+17	9.78e-01	2.18e-02	6.01e-06	0.00e+00	0.00e+00	0.00e+00	0.00e+00	0.00e+00
 1.31520e+17	9.78e-01	2.15e-02	5.97e-06	0.00e+00	0.00e+00	0.00e+00	0.00e+00	0.00e+00
 1.31691e+17	9.79e-01	2.12e-02	5.93e-06	0.00e+00	0.00e+00	0.00e+00	0.00e+00	0.00e+00
 1.31865e+17	9.79e-01	2.10e-02	5.89e-06	0.00e+00	0.00e+00	0.00e+00	0.00e+00	0.00e+00
 1.32046e+17	9.79e-01	2.07e-02	5.86e-06	0.00e+00	0.00e+00	0.00e+00	0.00e+00	0.00e+00
 1.32231e+17	9.80e-01	2.04e-02	5.82e-06	0.00e+00	0.00e+00	0.00e+00	0.00e+00	0.00e+00
 1.32417e+17	9.80e-01	2.01e-02	5.78e-06	0.00e+00	0.00e+00	0.00e+00	0.00e+00	0.00e+00
 1.32604e+17	9.80e-01	1.98e-02	5.75e-06	0.00e+00	0.00e+00	0.00e+00	0.00e+00	0.00e+00
 1.32797e+17	9.80e-01	1.96e-02	5.72e-06	0.00e+00	0.00e+00	0.00e+00	0.00e+00	0.00e+00
 1.33003e+17	9.81e-01	1.93e-02	5.67e-06	0.00e+00	0.00e+00	0.00e+00	0.00e+00	0.00e+00
 1.33216e+17	9.81e-01	1.90e-02	5.63e-06	0.00e+00	0.00e+00	0.00e+00	0.00e+00	0.00e+00
 1.33417e+17	9.81e-01	1.87e-02	5.59e-06	0.00e+00	0.00e+00	0.00e+00	0.00e+00	0.00e+00
 1.33612e+17	9.82e-01	1.85e-02	5.56e-06	0.00e+00	0.00e+00	0.00e+00	0.00e+00	0.00e+00
 1.33822e+17	9.82e-01	1.82e-02	5.52e-06	0.00e+00	0.00e+00	0.00e+00	0.00e+00	0.00e+00
 1.34061e+17	9.82e-01	1.79e-02	5.48e-06	0.00e+00	0.00e+00	0.00e+00	0.00e+00	0.00e+00
 1.34310e+17	9.82e-01	1.76e-02	5.44e-06	0.00e+00	0.00e+00	0.00e+00	0.00e+00	0.00e+00
 1.34551e+17	9.83e-01	1.73e-02	5.41e-06	0.00e+00	0.00e+00	0.00e+00	0.00e+00	0.00e+00
 1.34808e+17	9.83e-01	1.70e-02	5.37e-06	0.00e+00	0.00e+00	0.00e+00	0.00e+00	0.00e+00
 1.35072e+17	9.83e-01	1.67e-02	5.33e-06	0.00e+00	0.00e+00	0.00e+00	0.00e+00	0.00e+00
 1.35319e+17	9.83e-01	1.65e-02	5.30e-06	0.00e+00	0.00e+00	0.00e+00	0.00e+00	0.00e+00
 1.35583e+17	9.84e-01	1.62e-02	5.26e-06	0.00e+00	0.00e+00	0.00e+00	0.00e+00	0.00e+00
 1.35891e+17	9.84e-01	1.59e-02	5.22e-06	0.00e+00	0.00e+00	0.00e+00	0.00e+00	0.00e+00
 1.36213e+17	9.84e-01	1.56e-02	5.18e-06	0.00e+00	0.00e+00	0.00e+00	0.00e+00	0.00e+00
 1.36518e+17	9.85e-01	1.53e-02	5.14e-06	0.00e+00	0.00e+00	0.00e+00	0.00e+00	0.00e+00
 1.36816e+17	9.85e-01	1.51e-02	5.11e-06	0.00e+00	0.00e+00	0.00e+00	0.00e+00	0.00e+00
 1.37144e+17	9.85e-01	1.48e-02	5.07e-06	0.00e+00	0.00e+00	0.00e+00	0.00e+00	0.00e+00
 1.37484e+17	9.85e-01	1.45e-02	5.03e-06	0.00e+00	0.00e+00	0.00e+00	0.00e+00	0.00e+00
 1.37822e+17	9.86e-01	1.42e-02	4.99e-06	0.00e+00	0.00e+00	0.00e+00	0.00e+00	0.00e+00
 1.38179e+17	9.86e-01	1.40e-02	4.96e-06	0.00e+00	0.00e+00	0.00e+00	0.00e+00	0.00e+00
 1.38557e+17	9.86e-01	1.37e-02	4.92e-06	0.00e+00	0.00e+00	0.00e+00	0.00e+00	0.00e+00
 1.38976e+17	9.87e-01	1.34e-02	4.89e-06	0.00e+00	0.00e+00	0.00e+00	0.00e+00	0.00e+00
 1.39423e+17	9.87e-01	1.31e-02	4.85e-06	0.00e+00	0.00e+00	0.00e+00	0.00e+00	0.00e+00
 1.39877e+17	9.87e-01	1.29e-02	4.82e-06	0.00e+00	0.00e+00	0.00e+00	0.00e+00	0.00e+00
 1.40345e+17	9.87e-01	1.26e-02	4.78e-06	0.00e+00	0.00e+00	0.00e+00	0.00e+00	0.00e+00
 1.40855e+17	9.88e-01	1.23e-02	4.75e-06	0.00e+00	0.00e+00	0.00e+00	0.00e+00	0.00e+00
 1.41412e+17	9.88e-01	1.20e-02	4.72e-06	0.00e+00	0.00e+00	0.00e+00	0.00e+00	0.00e+00
 1.41992e+17	9.88e-01	1.17e-02	4.68e-06	0.00e+00	0.00e+00	0.00e+00	0.00e+00	0.00e+00
 1.42582e+17	9.89e-01	1.15e-02	4.65e-06	0.00e+00	0.00e+00	0.00e+00	0.00e+00	0.00e+00
 1.43205e+17	9.89e-01	1.12e-02	4.62e-06	0.00e+00	0.00e+00	0.00e+00	0.00e+00	0.00e+00
 1.43899e+17	9.89e-01	1.10e-02	4.59e-06	0.00e+00	0.00e+00	0.00e+00	0.00e+00	0.00e+00
 1.44653e+17	9.89e-01	1.09e-02	4.56e-06	0.00e+00	0.00e+00	0.00e+00	0.00e+00	0.00e+00
 1.45429e+17	9.89e-01	1.05e-02	4.53e-06	0.00e+00	0.00e+00	0.00e+00	0.00e+00	0.00e+00
 1.46183e+17	9.90e-01	1.02e-02	4.49e-06	0.00e+00	0.00e+00	0.00e+00	0.00e+00	0.00e+00
 1.46885e+17	9.90e-01	9.94e-03	4.46e-06	0.00e+00	0.00e+00	0.00e+00	0.00e+00	0.00e+00
 1.47566e+17	9.90e-01	9.59e-03	4.42e-06	0.00e+00	0.00e+00	0.00e+00	0.00e+00	0.00e+00
 1.48249e+17	9.91e-01	9.03e-03	4.34e-06	0.00e+00	0.00e+00	0.00e+00	0.00e+00	0.00e+00
 1.48854e+17	9.91e-01	8.49e-03	4.25e-06	0.00e+00	0.00e+00	0.00e+00	0.00e+00	0.00e+00
 1.49330e+17	9.92e-01	8.03e-03	4.17e-06	0.00e+00	0.00e+00	0.00e+00	0.00e+00	0.00e+00
 1.49748e+17	9.93e-01	7.39e-03	4.03e-06	0.00e+00	0.00e+00	0.00e+00	0.00e+00	0.00e+00
 1.50138e+17	9.99e-01	5.48e-04	1.06e-06	0.00e+00	0.00e+00	0.00e+00	0.00e+00	0.00e+00
###########################
 4.17770e+12	3.90e-02	9.10e-01	5.11e-02	2.51e-04	3.50e-06	0.00e+00	0.00e+00	0.00e+00
 2.50662e+13	3.91e-02	9.10e-01	5.11e-02	2.51e-04	3.50e-06	0.00e+00	0.00e+00	0.00e+00
 1.08620e+14	3.93e-02	9.09e-01	5.11e-02	2.52e-04	3.50e-06	0.00e+00	0.00e+00	0.00e+00
 4.42836e+14	4.01e-02	9.09e-01	5.10e-02	2.50e-04	3.48e-06	0.00e+00	0.00e+00	0.00e+00
 1.05779e+15	4.11e-02	9.06e-01	5.26e-02	2.61e-04	3.66e-06	0.00e+00	0.00e+00	0.00e+00
 1.85724e+15	4.28e-02	9.05e-01	5.22e-02	2.59e-04	3.62e-06	0.00e+00	0.00e+00	0.00e+00
 2.89651e+15	4.50e-02	9.04e-01	5.07e-02	2.47e-04	3.45e-06	0.00e+00	0.00e+00	0.00e+00
 4.24757e+15	4.79e-02	9.04e-01	4.78e-02	2.25e-04	3.12e-06	0.00e+00	0.00e+00	0.00e+00
 5.79671e+15	5.13e-02	9.04e-01	4.43e-02	1.99e-04	2.74e-06	0.00e+00	0.00e+00	0.00e+00
 7.32332e+15	5.50e-02	9.05e-01	4.03e-02	1.71e-04	2.32e-06	0.00e+00	0.00e+00	0.00e+00
 8.91636e+15	5.94e-02	9.05e-01	3.57e-02	1.41e-04	1.88e-06	0.00e+00	0.00e+00	0.00e+00
 1.07473e+16	6.54e-02	9.04e-01	3.04e-02	1.11e-04	1.42e-06	0.00e+00	0.00e+00	0.00e+00
 1.28216e+16	7.36e-02	9.01e-01	2.48e-02	8.25e-05	1.00e-06	0.00e+00	0.00e+00	0.00e+00
 1.49199e+16	8.39e-02	8.96e-01	1.97e-02	6.03e-05	6.80e-07	0.00e+00	0.00e+00	0.00e+00
 1.67689e+16	9.55e-02	8.89e-01	1.58e-02	4.53e-05	0.00e+00	0.00e+00	0.00e+00	0.00e+00
 1.83914e+16	1.08e-01	8.79e-01	1.27e-02	3.51e-05	0.00e+00	0.00e+00	0.00e+00	0.00e+00
 2.00178e+16	1.24e-01	8.66e-01	1.01e-02	2.70e-05	0.00e+00	0.00e+00	0.00e+00	0.00e+00
 2.16384e+16	1.43e-01	8.49e-01	7.92e-03	2.11e-05	0.00e+00	0.00e+00	0.00e+00	0.00e+00
 2.30153e+16	1.62e-01	8.32e-01	6.41e-03	1.73e-05	0.00e+00	0.00e+00	0.00e+00	0.00e+00
 2.41179e+16	1.79e-01	8.16e-01	5.38e-03	1.48e-05	0.00e+00	0.00e+00	0.00e+00	0.00e+00
 2.50765e+16	1.95e-01	8.00e-01	4.61e-03	1.29e-05	0.00e+00	0.00e+00	0.00e+00	0.00e+00
 2.60076e+16	2.13e-01	7.83e-01	3.95e-03	1.14e-05	0.00e+00	0.00e+00	0.00e+00	0.00e+00
 2.69417e+16	2.31e-01	7.65e-01	3.38e-03	1.01e-05	0.00e+00	0.00e+00	0.00e+00	0.00e+00
 2.78461e+16	2.50e-01	7.47e-01	2.91e-03	9.07e-06	0.00e+00	0.00e+00	0.00e+00	0.00e+00
 2.86994e+16	2.68e-01	7.29e-01	2.52e-03	8.20e-06	0.00e+00	0.00e+00	0.00e+00	0.00e+00
 2.95197e+16	2.87e-01	7.11e-01	2.19e-03	7.46e-06	0.00e+00	0.00e+00	0.00e+00	0.00e+00
 3.03324e+16	3.06e-01	6.92e-01	1.91e-03	6.82e-06	0.00e+00	0.00e+00	0.00e+00	0.00e+00
 3.09969e+16	3.20e-01	6.78e-01	1.72e-03	6.39e-06	0.00e+00	0.00e+00	0.00e+00	0.00e+00
 3.14696e+16	3.31e-01	6.67e-01	1.60e-03	6.10e-06	0.00e+00	0.00e+00	0.00e+00	0.00e+00
 3.19405e+16	3.42e-01	6.56e-01	1.47e-03	5.81e-06	0.00e+00	0.00e+00	0.00e+00	0.00e+00
 3.24926e+16	3.56e-01	6.43e-01	1.34e-03	5.50e-06	0.00e+00	0.00e+00	0.00e+00	0.00e+00
 3.30906e+16	3.70e-01	6.29e-01	1.22e-03	5.18e-06	0.00e+00	0.00e+00	0.00e+00	0.00e+00
 3.36754e+16	3.84e-01	6.15e-01	1.11e-03	4.91e-06	0.00e+00	0.00e+00	0.00e+00	0.00e+00
 3.42497e+16	3.98e-01	6.01e-01	1.01e-03	4.64e-06	0.00e+00	0.00e+00	0.00e+00	0.00e+00
 3.48396e+16	4.11e-01	5.88e-01	9.16e-04	4.41e-06	0.00e+00	0.00e+00	0.00e+00	0.00e+00
 3.54563e+16	4.27e-01	5.72e-01	8.25e-04	4.15e-06	0.00e+00	0.00e+00	0.00e+00	0.00e+00
 3.60811e+16	4.41e-01	5.58e-01	7.49e-04	3.95e-06	0.00e+00	0.00e+00	0.00e+00	0.00e+00
 3.67157e+16	4.55e-01	5.44e-01	6.78e-04	3.74e-06	0.00e+00	0.00e+00	0.00e+00	0.00e+00
 3.73904e+16	4.72e-01	5.28e-01	6.06e-04	3.51e-06	0.00e+00	0.00e+00	0.00e+00	0.00e+00
 3.80617e+16	4.86e-01	5.13e-01	5.48e-04	3.34e-06	0.00e+00	0.00e+00	0.00e+00	0.00e+00
 3.87340e+16	5.01e-01	4.99e-01	4.95e-04	3.17e-06	0.00e+00	0.00e+00	0.00e+00	0.00e+00
 3.94629e+16	5.18e-01	4.82e-01	4.40e-04	2.97e-06	0.00e+00	0.00e+00	0.00e+00	0.00e+00
 4.02030e+16	5.32e-01	4.67e-01	3.96e-04	2.82e-06	0.00e+00	0.00e+00	0.00e+00	0.00e+00
 4.09447e+16	5.48e-01	4.51e-01	3.54e-04	2.66e-06	0.00e+00	0.00e+00	0.00e+00	0.00e+00
 4.17043e+16	5.64e-01	4.36e-01	3.17e-04	2.51e-06	0.00e+00	0.00e+00	0.00e+00	0.00e+00
 4.24753e+16	5.78e-01	4.22e-01	2.85e-04	2.38e-06	0.00e+00	0.00e+00	0.00e+00	0.00e+00
 4.33003e+16	5.93e-01	4.07e-01	2.55e-04	2.25e-06	0.00e+00	0.00e+00	0.00e+00	0.00e+00
 4.41899e+16	6.10e-01	3.90e-01	2.25e-04	2.10e-06	0.00e+00	0.00e+00	0.00e+00	0.00e+00
 4.50680e+16	6.24e-01	3.75e-01	2.01e-04	1.99e-06	0.00e+00	0.00e+00	0.00e+00	0.00e+00
 4.59341e+16	6.38e-01	3.62e-01	1.81e-04	1.88e-06	0.00e+00	0.00e+00	0.00e+00	0.00e+00
 4.68849e+16	6.54e-01	3.46e-01	1.60e-04	1.76e-06	0.00e+00	0.00e+00	0.00e+00	0.00e+00
 4.78403e+16	6.67e-01	3.33e-01	1.44e-04	1.67e-06	0.00e+00	0.00e+00	0.00e+00	0.00e+00
 4.87368e+16	6.80e-01	3.20e-01	1.30e-04	1.57e-06	0.00e+00	0.00e+00	0.00e+00	0.00e+00
 4.96704e+16	6.92e-01	3.08e-01	1.17e-04	1.49e-06	0.00e+00	0.00e+00	0.00e+00	0.00e+00
 5.07246e+16	7.05e-01	2.95e-01	1.05e-04	1.41e-06	0.00e+00	0.00e+00	0.00e+00	0.00e+00
 5.18316e+16	7.18e-01	2.82e-01	9.46e-05	1.33e-06	0.00e+00	0.00e+00	0.00e+00	0.00e+00
 5.29230e+16	7.30e-01	2.70e-01	8.52e-05	1.25e-06	0.00e+00	0.00e+00	0.00e+00	0.00e+00
 5.40502e+16	7.40e-01	2.60e-01	7.75e-05	1.19e-06	0.00e+00	0.00e+00	0.00e+00	0.00e+00
 5.51851e+16	7.51e-01	2.49e-01	7.05e-05	1.12e-06	0.00e+00	0.00e+00	0.00e+00	0.00e+00
 5.63267e+16	7.60e-01	2.40e-01	6.50e-05	1.07e-06	0.00e+00	0.00e+00	0.00e+00	0.00e+00
 5.76051e+16	7.70e-01	2.30e-01	5.89e-05	1.01e-06	0.00e+00	0.00e+00	0.00e+00	0.00e+00
 5.90557e+16	7.81e-01	2.19e-01	5.36e-05	9.55e-07	0.00e+00	0.00e+00	0.00e+00	0.00e+00
 6.05779e+16	7.91e-01	2.09e-01	4.85e-05	0.00e+00	0.00e+00	0.00e+00	0.00e+00	0.00e+00
 6.21432e+16	8.00e-01	2.00e-01	4.46e-05	0.00e+00	0.00e+00	0.00e+00	0.00e+00	0.00e+00
 6.36812e+16	8.08e-01	1.92e-01	4.12e-05	0.00e+00	0.00e+00	0.00e+00	0.00e+00	0.00e+00
 6.52878e+16	8.17e-01	1.83e-01	3.80e-05	0.00e+00	0.00e+00	0.00e+00	0.00e+00	0.00e+00
 6.71282e+16	8.25e-01	1.75e-01	3.50e-05	0.00e+00	0.00e+00	0.00e+00	0.00e+00	0.00e+00
 6.89671e+16	8.32e-01	1.68e-01	3.25e-05	0.00e+00	0.00e+00	0.00e+00	0.00e+00	0.00e+00
 7.07658e+16	8.39e-01	1.61e-01	3.03e-05	0.00e+00	0.00e+00	0.00e+00	0.00e+00	0.00e+00
 7.26741e+16	8.46e-01	1.54e-01	2.84e-05	0.00e+00	0.00e+00	0.00e+00	0.00e+00	0.00e+00
 7.46895e+16	8.53e-01	1.47e-01	2.65e-05	0.00e+00	0.00e+00	0.00e+00	0.00e+00	0.00e+00
 7.67543e+16	8.59e-01	1.41e-01	2.48e-05	0.00e+00	0.00e+00	0.00e+00	0.00e+00	0.00e+00
 7.87527e+16	8.65e-01	1.35e-01	2.34e-05	0.00e+00	0.00e+00	0.00e+00	0.00e+00	0.00e+00
 8.06675e+16	8.70e-01	1.30e-01	2.22e-05	0.00e+00	0.00e+00	0.00e+00	0.00e+00	0.00e+00
 8.25688e+16	8.76e-01	1.24e-01	2.10e-05	0.00e+00	0.00e+00	0.00e+00	0.00e+00	0.00e+00
 8.44198e+16	8.80e-01	1.20e-01	2.00e-05	0.00e+00	0.00e+00	0.00e+00	0.00e+00	0.00e+00
 8.62697e+16	8.85e-01	1.15e-01	1.91e-05	0.00e+00	0.00e+00	0.00e+00	0.00e+00	0.00e+00
 8.81598e+16	8.90e-01	1.10e-01	1.82e-05	0.00e+00	0.00e+00	0.00e+00	0.00e+00	0.00e+00
 8.99124e+16	8.94e-01	1.06e-01	1.75e-05	0.00e+00	0.00e+00	0.00e+00	0.00e+00	0.00e+00
 9.15742e+16	8.98e-01	1.02e-01	1.68e-05	0.00e+00	0.00e+00	0.00e+00	0.00e+00	0.00e+00
 9.32197e+16	9.02e-01	9.85e-02	1.62e-05	0.00e+00	0.00e+00	0.00e+00	0.00e+00	0.00e+00
 9.47881e+16	9.05e-01	9.51e-02	1.56e-05	0.00e+00	0.00e+00	0.00e+00	0.00e+00	0.00e+00
 9.63217e+16	9.09e-01	9.15e-02	1.50e-05	0.00e+00	0.00e+00	0.00e+00	0.00e+00	0.00e+00
 9.78063e+16	9.12e-01	8.82e-02	1.45e-05	0.00e+00	0.00e+00	0.00e+00	0.00e+00	0.00e+00
 9.92027e+16	9.15e-01	8.52e-02	1.41e-05	0.00e+00	0.00e+00	0.00e+00	0.00e+00	0.00e+00
 1.00538e+17	9.18e-01	8.23e-02	1.37e-05	0.00e+00	0.00e+00	0.00e+00	0.00e+00	0.00e+00
 1.01854e+17	9.20e-01	7.97e-02	1.33e-05	0.00e+00	0.00e+00	0.00e+00	0.00e+00	0.00e+00
 1.03167e+17	9.23e-01	7.68e-02	1.29e-05	0.00e+00	0.00e+00	0.00e+00	0.00e+00	0.00e+00
 1.04408e+17	9.26e-01	7.41e-02	1.25e-05	0.00e+00	0.00e+00	0.00e+00	0.00e+00	0.00e+00
 1.05570e+17	9.28e-01	7.18e-02	1.22e-05	0.00e+00	0.00e+00	0.00e+00	0.00e+00	0.00e+00
 1.06769e+17	9.31e-01	6.91e-02	1.19e-05	0.00e+00	0.00e+00	0.00e+00	0.00e+00	0.00e+00
 1.07911e+17	9.33e-01	6.69e-02	1.16e-05	0.00e+00	0.00e+00	0.00e+00	0.00e+00	0.00e+00
 1.08910e+17	9.35e-01	6.49e-02	1.13e-05	0.00e+00	0.00e+00	0.00e+00	0.00e+00	0.00e+00
 1.09902e+17	9.37e-01	6.30e-02	1.11e-05	0.00e+00	0.00e+00	0.00e+00	0.00e+00	0.00e+00
 1.10975e+17	9.39e-01	6.06e-02	1.08e-05	0.00e+00	0.00e+00	0.00e+00	0.00e+00	0.00e+00
 1.11978e+17	9.41e-01	5.88e-02	1.05e-05	0.00e+00	0.00e+00	0.00e+00	0.00e+00	0.00e+00
 1.12855e+17	9.43e-01	5.70e-02	1.03e-05	0.00e+00	0.00e+00	0.00e+00	0.00e+00	0.00e+00
 1.13723e+17	9.45e-01	5.54e-02	1.01e-05	0.00e+00	0.00e+00	0.00e+00	0.00e+00	0.00e+00
 1.14668e+17	9.47e-01	5.32e-02	9.86e-06	0.00e+00	0.00e+00	0.00e+00	0.00e+00	0.00e+00
 1.15573e+17	9.49e-01	5.14e-02	9.65e-06	0.00e+00	0.00e+00	0.00e+00	0.00e+00	0.00e+00
 1.16289e+17	9.50e-01	5.02e-02	9.52e-06	0.00e+00	0.00e+00	0.00e+00	0.00e+00	0.00e+00
 1.17036e+17	9.51e-01	4.86e-02	9.31e-06	0.00e+00	0.00e+00	0.00e+00	0.00e+00	0.00e+00
 1.17827e+17	9.53e-01	4.69e-02	9.11e-06	0.00e+00	0.00e+00	0.00e+00	0.00e+00	0.00e+00
 1.18505e+17	9.54e-01	4.57e-02	8.97e-06	0.00e+00	0.00e+00	0.00e+00	0.00e+00	0.00e+00
 1.19157e+17	9.56e-01	4.42e-02	8.78e-06	0.00e+00	0.00e+00	0.00e+00	0.00e+00	0.00e+00
 1.19788e+17	9.57e-01	4.31e-02	8.65e-06	0.00e+00	0.00e+00	0.00e+00	0.00e+00	0.00e+00
 1.20389e+17	9.58e-01	4.16e-02	8.47e-06	0.00e+00	0.00e+00	0.00e+00	0.00e+00	0.00e+00
 1.20962e+17	9.59e-01	4.06e-02	8.36e-06	0.00e+00	0.00e+00	0.00e+00	0.00e+00	0.00e+00
 1.21510e+17	9.61e-01	3.92e-02	8.18e-06	0.00e+00	0.00e+00	0.00e+00	0.00e+00	0.00e+00
 1.22034e+17	9.61e-01	3.90e-02	8.15e-06	0.00e+00	0.00e+00	0.00e+00	0.00e+00	0.00e+00
 1.22579e+17	9.62e-01	3.84e-02	8.08e-06	0.00e+00	0.00e+00	0.00e+00	0.00e+00	0.00e+00
 1.23288e+17	9.63e-01	3.65e-02	7.87e-06	0.00e+00	0.00e+00	0.00e+00	0.00e+00	0.00e+00
 1.23929e+17	9.65e-01	3.52e-02	7.71e-06	0.00e+00	0.00e+00	0.00e+00	0.00e+00	0.00e+00
 1.24313e+17	9.65e-01	3.48e-02	7.66e-06	0.00e+00	0.00e+00	0.00e+00	0.00e+00	0.00e+00
 1.24582e+17	9.65e-01	3.46e-02	7.62e-06	0.00e+00	0.00e+00	0.00e+00	0.00e+00	0.00e+00
 1.24867e+17	9.66e-01	3.40e-02	7.55e-06	0.00e+00	0.00e+00	0.00e+00	0.00e+00	0.00e+00
 1.25172e+17	9.67e-01	3.35e-02	7.49e-06	0.00e+00	0.00e+00	0.00e+00	0.00e+00	0.00e+00
 1.25441e+17	9.67e-01	3.31e-02	7.44e-06	0.00e+00	0.00e+00	0.00e+00	0.00e+00	0.00e+00
 1.25668e+17	9.67e-01	3.26e-02	7.38e-06	0.00e+00	0.00e+00	0.00e+00	0.00e+00	0.00e+00
 1.25878e+17	9.68e-01	3.22e-02	7.33e-06	0.00e+00	0.00e+00	0.00e+00	0.00e+00	0.00e+00
 1.26112e+17	9.68e-01	3.17e-02	7.27e-06	0.00e+00	0.00e+00	0.00e+00	0.00e+00	0.00e+00
 1.26331e+17	9.69e-01	3.13e-02	7.22e-06	0.00e+00	0.00e+00	0.00e+00	0.00e+00	0.00e+00
 1.26500e+17	9.69e-01	3.10e-02	7.18e-06	0.00e+00	0.00e+00	0.00e+00	0.00e+00	0.00e+00
 1.26680e+17	9.69e-01	3.06e-02	7.13e-06	0.00e+00	0.00e+00	0.00e+00	0.00e+00	0.00e+00
 1.26866e+17	9.70e-01	3.04e-02	7.09e-06	0.00e+00	0.00e+00	0.00e+00	0.00e+00	0.00e+00
 1.27035e+17	9.70e-01	3.00e-02	7.05e-06	0.00e+00	0.00e+00	0.00e+00	0.00e+00	0.00e+00
 1.27221e+17	9.70e-01	2.96e-02	7.00e-06	0.00e+00	0.00e+00	0.00e+00	0.00e+00	0.00e+00
 1.27436e+17	9.71e-01	2.91e-02	6.94e-06	0.00e+00	0.00e+00	0.00e+00	0.00e+00	0.00e+00
 1.27630e+17	9.71e-01	2.87e-02	6.89e-06	0.00e+00	0.00e+00	0.00e+00	0.00e+00	0.00e+00
 1.27778e+17	9.72e-01	2.84e-02	6.86e-06	0.00e+00	0.00e+00	0.00e+00	0.00e+00	0.00e+00
 1.27935e+17	9.72e-01	2.81e-02	6.81e-06	0.00e+00	0.00e+00	0.00e+00	0.00e+00	0.00e+00
 1.28107e+17	9.72e-01	2.78e-02	6.77e-06	0.00e+00	0.00e+00	0.00e+00	0.00e+00	0.00e+00
 1.28278e+17	9.72e-01	2.75e-02	6.73e-06	0.00e+00	0.00e+00	0.00e+00	0.00e+00	0.00e+00
 1.28448e+17	9.73e-01	2.72e-02	6.69e-06	0.00e+00	0.00e+00	0.00e+00	0.00e+00	0.00e+00
 1.28635e+17	9.73e-01	2.68e-02	6.65e-06	0.00e+00	0.00e+00	0.00e+00	0.00e+00	0.00e+00
 1.28840e+17	9.74e-01	2.64e-02	6.60e-06	0.00e+00	0.00e+00	0.00e+00	0.00e+00	0.00e+00
 1.29016e+17	9.74e-01	2.60e-02	6.55e-06	0.00e+00	0.00e+00	0.00e+00	0.00e+00	0.00e+00
 1.29164e+17	9.74e-01	2.57e-02	6.51e-06	0.00e+00	0.00e+00	0.00e+00	0.00e+00	0.00e+00
 1.29325e+17	9.75e-01	2.54e-02	6.47e-06	0.00e+00	0.00e+00	0.00e+00	0.00e+00	0.00e+00
 1.29496e+17	9.75e-01	2.51e-02	6.43e-06	0.00e+00	0.00e+00	0.00e+00	0.00e+00	0.00e+00
 1.29665e+17	9.75e-01	2.48e-02	6.39e-06	0.00e+00	0.00e+00	0.00e+00	0.00e+00	0.00e+00
 1.29828e+17	9.76e-01	2.44e-02	6.35e-06	0.00e+00	0.00e+00	0.00e+00	0.00e+00	0.00e+00
 1.29987e+17	9.76e-01	2.41e-02	6.31e-06	0.00e+00	0.00e+00	0.00e+00	0.00e+00	0.00e+00
 1.30157e+17	9.76e-01	2.38e-02	6.27e-06	0.00e+00	0.00e+00	0.00e+00	0.00e+00	0.00e+00
 1.30324e+17	9.76e-01	2.35e-02	6.23e-06	0.00e+00	0.00e+00	0.00e+00	0.00e+00	0.00e+00
 1.30483e+17	9.77e-01	2.32e-02	6.19e-06	0.00e+00	0.00e+00	0.00e+00	0.00e+00	0.00e+00
 1.30648e+17	9.77e-01	2.30e-02	6.16e-06	0.00e+00	0.00e+00	0.00e+00	0.00e+00	0.00e+00
 1.30821e+17	9.77e-01	2.26e-02	6.12e-06	0.00e+00	0.00e+00	0.00e+00	0.00e+00	0.00e+00
 1.30996e+17	9.78e-01	2.23e-02	6.08e-06	0.00e+00	0.00e+00	0.00e+00	0.00e+00	0.00e+00
 1.31165e+17	9.78e-01	2.20e-02	6.04e-06	0.00e+00	0.00e+00	0.00e+00	0.00e+00	0.00e+00
 1.31331e+17	9.78e-01	2.18e-02	6.00e-06	0.00e+00	0.00e+00	0.00e+00	0.00e+00	0.00e+00
 1.31501e+17	9.79e-01	2.15e-02	5.96e-06	0.00e+00	0.00e+00	0.00e+00	0.00e+00	0.00e+00
 1.31678e+17	9.79e-01	2.12e-02	5.93e-06	0.00e+00	0.00e+00	0.00e+00	0.00e+00	0.00e+00
 1.31859e+17	9.79e-01	2.09e-02	5.89e-06	0.00e+00	0.00e+00	0.00e+00	0.00e+00	0.00e+00
 1.32039e+17	9.79e-01	2.06e-02	5.85e-06	0.00e+00	0.00e+00	0.00e+00	0.00e+00	0.00e+00
 1.32219e+17	9.80e-01	2.03e-02	5.81e-06	0.00e+00	0.00e+00	0.00e+00	0.00e+00	0.00e+00
 1.32403e+17	9.80e-01	2.01e-02	5.78e-06	0.00e+00	0.00e+00	0.00e+00	0.00e+00	0.00e+00
 1.32595e+17	9.80e-01	1.98e-02	5.74e-06	0.00e+00	0.00e+00	0.00e+00	0.00e+00	0.00e+00
 1.32792e+17	9.80e-01	1.96e-02	5.71e-06	0.00e+00	0.00e+00	0.00e+00	0.00e+00	0.00e+00
 1.32997e+17	9.81e-01	1.92e-02	5.67e-06	0.00e+00	0.00e+00	0.00e+00	0.00e+00	0.00e+00
 1.33201e+17	9.81e-01	1.89e-02	5.63e-06	0.00e+00	0.00e+00	0.00e+00	0.00e+00	0.00e+00
 1.33399e+17	9.81e-01	1.87e-02	5.59e-06	0.00e+00	0.00e+00	0.00e+00	0.00e+00	0.00e+00
 1.33604e+17	9.82e-01	1.84e-02	5.55e-06	0.00e+00	0.00e+00	0.00e+00	0.00e+00	0.00e+00
 1.33824e+17	9.82e-01	1.82e-02	5.52e-06	0.00e+00	0.00e+00	0.00e+00	0.00e+00	0.00e+00
 1.34059e+17	9.82e-01	1.79e-02	5.48e-06	0.00e+00	0.00e+00	0.00e+00	0.00e+00	0.00e+00
 1.34296e+17	9.82e-01	1.75e-02	5.44e-06	0.00e+00	0.00e+00	0.00e+00	0.00e+00	0.00e+00
 1.34538e+17	9.83e-01	1.73e-02	5.40e-06	0.00e+00	0.00e+00	0.00e+00	0.00e+00	0.00e+00
 1.34791e+17	9.83e-01	1.70e-02	5.36e-06	0.00e+00	0.00e+00	0.00e+00	0.00e+00	0.00e+00
 1.35050e+17	9.83e-01	1.67e-02	5.33e-06	0.00e+00	0.00e+00	0.00e+00	0.00e+00	0.00e+00
 1.35315e+17	9.84e-01	1.64e-02	5.29e-06	0.00e+00	0.00e+00	0.00e+00	0.00e+00	0.00e+00
 1.35592e+17	9.84e-01	1.62e-02	5.25e-06	0.00e+00	0.00e+00	0.00e+00	0.00e+00	0.00e+00
 1.35904e+17	9.84e-01	1.59e-02	5.21e-06	0.00e+00	0.00e+00	0.00e+00	0.00e+00	0.00e+00
 1.36219e+17	9.84e-01	1.56e-02	5.17e-06	0.00e+00	0.00e+00	0.00e+00	0.00e+00	0.00e+00
 1.36500e+17	9.85e-01	1.53e-02	5.14e-06	0.00e+00	0.00e+00	0.00e+00	0.00e+00	0.00e+00
 1.36804e+17	9.85e-01	1.51e-02	5.11e-06	0.00e+00	0.00e+00	0.00e+00	0.00e+00	0.00e+00
 1.37178e+17	9.85e-01	1.47e-02	5.06e-06	0.00e+00	0.00e+00	0.00e+00	0.00e+00	0.00e+00
 1.37540e+17	9.86e-01	1.44e-02	5.02e-06	0.00e+00	0.00e+00	0.00e+00	0.00e+00	0.00e+00
 1.37836e+17	9.86e-01	1.42e-02	4.99e-06	0.00e+00	0.00e+00	0.00e+00	0.00e+00	0.00e+00
 1.38155e+17	9.86e-01	1.40e-02	4.96e-06	0.00e+00	0.00e+00	0.00e+00	0.00e+00	0.00e+00
 1.38571e+17	9.86e-01	1.37e-02	4.92e-06	0.00e+00	0.00e+00	0.00e+00	0.00e+00	0.00e+00
 1.39034e+17	9.87e-01	1.33e-02	4.88e-06	0.00e+00	0.00e+00	0.00e+00	0.00e+00	0.00e+00
 1.39461e+17	9.87e-01	1.31e-02	4.84e-06	0.00e+00	0.00e+00	0.00e+00	0.00e+00	0.00e+00
 1.39890e+17	9.87e-01	1.29e-02	4.81e-06	0.00e+00	0.00e+00	0.00e+00	0.00e+00	0.00e+00
 1.40368e+17	9.87e-01	1.26e-02	4.79e-06	0.00e+00	0.00e+00	0.00e+00	0.00e+00	0.00e+00
 1.40919e+17	9.88e-01	1.23e-02	4.75e-06	0.00e+00	0.00e+00	0.00e+00	0.00e+00	0.00e+00
 1.41505e+17	9.88e-01	1.20e-02	4.71e-06	0.00e+00	0.00e+00	0.00e+00	0.00e+00	0.00e+00
 1.42046e+17	9.88e-01	1.17e-02	4.68e-06	0.00e+00	0.00e+00	0.00e+00	0.00e+00	0.00e+00
 1.42594e+17	9.89e-01	1.15e-02	4.65e-06	0.00e+00	0.00e+00	0.00e+00	0.00e+00	0.00e+00
 1.43253e+17	9.89e-01	1.11e-02	4.62e-06	0.00e+00	0.00e+00	0.00e+00	0.00e+00	0.00e+00
 1.43996e+17	9.89e-01	1.09e-02	4.58e-06	0.00e+00	0.00e+00	0.00e+00	0.00e+00	0.00e+00
 1.44734e+17	9.89e-01	1.08e-02	4.55e-06	0.00e+00	0.00e+00	0.00e+00	0.00e+00	0.00e+00
 1.45458e+17	9.89e-01	1.05e-02	4.52e-06	0.00e+00	0.00e+00	0.00e+00	0.00e+00	0.00e+00
 1.46186e+17	9.90e-01	1.03e-02	4.49e-06	0.00e+00	0.00e+00	0.00e+00	0.00e+00	0.00e+00
 1.46924e+17	9.90e-01	9.90e-03	4.45e-06	0.00e+00	0.00e+00	0.00e+00	0.00e+00	0.00e+00
 1.47654e+17	9.90e-01	9.50e-03	4.41e-06	0.00e+00	0.00e+00	0.00e+00	0.00e+00	0.00e+00
 1.48334e+17	9.91e-01	8.93e-03	4.32e-06	0.00e+00	0.00e+00	0.00e+00	0.00e+00	0.00e+00
 1.48902e+17	9.92e-01	8.41e-03	4.24e-06	0.00e+00	0.00e+00	0.00e+00	0.00e+00	0.00e+00
 1.49349e+17	9.92e-01	7.96e-03	4.16e-06	0.00e+00	0.00e+00	0.00e+00	0.00e+00	0.00e+00
 1.49748e+17	9.93e-01	7.17e-03	3.98e-06	0.00e+00	0.00e+00	0.00e+00	0.00e+00	0.00e+00
 1.50120e+17	9.99e-01	5.40e-04	1.05e-06	0.00e+00	0.00e+00	0.00e+00	0.00e+00	0.00e+00
###########################
 4.17770e+12	3.90e-02	9.10e-01	5.11e-02	2.51e-04	3.50e-06	0.00e+00	0.00e+00	0.00e+00
 2.50662e+13	3.91e-02	9.10e-01	5.11e-02	2.51e-04	3.50e-06	0.00e+00	0.00e+00	0.00e+00
 1.08620e+14	3.93e-02	9.09e-01	5.11e-02	2.52e-04	3.50e-06	0.00e+00	0.00e+00	0.00e+00
 4.42836e+14	4.01e-02	9.09e-01	5.10e-02	2.50e-04	3.48e-06	0.00e+00	0.00e+00	0.00e+00
 1.05779e+15	4.11e-02	9.06e-01	5.25e-02	2.61e-04	3.66e-06	0.00e+00	0.00e+00	0.00e+00
 1.85724e+15	4.28e-02	9.05e-01	5.22e-02	2.59e-04	3.62e-06	0.00e+00	0.00e+00	0.00e+00
 2.89651e+15	4.50e-02	9.04e-01	5.07e-02	2.47e-04	3.45e-06	0.00e+00	0.00e+00	0.00e+00
 4.24757e+15	4.79e-02	9.04e-01	4.78e-02	2.25e-04	3.12e-06	0.00e+00	0.00e+00	0.00e+00
 5.79670e+15	5.13e-02	9.04e-01	4.43e-02	1.99e-04	2.74e-06	0.00e+00	0.00e+00	0.00e+00
 7.32329e+15	5.50e-02	9.05e-01	4.03e-02	1.71e-04	2.32e-06	0.00e+00	0.00e+00	0.00e+00
 8.91631e+15	5.94e-02	9.05e-01	3.57e-02	1.41e-04	1.88e-06	0.00e+00	0.00e+00	0.00e+00
 1.07472e+16	6.54e-02	9.04e-01	3.04e-02	1.11e-04	1.42e-06	0.00e+00	0.00e+00	0.00e+00
 1.28215e+16	7.36e-02	9.01e-01	2.48e-02	8.25e-05	1.00e-06	0.00e+00	0.00e+00	0.00e+00
 1.49198e+16	8.39e-02	8.96e-01	1.97e-02	6.03e-05	6.80e-07	0.00e+00	0.00e+00	0.00e+00
 1.67688e+16	9.55e-02	8.89e-01	1.58e-02	4.53e-05	0.00e+00	0.00e+00	0.00e+00	0.00e+00
 1.83912e+16	1.08e-01	8.79e-01	1.27e-02	3.51e-05	0.00e+00	0.00e+00	0.00e+00	0.00e+00
 2.00176e+16	1.24e-01	8.66e-01	1.01e-02	2.70e-05	0.00e+00	0.00e+00	0.00e+00	0.00e+00
 2.16382e+16	1.43e-01	8.49e-01	7.92e-03	2.11e-05	0.00e+00	0.00e+00	0.00e+00	0.00e+00
 2.30150e+16	1.62e-01	8.32e-01	6.41e-03	1.73e-05	0.00e+00	0.00e+00	0.00e+00	0.00e+00
 2.41176e+16	1.79e-01	8.16e-01	5.38e-03	1.48e-05	0.00e+00	0.00e+00	0.00e+00	0.00e+00
 2.50762e+16	1.95e-01	8.00e-01	4.61e-03	1.29e-05	0.00e+00	0.00e+00	0.00e+00	0.00e+00
 2.60073e+16	2.13e-01	7.83e-01	3.95e-03	1.14e-05	0.00e+00	0.00e+00	0.00e+00	0.00e+00
 2.69414e+16	2.31e-01	7.65e-01	3.38e-03	1.01e-05	0.00e+00	0.00e+00	0.00e+00	0.00e+00
 2.78458e+16	2.50e-01	7.47e-01	2.91e-03	9.07e-06	0.00e+00	0.00e+00	0.00e+00	0.00e+00
 2.86991e+16	2.68e-01	7.29e-01	2.52e-03	8.20e-06	0.00e+00	0.00e+00	0.00e+00	0.00e+00
 2.95194e+16	2.87e-01	7.11e-01	2.19e-03	7.46e-06	0.00e+00	0.00e+00	0.00e+00	0.00e+00
 3.03321e+16	3.06e-01	6.92e-01	1.91e-03	6.82e-06	0.00e+00	0.00e+00	0.00e+00	0.00e+00
 3.09966e+16	3.20e-01	6.78e-01	1.72e-03	6.39e-06	0.00e+00	0.00e+00	0.00e+00	0.00e+00
 3.14693e+16	3.31e-01	6.67e-01	1.60e-03	6.10e-06	0.00e+00	0.00e+00	0.00e+00	0.00e+00
 3.19402e+16	3.42e-01	6.56e-01	1.47e-03	5.81e-06	0.00e+00	0.00e+00	0.00e+00	0.00e+00
 3.24923e+16	3.56e-01	6.43e-01	1.34e-03	5.50e-06	0.00e+00	0.00e+00	0.00e+00	0.00e+00
 3.30902e+16	3.70e-01	6.29e-01	1.22e-03	5.18e-06	0.00e+00	0.00e+00	0.00e+00	0.00e+00
 3.36751e+16	3.84e-01	6.15e-01	1.11e-03	4.91e-06	0.00e+00	0.00e+00	0.00e+00	0.00e+00
 3.42493e+16	3.98e-01	6.01e-01	1.01e-03	4.64e-06	0.00e+00	0.00e+00	0.00e+00	0.00e+00
 3.48392e+16	4.11e-01	5.88e-01	9.16e-04	4.41e-06	0.00e+00	0.00e+00	0.00e+00	0.00e+00
 3.54560e+16	4.27e-01	5.72e-01	8.25e-04	4.15e-06	0.00e+00	0.00e+00	0.00e+00	0.00e+00
 3.60808e+16	4.41e-01	5.58e-01	7.49e-04	3.95e-06	0.00e+00	0.00e+00	0.00e+00	0.00e+00
 3.67154e+16	4.55e-01	5.44e-01	6.78e-04	3.74e-06	0.00e+00	0.00e+00	0.00e+00	0.00e+00
 3.73901e+16	4.72e-01	5.28e-01	6.06e-04	3.51e-06	0.00e+00	0.00e+00	0.00e+00	0.00e+00
 3.80613e+16	4.86e-01	5.13e-01	5.48e-04	3.34e-06	0.00e+00	0.00e+00	0.00e+00	0.00e+00
 3.87336e+16	5.01e-01	4.99e-01	4.95e-04	3.17e-06	0.00e+00	0.00e+00	0.00e+00	0.00e+00
 3.94625e+16	5.18e-01	4.82e-01	4.40e-04	2.97e-06	0.00e+00	0.00e+00	0.00e+00	0.00e+00
 4.02026e+16	5.32e-01	4.67e-01	3.96e-04	2.82e-06	0.00e+00	0.00e+00	0.00e+00	0.00e+00
 4.09443e+16	5.48e-01	4.51e-01	3.54e-04	2.66e-06	0.00e+00	0.00e+00	0.00e+00	0.00e+00
 4.17039e+16	5.64e-01	4.36e-01	3.17e-04	2.51e-06	0.00e+00	0.00e+00	0.00e+00	0.00e+00
 4.24724e+16	5.78e-01	4.22e-01	2.85e-04	2.38e-06	0.00e+00	0.00e+00	0.00e+00	0.00e+00
 4.33001e+16	5.93e-01	4.07e-01	2.55e-04	2.25e-06	0.00e+00	0.00e+00	0.00e+00	0.00e+00
 4.42025e+16	6.10e-01	3.89e-01	2.24e-04	2.10e-06	0.00e+00	0.00e+00	0.00e+00	0.00e+00
 4.50674e+16	6.24e-01	3.76e-01	2.02e-04	1.99e-06	0.00e+00	0.00e+00	0.00e+00	0.00e+00
 4.58537e+16	6.37e-01	3.62e-01	1.82e-04	1.88e-06	0.00e+00	0.00e+00	0.00e+00	0.00e+00
 4.66747e+16	6.50e-01	3.50e-01	1.65e-04	1.79e-06	0.00e+00	0.00e+00	0.00e+00	0.00e+00
 4.76263e+16	6.65e-01	3.35e-01	1.47e-04	1.68e-06	0.00e+00	0.00e+00	0.00e+00	0.00e+00
 4.86291e+16	6.78e-01	3.22e-01	1.32e-04	1.59e-06	0.00e+00	0.00e+00	0.00e+00	0.00e+00
 4.95749e+16	6.91e-01	3.09e-01	1.18e-04	1.50e-06	0.00e+00	0.00e+00	0.00e+00	0.00e+00
 5.05230e+16	7.02e-01	2.98e-01	1.08e-04	1.43e-06	0.00e+00	0.00e+00	0.00e+00	0.00e+00
 5.14807e+16	7.13e-01	2.87e-01	9.83e-05	1.36e-06	0.00e+00	0.00e+00	0.00e+00	0.00e+00
 5.25224e+16	7.25e-01	2.75e-01	8.85e-05	1.28e-06	0.00e+00	0.00e+00	0.00e+00	0.00e+00
 5.37035e+16	7.37e-01	2.63e-01	7.99e-05	1.21e-06	0.00e+00	0.00e+00	0.00e+00	0.00e+00
 5.49246e+16	7.49e-01	2.51e-01	7.19e-05	1.13e-06	0.00e+00	0.00e+00	0.00e+00	0.00e+00
 5.61675e+16	7.59e-01	2.41e-01	6.56e-05	1.08e-06	0.00e+00	0.00e+00	0.00e+00	0.00e+00
 5.74264e+16	7.69e-01	2.31e-01	5.97e-05	1.02e-06	0.00e+00	0.00e+00	0.00e+00	0.00e+00
 5.86818e+16	7.78e-01	2.22e-01	5.50e-05	9.71e-07	0.00e+00	0.00e+00	0.00e+00	0.00e+00
 6.01276e+16	7.88e-01	2.12e-01	5.00e-05	0.00e+00	0.00e+00	0.00e+00	0.00e+00	0.00e+00
 6.18505e+16	7.99e-01	2.01e-01	4.52e-05	0.00e+00	0.00e+00	0.00e+00	0.00e+00	0.00e+00
 6.35336e+16	8.08e-01	1.92e-01	4.14e-05	0.00e+00	0.00e+00	0.00e+00	0.00e+00	0.00e+00
 6.50967e+16	8.16e-01	1.84e-01	3.83e-05	0.00e+00	0.00e+00	0.00e+00	0.00e+00	0.00e+00
 6.67536e+16	8.23e-01	1.77e-01	3.57e-05	0.00e+00	0.00e+00	0.00e+00	0.00e+00	0.00e+00
 6.85145e+16	8.31e-01	1.69e-01	3.31e-05	0.00e+00	0.00e+00	0.00e+00	0.00e+00	0.00e+00
 7.03612e+16	8.38e-01	1.62e-01	3.07e-05	0.00e+00	0.00e+00	0.00e+00	0.00e+00	0.00e+00
 7.23150e+16	8.45e-01	1.55e-01	2.87e-05	0.00e+00	0.00e+00	0.00e+00	0.00e+00	0.00e+00
 7.42407e+16	8.52e-01	1.48e-01	2.68e-05	0.00e+00	0.00e+00	0.00e+00	0.00e+00	0.00e+00
 7.60892e+16	8.57e-01	1.43e-01	2.54e-05	0.00e+00	0.00e+00	0.00e+00	0.00e+00	0.00e+00
 7.80008e+16	8.63e-01	1.37e-01	2.39e-05	0.00e+00	0.00e+00	0.00e+00	0.00e+00	0.00e+00
 7.99928e+16	8.68e-01	1.32e-01	2.26e-05	0.00e+00	0.00e+00	0.00e+00	0.00e+00	0.00e+00
 8.19900e+16	8.74e-01	1.25e-01	2.13e-05	0.00e+00	0.00e+00	0.00e+00	0.00e+00	0.00e+00
 8.38908e+16	8.79e-01	1.21e-01	2.03e-05	0.00e+00	0.00e+00	0.00e+00	0.00e+00	0.00e+00
 8.57338e+16	8.84e-01	1.16e-01	1.94e-05	0.00e+00	0.00e+00	0.00e+00	0.00e+00	0.00e+00
 8.75889e+16	8.88e-01	1.12e-01	1.85e-05	0.00e+00	0.00e+00	0.00e+00	0.00e+00	0.00e+00
 8.93579e+16	8.92e-01	1.08e-01	1.77e-05	0.00e+00	0.00e+00	0.00e+00	0.00e+00	0.00e+00
 9.10377e+16	8.96e-01	1.04e-01	1.70e-05	0.00e+00	0.00e+00	0.00e+00	0.00e+00	0.00e+00
 9.26863e+16	9.01e-01	9.94e-02	1.63e-05	0.00e+00	0.00e+00	0.00e+00	0.00e+00	0.00e+00
 9.42692e+16	9.04e-01	9.62e-02	1.58e-05	0.00e+00	0.00e+00	0.00e+00	0.00e+00	0.00e+00
 9.58072e+16	9.08e-01	9.21e-02	1.52e-05	0.00e+00	0.00e+00	0.00e+00	0.00e+00	0.00e+00
 9.72665e+16	9.11e-01	8.94e-02	1.48e-05	0.00e+00	0.00e+00	0.00e+00	0.00e+00	0.00e+00
 9.86959e+16	9.13e-01	8.65e-02	1.43e-05	0.00e+00	0.00e+00	0.00e+00	0.00e+00	0.00e+00
 1.00164e+17	9.17e-01	8.29e-02	1.38e-05	0.00e+00	0.00e+00	0.00e+00	0.00e+00	0.00e+00
 1.01497e+17	9.20e-01	8.02e-02	1.34e-05	0.00e+00	0.00e+00	0.00e+00	0.00e+00	0.00e+00
 1.02715e+17	9.22e-01	7.76e-02	1.30e-05	0.00e+00	0.00e+00	0.00e+00	0.00e+00	0.00e+00
 1.03930e+17	9.25e-01	7.53e-02	1.27e-05	0.00e+00	0.00e+00	0.00e+00	0.00e+00	0.00e+00
 1.05172e+17	9.28e-01	7.22e-02	1.23e-05	0.00e+00	0.00e+00	0.00e+00	0.00e+00	0.00e+00
 1.06384e+17	9.30e-01	7.00e-02	1.20e-05	0.00e+00	0.00e+00	0.00e+00	0.00e+00	0.00e+00
 1.07494e+17	9.32e-01	6.78e-02	1.17e-05	0.00e+00	0.00e+00	0.00e+00	0.00e+00	0.00e+00
 1.08546e+17	9.34e-01	6.57e-02	1.14e-05	0.00e+00	0.00e+00	0.00e+00	0.00e+00	0.00e+00
 1.09575e+17	9.37e-01	6.33e-02	1.11e-05	0.00e+00	0.00e+00	0.00e+00	0.00e+00	0.00e+00
 1.10579e+17	9.39e-01	6.14e-02	1.09e-05	0.00e+00	0.00e+00	0.00e+00	0.00e+00	0.00e+00
 1.11543e+17	9.40e-01	5.96e-02	1.06e-05	0.00e+00	0.00e+00	0.00e+00	0.00e+00	0.00e+00
 1.12464e+17	9.42e-01	5.78e-02	1.04e-05	0.00e+00	0.00e+00	0.00e+00	0.00e+00	0.00e+00
 1.13386e+17	9.44e-01	5.60e-02	1.02e-05	0.00e+00	0.00e+00	0.00e+00	0.00e+00	0.00e+00
 1.14352e+17	9.46e-01	5.39e-02	9.95e-06	0.00e+00	0.00e+00	0.00e+00	0.00e+00	0.00e+00
 1.15238e+17	9.48e-01	5.25e-02	9.79e-06	0.00e+00	0.00e+00	0.00e+00	0.00e+00	0.00e+00
 1.16050e+17	9.50e-01	5.05e-02	9.53e-06	0.00e+00	0.00e+00	0.00e+00	0.00e+00	0.00e+00
 1.16816e+17	9.51e-01	4.92e-02	9.39e-06	0.00e+00	0.00e+00	0.00e+00	0.00e+00	0.00e+00
 1.17532e+17	9.52e-01	4.76e-02	9.18e-06	0.00e+00	0.00e+00	0.00e+00	0.00e+00	0.00e+00
 1.18222e+17	9.54e-01	4.64e-02	9.05e-06	0.00e+00	0.00e+00	0.00e+00	0.00e+00	0.00e+00
 1.18916e+17	9.55e-01	4.47e-02	8.84e-06	0.00e+00	0.00e+00	0.00e+00	0.00e+00	0.00e+00
 1.19591e+17	9.57e-01	4.32e-02	8.67e-06	0.00e+00	0.00e+00	0.00e+00	0.00e+00	0.00e+00
 1.20142e+17	9.58e-01	4.24e-02	8.56e-06	0.00e+00	0.00e+00	0.00e+00	0.00e+00	0.00e+00
 1.20726e+17	9.59e-01	4.09e-02	8.38e-06	0.00e+00	0.00e+00	0.00e+00	0.00e+00	0.00e+00
 1.21332e+17	9.60e-01	3.96e-02	8.23e-06	0.00e+00	0.00e+00	0.00e+00	0.00e+00	0.00e+00
 1.21836e+17	9.61e-01	3.92e-02	8.16e-06	0.00e+00	0.00e+00	0.00e+00	0.00e+00	0.00e+00
 1.22359e+17	9.61e-01	3.86e-02	8.10e-06	0.00e+00	0.00e+00	0.00e+00	0.00e+00	0.00e+00
 1.23039e+17	9.63e-01	3.71e-02	7.93e-06	0.00e+00	0.00e+00	0.00e+00	0.00e+00	0.00e+00
 1.23699e+17	9.64e-01	3.56e-02	7.76e-06	0.00e+00	0.00e+00	0.00e+00	0.00e+00	0.00e+00
 1.24140e+17	9.65e-01	3.51e-02	7.70e-06	0.00e+00	0.00e+00	0.00e+00	0.00e+00	0.00e+00
 1.24428e+17	9.65e-01	3.46e-02	7.63e-06	0.00e+00	0.00e+00	0.00e+00	0.00e+00	0.00e+00
 1.24660e+17	9.66e-01	3.43e-02	7.58e-06	0.00e+00	0.00e+00	0.00e+00	0.00e+00	0.00e+00
 1.24876e+17	9.66e-01	3.41e-02	7.54e-06	0.00e+00	0.00e+00	0.00e+00	0.00e+00	0.00e+00
 1.25123e+17	9.66e-01	3.37e-02	7.50e-06	0.00e+00	0.00e+00	0.00e+00	0.00e+00	0.00e+00
 1.25444e+17	9.67e-01	3.31e-02	7.44e-06	0.00e+00	0.00e+00	0.00e+00	0.00e+00	0.00e+00
 1.25743e+17	9.68e-01	3.25e-02	7.36e-06	0.00e+00	0.00e+00	0.00e+00	0.00e+00	0.00e+00
 1.25936e+17	9.68e-01	3.21e-02	7.31e-06	0.00e+00	0.00e+00	0.00e+00	0.00e+00	0.00e+00
 1.26104e+17	9.68e-01	3.18e-02	7.27e-06	0.00e+00	0.00e+00	0.00e+00	0.00e+00	0.00e+00
 1.26316e+17	9.69e-01	3.14e-02	7.22e-06	0.00e+00	0.00e+00	0.00e+00	0.00e+00	0.00e+00
 1.26538e+17	9.69e-01	3.09e-02	7.17e-06	0.00e+00	0.00e+00	0.00e+00	0.00e+00	0.00e+00
 1.26733e+17	9.69e-01	3.06e-02	7.13e-06	0.00e+00	0.00e+00	0.00e+00	0.00e+00	0.00e+00
 1.26916e+17	9.70e-01	3.02e-02	7.08e-06	0.00e+00	0.00e+00	0.00e+00	0.00e+00	0.00e+00
 1.27105e+17	9.70e-01	2.98e-02	7.03e-06	0.00e+00	0.00e+00	0.00e+00	0.00e+00	0.00e+00
 1.27315e+17	9.71e-01	2.93e-02	6.97e-06	0.00e+00	0.00e+00	0.00e+00	0.00e+00	0.00e+00
 1.27507e+17	9.71e-01	2.90e-02	6.93e-06	0.00e+00	0.00e+00	0.00e+00	0.00e+00	0.00e+00
 1.27668e+17	9.71e-01	2.87e-02	6.88e-06	0.00e+00	0.00e+00	0.00e+00	0.00e+00	0.00e+00
 1.27836e+17	9.72e-01	2.84e-02	6.84e-06	0.00e+00	0.00e+00	0.00e+00	0.00e+00	0.00e+00
 1.28007e+17	9.72e-01	2.80e-02	6.80e-06	0.00e+00	0.00e+00	0.00e+00	0.00e+00	0.00e+00
 1.28181e+17	9.72e-01	2.77e-02	6.76e-06	0.00e+00	0.00e+00	0.00e+00	0.00e+00	0.00e+00
 1.28354e+17	9.73e-01	2.73e-02	6.72e-06	0.00e+00	0.00e+00	0.00e+00	0.00e+00	0.00e+00
 1.28539e+17	9.73e-01	2.70e-02	6.67e-06	0.00e+00	0.00e+00	0.00e+00	0.00e+00	0.00e+00
 1.28743e+17	9.73e-01	2.66e-02	6.63e-06	0.00e+00	0.00e+00	0.00e+00	0.00e+00	0.00e+00
 1.28920e+17	9.74e-01	2.62e-02	6.58e-06	0.00e+00	0.00e+00	0.00e+00	0.00e+00	0.00e+00
 1.29072e+17	9.74e-01	2.59e-02	6.54e-06	0.00e+00	0.00e+00	0.00e+00	0.00e+00	0.00e+00
 1.29234e+17	9.74e-01	2.56e-02	6.50e-06	0.00e+00	0.00e+00	0.00e+00	0.00e+00	0.00e+00
 1.29404e+17	9.75e-01	2.52e-02	6.45e-06	0.00e+00	0.00e+00	0.00e+00	0.00e+00	0.00e+00
 1.29572e+17	9.75e-01	2.49e-02	6.41e-06	0.00e+00	0.00e+00	0.00e+00	0.00e+00	0.00e+00
 1.29735e+17	9.75e-01	2.46e-02	6.37e-06	0.00e+00	0.00e+00	0.00e+00	0.00e+00	0.00e+00
 1.29895e+17	9.76e-01	2.43e-02	6.33e-06	0.00e+00	0.00e+00	0.00e+00	0.00e+00	0.00e+00
 1.30066e+17	9.76e-01	2.40e-02	6.29e-06	0.00e+00	0.00e+00	0.00e+00	0.00e+00	0.00e+00
 1.30233e+17	9.76e-01	2.37e-02	6.25e-06	0.00e+00	0.00e+00	0.00e+00	0.00e+00	0.00e+00
 1.30390e+17	9.77e-01	2.34e-02	6.22e-06	0.00e+00	0.00e+00	0.00e+00	0.00e+00	0.00e+00
 1.30554e+17	9.77e-01	2.31e-02	6.18e-06	0.00e+00	0.00e+00	0.00e+00	0.00e+00	0.00e+00
 1.30727e+17	9.77e-01	2.28e-02	6.14e-06	0.00e+00	0.00e+00	0.00e+00	0.00e+00	0.00e+00
 1.30902e+17	9.77e-01	2.25e-02	6.10e-06	0.00e+00	0.00e+00	0.00e+00	0.00e+00	0.00e+00
 1.31070e+17	9.78e-01	2.22e-02	6.06e-06	0.00e+00	0.00e+00	0.00e+00	0.00e+00	0.00e+00
 1.31235e+17	9.78e-01	2.19e-02	6.02e-06	0.00e+00	0.00e+00	0.00e+00	0.00e+00	0.00e+00
 1.31403e+17	9.78e-01	2.17e-02	5.99e-06	0.00e+00	0.00e+00	0.00e+00	0.00e+00	0.00e+00
 1.31579e+17	9.79e-01	2.14e-02	5.95e-06	0.00e+00	0.00e+00	0.00e+00	0.00e+00	0.00e+00
 1.31759e+17	9.79e-01	2.11e-02	5.91e-06	0.00e+00	0.00e+00	0.00e+00	0.00e+00	0.00e+00
 1.31938e+17	9.79e-01	2.08e-02	5.87e-06	0.00e+00	0.00e+00	0.00e+00	0.00e+00	0.00e+00
 1.32116e+17	9.79e-01	2.05e-02	5.83e-06	0.00e+00	0.00e+00	0.00e+00	0.00e+00	0.00e+00
 1.32298e+17	9.80e-01	2.02e-02	5.80e-06	0.00e+00	0.00e+00	0.00e+00	0.00e+00	0.00e+00
 1.32487e+17	9.80e-01	1.99e-02	5.76e-06	0.00e+00	0.00e+00	0.00e+00	0.00e+00	0.00e+00
 1.32682e+17	9.80e-01	1.97e-02	5.72e-06	0.00e+00	0.00e+00	0.00e+00	0.00e+00	0.00e+00
 1.32872e+17	9.81e-01	1.94e-02	5.68e-06	0.00e+00	0.00e+00	0.00e+00	0.00e+00	0.00e+00
 1.33065e+17	9.81e-01	1.91e-02	5.66e-06	0.00e+00	0.00e+00	0.00e+00	0.00e+00	0.00e+00
 1.33293e+17	9.81e-01	1.88e-02	5.61e-06	0.00e+00	0.00e+00	0.00e+00	0.00e+00	0.00e+00
 1.33531e+17	9.82e-01	1.85e-02	5.57e-06	0.00e+00	0.00e+00	0.00e+00	0.00e+00	0.00e+00
 1.33732e+17	9.82e-01	1.82e-02	5.53e-06	0.00e+00	0.00e+00	0.00e+00	0.00e+00	0.00e+00
 1.33925e+17	9.82e-01	1.80e-02	5.50e-06	0.00e+00	0.00e+00	0.00e+00	0.00e+00	0.00e+00
 1.34160e+17	9.82e-01	1.77e-02	5.46e-06	0.00e+00	0.00e+00	0.00e+00	0.00e+00	0.00e+00
 1.34435e+17	9.83e-01	1.74e-02	5.42e-06	0.00e+00	0.00e+00	0.00e+00	0.00e+00	0.00e+00
 1.34702e+17	9.83e-01	1.71e-02	5.38e-06	0.00e+00	0.00e+00	0.00e+00	0.00e+00	0.00e+00
 1.34935e+17	9.83e-01	1.68e-02	5.34e-06	0.00e+00	0.00e+00	0.00e+00	0.00e+00	0.00e+00
 1.35175e+17	9.83e-01	1.66e-02	5.31e-06	0.00e+00	0.00e+00	0.00e+00	0.00e+00	0.00e+00
 1.35460e+17	9.84e-01	1.63e-02	5.27e-06	0.00e+00	0.00e+00	0.00e+00	0.00e+00	0.00e+00
 1.35777e+17	9.84e-01	1.60e-02	5.23e-06	0.00e+00	0.00e+00	0.00e+00	0.00e+00	0.00e+00
 1.36079e+17	9.84e-01	1.57e-02	5.19e-06	0.00e+00	0.00e+00	0.00e+00	0.00e+00	0.00e+00
 1.36361e+17	9.85e-01	1.55e-02	5.16e-06	0.00e+00	0.00e+00	0.00e+00	0.00e+00	0.00e+00
 1.36667e+17	9.85e-01	1.52e-02	5.12e-06	0.00e+00	0.00e+00	0.00e+00	0.00e+00	0.00e+00
 1.37020e+17	9.85e-01	1.48e-02	5.08e-06	0.00e+00	0.00e+00	0.00e+00	0.00e+00	0.00e+00
 1.37355e+17	9.85e-01	1.45e-02	5.04e-06	0.00e+00	0.00e+00	0.00e+00	0.00e+00	0.00e+00
 1.37643e+17	9.86e-01	1.43e-02	5.01e-06	0.00e+00	0.00e+00	0.00e+00	0.00e+00	0.00e+00
 1.37968e+17	9.86e-01	1.41e-02	4.98e-06	0.00e+00	0.00e+00	0.00e+00	0.00e+00	0.00e+00
 1.38389e+17	9.86e-01	1.38e-02	4.94e-06	0.00e+00	0.00e+00	0.00e+00	0.00e+00	0.00e+00
 1.38846e+17	9.87e-01	1.34e-02	4.89e-06	0.00e+00	0.00e+00	0.00e+00	0.00e+00	0.00e+00
 1.39257e+17	9.87e-01	1.32e-02	4.86e-06	0.00e+00	0.00e+00	0.00e+00	0.00e+00	0.00e+00
 1.39656e+17	9.87e-01	1.30e-02	4.83e-06	0.00e+00	0.00e+00	0.00e+00	0.00e+00	0.00e+00
 1.40131e+17	9.87e-01	1.27e-02	4.80e-06	0.00e+00	0.00e+00	0.00e+00	0.00e+00	0.00e+00
 1.40684e+17	9.88e-01	1.24e-02	4.76e-06	0.00e+00	0.00e+00	0.00e+00	0.00e+00	0.00e+00
 1.41234e+17	9.88e-01	1.21e-02	4.72e-06	0.00e+00	0.00e+00	0.00e+00	0.00e+00	0.00e+00
 1.41758e+17	9.88e-01	1.19e-02	4.70e-06	0.00e+00	0.00e+00	0.00e+00	0.00e+00	0.00e+00
 1.42313e+17	9.88e-01	1.16e-02	4.67e-06	0.00e+00	0.00e+00	0.00e+00	0.00e+00	0.00e+00
 1.42961e+17	9.89e-01	1.13e-02	4.63e-06	0.00e+00	0.00e+00	0.00e+00	0.00e+00	0.00e+00
 1.43676e+17	9.89e-01	1.11e-02	4.60e-06	0.00e+00	0.00e+00	0.00e+00	0.00e+00	0.00e+00
 1.44394e+17	9.89e-01	1.10e-02	4.57e-06	0.00e+00	0.00e+00	0.00e+00	0.00e+00	0.00e+00
 1.45136e+17	9.89e-01	1.07e-02	4.54e-06	0.00e+00	0.00e+00	0.00e+00	0.00e+00	0.00e+00
 1.45911e+17	9.90e-01	1.03e-02	4.51e-06	0.00e+00	0.00e+00	0.00e+00	0.00e+00	0.00e+00
 1.46663e+17	9.90e-01	1.00e-02	4.47e-06	0.00e+00	0.00e+00	0.00e+00	0.00e+00	0.00e+00
 1.47355e+17	9.90e-01	9.68e-03	4.43e-06	0.00e+00	0.00e+00	0.00e+00	0.00e+00	0.00e+00
 1.48007e+17	9.91e-01	9.29e-03	4.38e-06	0.00e+00	0.00e+00	0.00e+00	0.00e+00	0.00e+00
 1.48635e+17	9.91e-01	8.72e-03	4.29e-06	0.00e+00	0.00e+00	0.00e+00	0.00e+00	0.00e+00
 1.49223e+17	9.92e-01	7.97e-03	4.15e-06	0.00e+00	0.00e+00	0.00e+00	0.00e+00	0.00e+00
 1.49757e+17	9.99e-01	6.39e-04	1.11e-06	0.00e+00	0.00e+00	0.00e+00	0.00e+00	0.00e+00
