#depth	S  1	S  2	S  3	S  4	S  5	S  6	S  7	S  8	S  9	S 10	S 11	S 12	S 13	S 14	S 15	S 16	S 17
 1.53562e+13	6.98e-04	2.72e-01	6.97e-01	2.75e-02	2.62e-03	2.83e-04	1.13e-05	0.00e+00	0.00e+00	0.00e+00	0.00e+00	0.00e+00	0.00e+00	0.00e+00	0.00e+00	0.00e+00	0.00e+00
 9.21370e+13	6.98e-04	2.72e-01	6.97e-01	2.75e-02	2.62e-03	2.82e-04	1.12e-05	0.00e+00	0.00e+00	0.00e+00	0.00e+00	0.00e+00	0.00e+00	0.00e+00	0.00e+00	0.00e+00	0.00e+00
 3.99260e+14	7.00e-04	2.72e-01	6.97e-01	2.76e-02	2.62e-03	2.82e-04	1.12e-05	0.00e+00	0.00e+00	0.00e+00	0.00e+00	0.00e+00	0.00e+00	0.00e+00	0.00e+00	0.00e+00	0.00e+00
 1.62775e+15	7.10e-04	2.74e-01	6.95e-01	2.75e-02	2.60e-03	2.80e-04	1.11e-05	0.00e+00	0.00e+00	0.00e+00	0.00e+00	0.00e+00	0.00e+00	0.00e+00	0.00e+00	0.00e+00	0.00e+00
 3.88818e+15	7.23e-04	2.77e-01	6.92e-01	2.77e-02	2.57e-03	2.80e-04	1.11e-05	0.00e+00	0.00e+00	0.00e+00	0.00e+00	0.00e+00	0.00e+00	0.00e+00	0.00e+00	0.00e+00	0.00e+00
 6.82674e+15	7.45e-04	2.80e-01	6.89e-01	2.73e-02	2.52e-03	2.73e-04	1.08e-05	0.00e+00	0.00e+00	0.00e+00	0.00e+00	0.00e+00	0.00e+00	0.00e+00	0.00e+00	0.00e+00	0.00e+00
 1.06469e+16	7.77e-04	2.84e-01	6.86e-01	2.63e-02	2.44e-03	2.61e-04	1.01e-05	0.00e+00	0.00e+00	0.00e+00	0.00e+00	0.00e+00	0.00e+00	0.00e+00	0.00e+00	0.00e+00	0.00e+00
 1.56130e+16	8.31e-04	2.91e-01	6.81e-01	2.45e-02	2.31e-03	2.39e-04	8.86e-06	0.00e+00	0.00e+00	0.00e+00	0.00e+00	0.00e+00	0.00e+00	0.00e+00	0.00e+00	0.00e+00	0.00e+00
 2.11699e+16	8.98e-04	2.98e-01	6.76e-01	2.23e-02	2.15e-03	2.14e-04	7.53e-06	0.00e+00	0.00e+00	0.00e+00	0.00e+00	0.00e+00	0.00e+00	0.00e+00	0.00e+00	0.00e+00	0.00e+00
 2.64458e+16	9.72e-04	3.06e-01	6.71e-01	2.00e-02	1.99e-03	1.90e-04	6.28e-06	0.00e+00	0.00e+00	0.00e+00	0.00e+00	0.00e+00	0.00e+00	0.00e+00	0.00e+00	0.00e+00	0.00e+00
 3.15554e+16	1.06e-03	3.15e-01	6.64e-01	1.77e-02	1.81e-03	1.64e-04	5.08e-06	0.00e+00	0.00e+00	0.00e+00	0.00e+00	0.00e+00	0.00e+00	0.00e+00	0.00e+00	0.00e+00	0.00e+00
 3.69663e+16	1.17e-03	3.27e-01	6.55e-01	1.51e-02	1.61e-03	1.38e-04	3.88e-06	0.00e+00	0.00e+00	0.00e+00	0.00e+00	0.00e+00	0.00e+00	0.00e+00	0.00e+00	0.00e+00	0.00e+00
 4.23215e+16	1.29e-03	3.40e-01	6.45e-01	1.29e-02	1.41e-03	1.14e-04	2.93e-06	0.00e+00	0.00e+00	0.00e+00	0.00e+00	0.00e+00	0.00e+00	0.00e+00	0.00e+00	0.00e+00	0.00e+00
 4.70237e+16	1.40e-03	3.53e-01	6.34e-01	1.09e-02	1.23e-03	9.50e-05	2.20e-06	0.00e+00	0.00e+00	0.00e+00	0.00e+00	0.00e+00	0.00e+00	0.00e+00	0.00e+00	0.00e+00	0.00e+00
 5.11665e+16	1.51e-03	3.66e-01	6.22e-01	9.30e-03	1.08e-03	7.93e-05	1.67e-06	0.00e+00	0.00e+00	0.00e+00	0.00e+00	0.00e+00	0.00e+00	0.00e+00	0.00e+00	0.00e+00	0.00e+00
 5.50528e+16	1.62e-03	3.81e-01	6.09e-01	7.88e-03	9.29e-04	6.58e-05	1.25e-06	0.00e+00	0.00e+00	0.00e+00	0.00e+00	0.00e+00	0.00e+00	0.00e+00	0.00e+00	0.00e+00	0.00e+00
 5.88662e+16	1.74e-03	3.97e-01	5.93e-01	6.59e-03	7.89e-04	5.37e-05	9.12e-07	0.00e+00	0.00e+00	0.00e+00	0.00e+00	0.00e+00	0.00e+00	0.00e+00	0.00e+00	0.00e+00	0.00e+00
 6.25791e+16	1.86e-03	4.16e-01	5.76e-01	5.44e-03	6.59e-04	4.33e-05	0.00e+00	0.00e+00	0.00e+00	0.00e+00	0.00e+00	0.00e+00	0.00e+00	0.00e+00	0.00e+00	0.00e+00	0.00e+00
 6.60413e+16	1.98e-03	4.35e-01	5.58e-01	4.47e-03	5.45e-04	3.47e-05	0.00e+00	0.00e+00	0.00e+00	0.00e+00	0.00e+00	0.00e+00	0.00e+00	0.00e+00	0.00e+00	0.00e+00	0.00e+00
 6.90850e+16	2.09e-03	4.54e-01	5.40e-01	3.70e-03	4.53e-04	2.80e-05	0.00e+00	0.00e+00	0.00e+00	0.00e+00	0.00e+00	0.00e+00	0.00e+00	0.00e+00	0.00e+00	0.00e+00	0.00e+00
 7.16779e+16	2.18e-03	4.71e-01	5.23e-01	3.11e-03	3.81e-04	2.30e-05	0.00e+00	0.00e+00	0.00e+00	0.00e+00	0.00e+00	0.00e+00	0.00e+00	0.00e+00	0.00e+00	0.00e+00	0.00e+00
 7.39471e+16	2.26e-03	4.88e-01	5.07e-01	2.64e-03	3.22e-04	1.91e-05	0.00e+00	0.00e+00	0.00e+00	0.00e+00	0.00e+00	0.00e+00	0.00e+00	0.00e+00	0.00e+00	0.00e+00	0.00e+00
 7.60176e+16	2.33e-03	5.03e-01	4.92e-01	2.26e-03	2.75e-04	1.61e-05	0.00e+00	0.00e+00	0.00e+00	0.00e+00	0.00e+00	0.00e+00	0.00e+00	0.00e+00	0.00e+00	0.00e+00	0.00e+00
 7.79575e+16	2.38e-03	5.17e-01	4.78e-01	1.95e-03	2.36e-04	1.36e-05	0.00e+00	0.00e+00	0.00e+00	0.00e+00	0.00e+00	0.00e+00	0.00e+00	0.00e+00	0.00e+00	0.00e+00	0.00e+00
 7.97992e+16	2.43e-03	5.31e-01	4.65e-01	1.68e-03	2.03e-04	1.15e-05	0.00e+00	0.00e+00	0.00e+00	0.00e+00	0.00e+00	0.00e+00	0.00e+00	0.00e+00	0.00e+00	0.00e+00	0.00e+00
 8.15397e+16	2.45e-03	5.43e-01	4.53e-01	1.47e-03	1.77e-04	9.87e-06	0.00e+00	0.00e+00	0.00e+00	0.00e+00	0.00e+00	0.00e+00	0.00e+00	0.00e+00	0.00e+00	0.00e+00	0.00e+00
 8.31696e+16	2.46e-03	5.53e-01	4.43e-01	1.29e-03	1.55e-04	8.56e-06	0.00e+00	0.00e+00	0.00e+00	0.00e+00	0.00e+00	0.00e+00	0.00e+00	0.00e+00	0.00e+00	0.00e+00	0.00e+00
 8.46477e+16	2.46e-03	5.61e-01	4.35e-01	1.15e-03	1.38e-04	7.55e-06	0.00e+00	0.00e+00	0.00e+00	0.00e+00	0.00e+00	0.00e+00	0.00e+00	0.00e+00	0.00e+00	0.00e+00	0.00e+00
 8.59540e+16	2.45e-03	5.68e-01	4.28e-01	1.04e-03	1.24e-04	6.77e-06	0.00e+00	0.00e+00	0.00e+00	0.00e+00	0.00e+00	0.00e+00	0.00e+00	0.00e+00	0.00e+00	0.00e+00	0.00e+00
 8.71337e+16	2.43e-03	5.73e-01	4.23e-01	9.50e-04	1.14e-04	6.18e-06	0.00e+00	0.00e+00	0.00e+00	0.00e+00	0.00e+00	0.00e+00	0.00e+00	0.00e+00	0.00e+00	0.00e+00	0.00e+00
 8.82491e+16	2.41e-03	5.77e-01	4.19e-01	8.76e-04	1.05e-04	5.68e-06	0.00e+00	0.00e+00	0.00e+00	0.00e+00	0.00e+00	0.00e+00	0.00e+00	0.00e+00	0.00e+00	0.00e+00	0.00e+00
 8.93437e+16	2.38e-03	5.80e-01	4.17e-01	8.12e-04	9.80e-05	5.26e-06	0.00e+00	0.00e+00	0.00e+00	0.00e+00	0.00e+00	0.00e+00	0.00e+00	0.00e+00	0.00e+00	0.00e+00	0.00e+00
 9.04009e+16	2.34e-03	5.83e-01	4.14e-01	7.57e-04	9.16e-05	4.91e-06	0.00e+00	0.00e+00	0.00e+00	0.00e+00	0.00e+00	0.00e+00	0.00e+00	0.00e+00	0.00e+00	0.00e+00	0.00e+00
 9.14087e+16	2.31e-03	5.84e-01	4.13e-01	7.09e-04	8.62e-05	4.61e-06	0.00e+00	0.00e+00	0.00e+00	0.00e+00	0.00e+00	0.00e+00	0.00e+00	0.00e+00	0.00e+00	0.00e+00	0.00e+00
 9.22061e+16	2.28e-03	5.85e-01	4.12e-01	6.76e-04	8.25e-05	4.40e-06	0.00e+00	0.00e+00	0.00e+00	0.00e+00	0.00e+00	0.00e+00	0.00e+00	0.00e+00	0.00e+00	0.00e+00	0.00e+00
 9.27513e+16	2.25e-03	5.85e-01	4.12e-01	6.55e-04	8.02e-05	4.28e-06	0.00e+00	0.00e+00	0.00e+00	0.00e+00	0.00e+00	0.00e+00	0.00e+00	0.00e+00	0.00e+00	0.00e+00	0.00e+00
 9.32853e+16	2.23e-03	5.86e-01	4.11e-01	6.35e-04	7.80e-05	4.15e-06	0.00e+00	0.00e+00	0.00e+00	0.00e+00	0.00e+00	0.00e+00	0.00e+00	0.00e+00	0.00e+00	0.00e+00	0.00e+00
 9.39266e+16	2.20e-03	5.86e-01	4.11e-01	6.12e-04	7.56e-05	4.02e-06	0.00e+00	0.00e+00	0.00e+00	0.00e+00	0.00e+00	0.00e+00	0.00e+00	0.00e+00	0.00e+00	0.00e+00	0.00e+00
 9.46372e+16	2.17e-03	5.86e-01	4.11e-01	5.88e-04	7.29e-05	3.88e-06	0.00e+00	0.00e+00	0.00e+00	0.00e+00	0.00e+00	0.00e+00	0.00e+00	0.00e+00	0.00e+00	0.00e+00	0.00e+00
 9.53275e+16	2.13e-03	5.85e-01	4.12e-01	5.67e-04	7.09e-05	3.77e-06	0.00e+00	0.00e+00	0.00e+00	0.00e+00	0.00e+00	0.00e+00	0.00e+00	0.00e+00	0.00e+00	0.00e+00	0.00e+00
 9.59865e+16	2.11e-03	5.85e-01	4.12e-01	5.47e-04	6.87e-05	3.64e-06	0.00e+00	0.00e+00	0.00e+00	0.00e+00	0.00e+00	0.00e+00	0.00e+00	0.00e+00	0.00e+00	0.00e+00	0.00e+00
 9.66462e+16	2.07e-03	5.84e-01	4.14e-01	5.30e-04	6.70e-05	3.56e-06	0.00e+00	0.00e+00	0.00e+00	0.00e+00	0.00e+00	0.00e+00	0.00e+00	0.00e+00	0.00e+00	0.00e+00	0.00e+00
 9.73333e+16	2.04e-03	5.83e-01	4.14e-01	5.11e-04	6.49e-05	3.44e-06	0.00e+00	0.00e+00	0.00e+00	0.00e+00	0.00e+00	0.00e+00	0.00e+00	0.00e+00	0.00e+00	0.00e+00	0.00e+00
 9.80416e+16	2.00e-03	5.82e-01	4.16e-01	4.95e-04	6.34e-05	3.36e-06	0.00e+00	0.00e+00	0.00e+00	0.00e+00	0.00e+00	0.00e+00	0.00e+00	0.00e+00	0.00e+00	0.00e+00	0.00e+00
 9.87483e+16	1.96e-03	5.81e-01	4.17e-01	4.78e-04	6.16e-05	3.27e-06	0.00e+00	0.00e+00	0.00e+00	0.00e+00	0.00e+00	0.00e+00	0.00e+00	0.00e+00	0.00e+00	0.00e+00	0.00e+00
 9.94635e+16	1.92e-03	5.79e-01	4.19e-01	4.64e-04	6.03e-05	3.20e-06	0.00e+00	0.00e+00	0.00e+00	0.00e+00	0.00e+00	0.00e+00	0.00e+00	0.00e+00	0.00e+00	0.00e+00	0.00e+00
 1.00198e+17	1.89e-03	5.77e-01	4.20e-01	4.49e-04	5.87e-05	3.12e-06	0.00e+00	0.00e+00	0.00e+00	0.00e+00	0.00e+00	0.00e+00	0.00e+00	0.00e+00	0.00e+00	0.00e+00	0.00e+00
 1.00956e+17	1.84e-03	5.75e-01	4.23e-01	4.36e-04	5.75e-05	3.06e-06	0.00e+00	0.00e+00	0.00e+00	0.00e+00	0.00e+00	0.00e+00	0.00e+00	0.00e+00	0.00e+00	0.00e+00	0.00e+00
 1.01738e+17	1.81e-03	5.73e-01	4.25e-01	4.21e-04	5.60e-05	2.98e-06	0.00e+00	0.00e+00	0.00e+00	0.00e+00	0.00e+00	0.00e+00	0.00e+00	0.00e+00	0.00e+00	0.00e+00	0.00e+00
 1.02523e+17	1.76e-03	5.70e-01	4.28e-01	4.10e-04	5.51e-05	2.93e-06	0.00e+00	0.00e+00	0.00e+00	0.00e+00	0.00e+00	0.00e+00	0.00e+00	0.00e+00	0.00e+00	0.00e+00	0.00e+00
 1.03327e+17	1.72e-03	5.68e-01	4.30e-01	3.97e-04	5.37e-05	2.86e-06	0.00e+00	0.00e+00	0.00e+00	0.00e+00	0.00e+00	0.00e+00	0.00e+00	0.00e+00	0.00e+00	0.00e+00	0.00e+00
 1.04162e+17	1.69e-03	5.66e-01	4.32e-01	3.86e-04	5.27e-05	2.81e-06	0.00e+00	0.00e+00	0.00e+00	0.00e+00	0.00e+00	0.00e+00	0.00e+00	0.00e+00	0.00e+00	0.00e+00	0.00e+00
 1.04985e+17	1.63e-03	5.62e-01	4.36e-01	3.77e-04	5.20e-05	2.77e-06	0.00e+00	0.00e+00	0.00e+00	0.00e+00	0.00e+00	0.00e+00	0.00e+00	0.00e+00	0.00e+00	0.00e+00	0.00e+00
 1.05822e+17	1.60e-03	5.61e-01	4.37e-01	3.65e-04	5.07e-05	2.71e-06	0.00e+00	0.00e+00	0.00e+00	0.00e+00	0.00e+00	0.00e+00	0.00e+00	0.00e+00	0.00e+00	0.00e+00	0.00e+00
 1.06678e+17	1.56e-03	5.57e-01	4.41e-01	3.56e-04	5.00e-05	2.68e-06	0.00e+00	0.00e+00	0.00e+00	0.00e+00	0.00e+00	0.00e+00	0.00e+00	0.00e+00	0.00e+00	0.00e+00	0.00e+00
 1.07595e+17	1.52e-03	5.55e-01	4.43e-01	3.46e-04	4.90e-05	2.62e-06	0.00e+00	0.00e+00	0.00e+00	0.00e+00	0.00e+00	0.00e+00	0.00e+00	0.00e+00	0.00e+00	0.00e+00	0.00e+00
 1.08584e+17	1.48e-03	5.51e-01	4.48e-01	3.37e-04	4.83e-05	2.59e-06	0.00e+00	0.00e+00	0.00e+00	0.00e+00	0.00e+00	0.00e+00	0.00e+00	0.00e+00	0.00e+00	0.00e+00	0.00e+00
 1.09595e+17	1.44e-03	5.48e-01	4.50e-01	3.28e-04	4.74e-05	2.54e-06	0.00e+00	0.00e+00	0.00e+00	0.00e+00	0.00e+00	0.00e+00	0.00e+00	0.00e+00	0.00e+00	0.00e+00	0.00e+00
 1.10627e+17	1.40e-03	5.44e-01	4.54e-01	3.20e-04	4.68e-05	2.52e-06	0.00e+00	0.00e+00	0.00e+00	0.00e+00	0.00e+00	0.00e+00	0.00e+00	0.00e+00	0.00e+00	0.00e+00	0.00e+00
 1.11700e+17	1.36e-03	5.41e-01	4.57e-01	3.11e-04	4.60e-05	2.48e-06	0.00e+00	0.00e+00	0.00e+00	0.00e+00	0.00e+00	0.00e+00	0.00e+00	0.00e+00	0.00e+00	0.00e+00	0.00e+00
 1.12848e+17	1.32e-03	5.37e-01	4.62e-01	3.04e-04	4.55e-05	2.45e-06	0.00e+00	0.00e+00	0.00e+00	0.00e+00	0.00e+00	0.00e+00	0.00e+00	0.00e+00	0.00e+00	0.00e+00	0.00e+00
 1.14071e+17	1.29e-03	5.34e-01	4.64e-01	2.96e-04	4.47e-05	2.41e-06	0.00e+00	0.00e+00	0.00e+00	0.00e+00	0.00e+00	0.00e+00	0.00e+00	0.00e+00	0.00e+00	0.00e+00	0.00e+00
 1.15333e+17	1.24e-03	5.29e-01	4.69e-01	2.90e-04	4.42e-05	2.39e-06	0.00e+00	0.00e+00	0.00e+00	0.00e+00	0.00e+00	0.00e+00	0.00e+00	0.00e+00	0.00e+00	0.00e+00	0.00e+00
 1.16602e+17	1.22e-03	5.28e-01	4.71e-01	2.83e-04	4.34e-05	2.35e-06	0.00e+00	0.00e+00	0.00e+00	0.00e+00	0.00e+00	0.00e+00	0.00e+00	0.00e+00	0.00e+00	0.00e+00	0.00e+00
 1.17934e+17	1.18e-03	5.23e-01	4.76e-01	2.77e-04	4.30e-05	2.34e-06	0.00e+00	0.00e+00	0.00e+00	0.00e+00	0.00e+00	0.00e+00	0.00e+00	0.00e+00	0.00e+00	0.00e+00	0.00e+00
 1.19306e+17	1.16e-03	5.21e-01	4.77e-01	2.71e-04	4.24e-05	2.31e-06	0.00e+00	0.00e+00	0.00e+00	0.00e+00	0.00e+00	0.00e+00	0.00e+00	0.00e+00	0.00e+00	0.00e+00	0.00e+00
 1.20763e+17	1.13e-03	5.18e-01	4.80e-01	2.64e-04	4.18e-05	2.28e-06	0.00e+00	0.00e+00	0.00e+00	0.00e+00	0.00e+00	0.00e+00	0.00e+00	0.00e+00	0.00e+00	0.00e+00	0.00e+00
 1.22392e+17	1.09e-03	5.14e-01	4.85e-01	2.59e-04	4.15e-05	2.26e-06	0.00e+00	0.00e+00	0.00e+00	0.00e+00	0.00e+00	0.00e+00	0.00e+00	0.00e+00	0.00e+00	0.00e+00	0.00e+00
 1.24118e+17	1.07e-03	5.12e-01	4.86e-01	2.54e-04	4.08e-05	2.23e-06	0.00e+00	0.00e+00	0.00e+00	0.00e+00	0.00e+00	0.00e+00	0.00e+00	0.00e+00	0.00e+00	0.00e+00	0.00e+00
 1.26135e+17	1.05e-03	5.10e-01	4.89e-01	2.47e-04	4.01e-05	2.20e-06	0.00e+00	0.00e+00	0.00e+00	0.00e+00	0.00e+00	0.00e+00	0.00e+00	0.00e+00	0.00e+00	0.00e+00	0.00e+00
 1.28473e+17	1.02e-03	5.07e-01	4.92e-01	2.41e-04	3.94e-05	2.16e-06	0.00e+00	0.00e+00	0.00e+00	0.00e+00	0.00e+00	0.00e+00	0.00e+00	0.00e+00	0.00e+00	0.00e+00	0.00e+00
 1.30865e+17	1.01e-03	5.06e-01	4.92e-01	2.35e-04	3.87e-05	2.13e-06	0.00e+00	0.00e+00	0.00e+00	0.00e+00	0.00e+00	0.00e+00	0.00e+00	0.00e+00	0.00e+00	0.00e+00	0.00e+00
 1.33493e+17	9.91e-04	5.05e-01	4.94e-01	2.29e-04	3.79e-05	2.09e-06	0.00e+00	0.00e+00	0.00e+00	0.00e+00	0.00e+00	0.00e+00	0.00e+00	0.00e+00	0.00e+00	0.00e+00	0.00e+00
 1.36604e+17	9.68e-04	5.03e-01	4.96e-01	2.22e-04	3.71e-05	2.05e-06	0.00e+00	0.00e+00	0.00e+00	0.00e+00	0.00e+00	0.00e+00	0.00e+00	0.00e+00	0.00e+00	0.00e+00	0.00e+00
 1.39927e+17	9.59e-04	5.03e-01	4.95e-01	2.15e-04	3.62e-05	2.00e-06	0.00e+00	0.00e+00	0.00e+00	0.00e+00	0.00e+00	0.00e+00	0.00e+00	0.00e+00	0.00e+00	0.00e+00	0.00e+00
 1.43254e+17	9.47e-04	5.03e-01	4.96e-01	2.09e-04	3.53e-05	1.96e-06	0.00e+00	0.00e+00	0.00e+00	0.00e+00	0.00e+00	0.00e+00	0.00e+00	0.00e+00	0.00e+00	0.00e+00	0.00e+00
 1.46733e+17	9.37e-04	5.03e-01	4.96e-01	2.03e-04	3.44e-05	1.92e-06	0.00e+00	0.00e+00	0.00e+00	0.00e+00	0.00e+00	0.00e+00	0.00e+00	0.00e+00	0.00e+00	0.00e+00	0.00e+00
 1.50384e+17	9.27e-04	5.03e-01	4.95e-01	1.97e-04	3.35e-05	1.87e-06	0.00e+00	0.00e+00	0.00e+00	0.00e+00	0.00e+00	0.00e+00	0.00e+00	0.00e+00	0.00e+00	0.00e+00	0.00e+00
 1.54066e+17	9.19e-04	5.04e-01	4.95e-01	1.91e-04	3.26e-05	1.83e-06	0.00e+00	0.00e+00	0.00e+00	0.00e+00	0.00e+00	0.00e+00	0.00e+00	0.00e+00	0.00e+00	0.00e+00	0.00e+00
 1.57679e+17	9.13e-04	5.04e-01	4.94e-01	1.86e-04	3.18e-05	1.78e-06	0.00e+00	0.00e+00	0.00e+00	0.00e+00	0.00e+00	0.00e+00	0.00e+00	0.00e+00	0.00e+00	0.00e+00	0.00e+00
 1.61231e+17	9.07e-04	5.05e-01	4.94e-01	1.80e-04	3.09e-05	1.74e-06	0.00e+00	0.00e+00	0.00e+00	0.00e+00	0.00e+00	0.00e+00	0.00e+00	0.00e+00	0.00e+00	0.00e+00	0.00e+00
 1.64763e+17	8.95e-04	5.05e-01	4.94e-01	1.76e-04	3.02e-05	1.71e-06	0.00e+00	0.00e+00	0.00e+00	0.00e+00	0.00e+00	0.00e+00	0.00e+00	0.00e+00	0.00e+00	0.00e+00	0.00e+00
 1.68347e+17	9.01e-04	5.07e-01	4.92e-01	1.70e-04	2.93e-05	1.65e-06	0.00e+00	0.00e+00	0.00e+00	0.00e+00	0.00e+00	0.00e+00	0.00e+00	0.00e+00	0.00e+00	0.00e+00	0.00e+00
 1.71853e+17	8.89e-04	5.07e-01	4.92e-01	1.66e-04	2.86e-05	1.62e-06	0.00e+00	0.00e+00	0.00e+00	0.00e+00	0.00e+00	0.00e+00	0.00e+00	0.00e+00	0.00e+00	0.00e+00	0.00e+00
 1.75173e+17	8.86e-04	5.08e-01	4.91e-01	1.61e-04	2.78e-05	1.58e-06	0.00e+00	0.00e+00	0.00e+00	0.00e+00	0.00e+00	0.00e+00	0.00e+00	0.00e+00	0.00e+00	0.00e+00	0.00e+00
 1.78429e+17	8.86e-04	5.09e-01	4.90e-01	1.57e-04	2.71e-05	1.54e-06	0.00e+00	0.00e+00	0.00e+00	0.00e+00	0.00e+00	0.00e+00	0.00e+00	0.00e+00	0.00e+00	0.00e+00	0.00e+00
 1.81583e+17	8.90e-04	5.12e-01	4.87e-01	1.52e-04	2.63e-05	1.50e-06	0.00e+00	0.00e+00	0.00e+00	0.00e+00	0.00e+00	0.00e+00	0.00e+00	0.00e+00	0.00e+00	0.00e+00	0.00e+00
 1.84509e+17	8.86e-04	5.12e-01	4.87e-01	1.49e-04	2.56e-05	1.47e-06	0.00e+00	0.00e+00	0.00e+00	0.00e+00	0.00e+00	0.00e+00	0.00e+00	0.00e+00	0.00e+00	0.00e+00	0.00e+00
 1.87385e+17	8.92e-04	5.15e-01	4.84e-01	1.45e-04	2.49e-05	1.43e-06	0.00e+00	0.00e+00	0.00e+00	0.00e+00	0.00e+00	0.00e+00	0.00e+00	0.00e+00	0.00e+00	0.00e+00	0.00e+00
 1.90251e+17	9.01e-04	5.18e-01	4.81e-01	1.41e-04	2.42e-05	1.39e-06	0.00e+00	0.00e+00	0.00e+00	0.00e+00	0.00e+00	0.00e+00	0.00e+00	0.00e+00	0.00e+00	0.00e+00	0.00e+00
 1.92973e+17	8.92e-04	5.17e-01	4.82e-01	1.37e-04	2.36e-05	1.37e-06	0.00e+00	0.00e+00	0.00e+00	0.00e+00	0.00e+00	0.00e+00	0.00e+00	0.00e+00	0.00e+00	0.00e+00	0.00e+00
 1.95601e+17	8.96e-04	5.19e-01	4.80e-01	1.34e-04	2.30e-05	1.33e-06	0.00e+00	0.00e+00	0.00e+00	0.00e+00	0.00e+00	0.00e+00	0.00e+00	0.00e+00	0.00e+00	0.00e+00	0.00e+00
 1.98152e+17	9.01e-04	5.22e-01	4.77e-01	1.31e-04	2.25e-05	1.31e-06	0.00e+00	0.00e+00	0.00e+00	0.00e+00	0.00e+00	0.00e+00	0.00e+00	0.00e+00	0.00e+00	0.00e+00	0.00e+00
 2.00868e+17	9.06e-04	5.24e-01	4.75e-01	1.27e-04	2.18e-05	1.27e-06	0.00e+00	0.00e+00	0.00e+00	0.00e+00	0.00e+00	0.00e+00	0.00e+00	0.00e+00	0.00e+00	0.00e+00	0.00e+00
 2.03510e+17	9.11e-04	5.26e-01	4.73e-01	1.24e-04	2.11e-05	1.24e-06	0.00e+00	0.00e+00	0.00e+00	0.00e+00	0.00e+00	0.00e+00	0.00e+00	0.00e+00	0.00e+00	0.00e+00	0.00e+00
 2.05775e+17	9.11e-04	5.27e-01	4.72e-01	1.21e-04	2.06e-05	1.21e-06	0.00e+00	0.00e+00	0.00e+00	0.00e+00	0.00e+00	0.00e+00	0.00e+00	0.00e+00	0.00e+00	0.00e+00	0.00e+00
 2.07884e+17	9.13e-04	5.29e-01	4.70e-01	1.19e-04	2.02e-05	1.19e-06	0.00e+00	0.00e+00	0.00e+00	0.00e+00	0.00e+00	0.00e+00	0.00e+00	0.00e+00	0.00e+00	0.00e+00	0.00e+00
 2.10105e+17	9.27e-04	5.32e-01	4.67e-01	1.15e-04	1.95e-05	1.15e-06	0.00e+00	0.00e+00	0.00e+00	0.00e+00	0.00e+00	0.00e+00	0.00e+00	0.00e+00	0.00e+00	0.00e+00	0.00e+00
 2.12275e+17	9.30e-04	5.34e-01	4.65e-01	1.13e-04	1.90e-05	1.13e-06	0.00e+00	0.00e+00	0.00e+00	0.00e+00	0.00e+00	0.00e+00	0.00e+00	0.00e+00	0.00e+00	0.00e+00	0.00e+00
 2.14123e+17	9.36e-04	5.36e-01	4.63e-01	1.10e-04	1.86e-05	1.10e-06	0.00e+00	0.00e+00	0.00e+00	0.00e+00	0.00e+00	0.00e+00	0.00e+00	0.00e+00	0.00e+00	0.00e+00	0.00e+00
 2.15888e+17	9.42e-04	5.38e-01	4.61e-01	1.08e-04	1.82e-05	1.08e-06	0.00e+00	0.00e+00	0.00e+00	0.00e+00	0.00e+00	0.00e+00	0.00e+00	0.00e+00	0.00e+00	0.00e+00	0.00e+00
 2.17892e+17	9.53e-04	5.41e-01	4.58e-01	1.05e-04	1.76e-05	1.05e-06	0.00e+00	0.00e+00	0.00e+00	0.00e+00	0.00e+00	0.00e+00	0.00e+00	0.00e+00	0.00e+00	0.00e+00	0.00e+00
 2.19839e+17	9.58e-04	5.43e-01	4.56e-01	1.03e-04	1.71e-05	1.03e-06	0.00e+00	0.00e+00	0.00e+00	0.00e+00	0.00e+00	0.00e+00	0.00e+00	0.00e+00	0.00e+00	0.00e+00	0.00e+00
 2.21378e+17	9.64e-04	5.45e-01	4.54e-01	1.01e-04	1.68e-05	1.01e-06	0.00e+00	0.00e+00	0.00e+00	0.00e+00	0.00e+00	0.00e+00	0.00e+00	0.00e+00	0.00e+00	0.00e+00	0.00e+00
 2.22989e+17	9.74e-04	5.47e-01	4.52e-01	9.86e-05	1.63e-05	9.82e-07	0.00e+00	0.00e+00	0.00e+00	0.00e+00	0.00e+00	0.00e+00	0.00e+00	0.00e+00	0.00e+00	0.00e+00	0.00e+00
 2.24654e+17	9.83e-04	5.50e-01	4.49e-01	9.62e-05	1.58e-05	0.00e+00	0.00e+00	0.00e+00	0.00e+00	0.00e+00	0.00e+00	0.00e+00	0.00e+00	0.00e+00	0.00e+00	0.00e+00	0.00e+00
 2.26029e+17	9.88e-04	5.51e-01	4.48e-01	9.48e-05	1.56e-05	0.00e+00	0.00e+00	0.00e+00	0.00e+00	0.00e+00	0.00e+00	0.00e+00	0.00e+00	0.00e+00	0.00e+00	0.00e+00	0.00e+00
 2.27415e+17	1.00e-03	5.54e-01	4.45e-01	9.25e-05	1.51e-05	0.00e+00	0.00e+00	0.00e+00	0.00e+00	0.00e+00	0.00e+00	0.00e+00	0.00e+00	0.00e+00	0.00e+00	0.00e+00	0.00e+00
 2.28822e+17	1.01e-03	5.56e-01	4.42e-01	9.03e-05	1.47e-05	0.00e+00	0.00e+00	0.00e+00	0.00e+00	0.00e+00	0.00e+00	0.00e+00	0.00e+00	0.00e+00	0.00e+00	0.00e+00	0.00e+00
 2.29997e+17	1.01e-03	5.58e-01	4.41e-01	8.90e-05	1.44e-05	0.00e+00	0.00e+00	0.00e+00	0.00e+00	0.00e+00	0.00e+00	0.00e+00	0.00e+00	0.00e+00	0.00e+00	0.00e+00	0.00e+00
 2.31202e+17	1.02e-03	5.59e-01	4.39e-01	8.77e-05	1.42e-05	0.00e+00	0.00e+00	0.00e+00	0.00e+00	0.00e+00	0.00e+00	0.00e+00	0.00e+00	0.00e+00	0.00e+00	0.00e+00	0.00e+00
 2.32734e+17	1.03e-03	5.62e-01	4.37e-01	8.50e-05	1.37e-05	0.00e+00	0.00e+00	0.00e+00	0.00e+00	0.00e+00	0.00e+00	0.00e+00	0.00e+00	0.00e+00	0.00e+00	0.00e+00	0.00e+00
 2.34122e+17	1.05e-03	5.66e-01	4.33e-01	8.27e-05	1.32e-05	0.00e+00	0.00e+00	0.00e+00	0.00e+00	0.00e+00	0.00e+00	0.00e+00	0.00e+00	0.00e+00	0.00e+00	0.00e+00	0.00e+00
 2.35002e+17	1.05e-03	5.67e-01	4.31e-01	8.17e-05	1.30e-05	0.00e+00	0.00e+00	0.00e+00	0.00e+00	0.00e+00	0.00e+00	0.00e+00	0.00e+00	0.00e+00	0.00e+00	0.00e+00	0.00e+00
 2.35814e+17	1.06e-03	5.69e-01	4.30e-01	8.07e-05	1.28e-05	0.00e+00	0.00e+00	0.00e+00	0.00e+00	0.00e+00	0.00e+00	0.00e+00	0.00e+00	0.00e+00	0.00e+00	0.00e+00	0.00e+00
 2.36868e+17	1.06e-03	5.70e-01	4.29e-01	7.95e-05	1.26e-05	0.00e+00	0.00e+00	0.00e+00	0.00e+00	0.00e+00	0.00e+00	0.00e+00	0.00e+00	0.00e+00	0.00e+00	0.00e+00	0.00e+00
 2.38240e+17	1.07e-03	5.71e-01	4.27e-01	7.83e-05	1.24e-05	0.00e+00	0.00e+00	0.00e+00	0.00e+00	0.00e+00	0.00e+00	0.00e+00	0.00e+00	0.00e+00	0.00e+00	0.00e+00	0.00e+00
 2.39870e+17	1.08e-03	5.75e-01	4.24e-01	7.56e-05	1.19e-05	0.00e+00	0.00e+00	0.00e+00	0.00e+00	0.00e+00	0.00e+00	0.00e+00	0.00e+00	0.00e+00	0.00e+00	0.00e+00	0.00e+00
 2.41195e+17	1.09e-03	5.77e-01	4.21e-01	7.35e-05	1.14e-05	0.00e+00	0.00e+00	0.00e+00	0.00e+00	0.00e+00	0.00e+00	0.00e+00	0.00e+00	0.00e+00	0.00e+00	0.00e+00	0.00e+00
 2.41953e+17	1.11e-03	5.80e-01	4.18e-01	7.28e-05	1.13e-05	0.00e+00	0.00e+00	0.00e+00	0.00e+00	0.00e+00	0.00e+00	0.00e+00	0.00e+00	0.00e+00	0.00e+00	0.00e+00	0.00e+00
 2.42617e+17	1.12e-03	5.82e-01	4.17e-01	7.19e-05	1.11e-05	0.00e+00	0.00e+00	0.00e+00	0.00e+00	0.00e+00	0.00e+00	0.00e+00	0.00e+00	0.00e+00	0.00e+00	0.00e+00	0.00e+00
 2.43479e+17	1.13e-03	5.85e-01	4.14e-01	7.01e-05	1.08e-05	0.00e+00	0.00e+00	0.00e+00	0.00e+00	0.00e+00	0.00e+00	0.00e+00	0.00e+00	0.00e+00	0.00e+00	0.00e+00	0.00e+00
 2.44314e+17	1.14e-03	5.87e-01	4.12e-01	6.84e-05	1.04e-05	0.00e+00	0.00e+00	0.00e+00	0.00e+00	0.00e+00	0.00e+00	0.00e+00	0.00e+00	0.00e+00	0.00e+00	0.00e+00	0.00e+00
 2.44905e+17	1.16e-03	5.89e-01	4.09e-01	6.78e-05	1.03e-05	0.00e+00	0.00e+00	0.00e+00	0.00e+00	0.00e+00	0.00e+00	0.00e+00	0.00e+00	0.00e+00	0.00e+00	0.00e+00	0.00e+00
 2.45467e+17	1.17e-03	5.91e-01	4.08e-01	6.69e-05	1.01e-05	0.00e+00	0.00e+00	0.00e+00	0.00e+00	0.00e+00	0.00e+00	0.00e+00	0.00e+00	0.00e+00	0.00e+00	0.00e+00	0.00e+00
 2.46196e+17	1.18e-03	5.94e-01	4.05e-01	6.52e-05	9.81e-06	0.00e+00	0.00e+00	0.00e+00	0.00e+00	0.00e+00	0.00e+00	0.00e+00	0.00e+00	0.00e+00	0.00e+00	0.00e+00	0.00e+00
 2.46886e+17	1.20e-03	5.97e-01	4.01e-01	6.37e-05	9.50e-06	0.00e+00	0.00e+00	0.00e+00	0.00e+00	0.00e+00	0.00e+00	0.00e+00	0.00e+00	0.00e+00	0.00e+00	0.00e+00	0.00e+00
 2.47355e+17	1.20e-03	5.97e-01	4.01e-01	6.31e-05	9.41e-06	0.00e+00	0.00e+00	0.00e+00	0.00e+00	0.00e+00	0.00e+00	0.00e+00	0.00e+00	0.00e+00	0.00e+00	0.00e+00	0.00e+00
 2.47799e+17	1.22e-03	6.00e-01	3.99e-01	6.25e-05	9.27e-06	0.00e+00	0.00e+00	0.00e+00	0.00e+00	0.00e+00	0.00e+00	0.00e+00	0.00e+00	0.00e+00	0.00e+00	0.00e+00	0.00e+00
 2.48375e+17	1.24e-03	6.04e-01	3.95e-01	6.09e-05	8.96e-06	0.00e+00	0.00e+00	0.00e+00	0.00e+00	0.00e+00	0.00e+00	0.00e+00	0.00e+00	0.00e+00	0.00e+00	0.00e+00	0.00e+00
 2.48911e+17	1.25e-03	6.05e-01	3.94e-01	5.95e-05	8.70e-06	0.00e+00	0.00e+00	0.00e+00	0.00e+00	0.00e+00	0.00e+00	0.00e+00	0.00e+00	0.00e+00	0.00e+00	0.00e+00	0.00e+00
 2.49248e+17	1.27e-03	6.08e-01	3.91e-01	5.90e-05	8.58e-06	0.00e+00	0.00e+00	0.00e+00	0.00e+00	0.00e+00	0.00e+00	0.00e+00	0.00e+00	0.00e+00	0.00e+00	0.00e+00	0.00e+00
 2.49515e+17	1.28e-03	6.09e-01	3.89e-01	5.85e-05	8.48e-06	0.00e+00	0.00e+00	0.00e+00	0.00e+00	0.00e+00	0.00e+00	0.00e+00	0.00e+00	0.00e+00	0.00e+00	0.00e+00	0.00e+00
 2.49831e+17	1.29e-03	6.11e-01	3.88e-01	5.80e-05	8.38e-06	0.00e+00	0.00e+00	0.00e+00	0.00e+00	0.00e+00	0.00e+00	0.00e+00	0.00e+00	0.00e+00	0.00e+00	0.00e+00	0.00e+00
 2.50150e+17	1.29e-03	6.11e-01	3.88e-01	5.74e-05	8.28e-06	0.00e+00	0.00e+00	0.00e+00	0.00e+00	0.00e+00	0.00e+00	0.00e+00	0.00e+00	0.00e+00	0.00e+00	0.00e+00	0.00e+00
 2.50384e+17	1.30e-03	6.13e-01	3.85e-01	5.68e-05	8.16e-06	0.00e+00	0.00e+00	0.00e+00	0.00e+00	0.00e+00	0.00e+00	0.00e+00	0.00e+00	0.00e+00	0.00e+00	0.00e+00	0.00e+00
 2.50556e+17	1.31e-03	6.15e-01	3.83e-01	5.64e-05	8.07e-06	0.00e+00	0.00e+00	0.00e+00	0.00e+00	0.00e+00	0.00e+00	0.00e+00	0.00e+00	0.00e+00	0.00e+00	0.00e+00	0.00e+00
 2.50736e+17	1.32e-03	6.16e-01	3.82e-01	5.60e-05	7.99e-06	0.00e+00	0.00e+00	0.00e+00	0.00e+00	0.00e+00	0.00e+00	0.00e+00	0.00e+00	0.00e+00	0.00e+00	0.00e+00	0.00e+00
 2.50962e+17	1.32e-03	6.17e-01	3.82e-01	5.56e-05	7.92e-06	0.00e+00	0.00e+00	0.00e+00	0.00e+00	0.00e+00	0.00e+00	0.00e+00	0.00e+00	0.00e+00	0.00e+00	0.00e+00	0.00e+00
 2.51200e+17	1.34e-03	6.19e-01	3.80e-01	5.51e-05	7.81e-06	0.00e+00	0.00e+00	0.00e+00	0.00e+00	0.00e+00	0.00e+00	0.00e+00	0.00e+00	0.00e+00	0.00e+00	0.00e+00	0.00e+00
 2.51398e+17	1.34e-03	6.19e-01	3.80e-01	5.46e-05	7.74e-06	0.00e+00	0.00e+00	0.00e+00	0.00e+00	0.00e+00	0.00e+00	0.00e+00	0.00e+00	0.00e+00	0.00e+00	0.00e+00	0.00e+00
 2.51562e+17	1.36e-03	6.22e-01	3.76e-01	5.42e-05	7.62e-06	0.00e+00	0.00e+00	0.00e+00	0.00e+00	0.00e+00	0.00e+00	0.00e+00	0.00e+00	0.00e+00	0.00e+00	0.00e+00	0.00e+00
 2.51722e+17	1.37e-03	6.23e-01	3.75e-01	5.38e-05	7.54e-06	0.00e+00	0.00e+00	0.00e+00	0.00e+00	0.00e+00	0.00e+00	0.00e+00	0.00e+00	0.00e+00	0.00e+00	0.00e+00	0.00e+00
 2.51899e+17	1.37e-03	6.23e-01	3.75e-01	5.34e-05	7.49e-06	0.00e+00	0.00e+00	0.00e+00	0.00e+00	0.00e+00	0.00e+00	0.00e+00	0.00e+00	0.00e+00	0.00e+00	0.00e+00	0.00e+00
 2.52087e+17	1.39e-03	6.25e-01	3.73e-01	5.29e-05	7.39e-06	0.00e+00	0.00e+00	0.00e+00	0.00e+00	0.00e+00	0.00e+00	0.00e+00	0.00e+00	0.00e+00	0.00e+00	0.00e+00	0.00e+00
 2.52271e+17	1.38e-03	6.25e-01	3.73e-01	5.25e-05	7.33e-06	0.00e+00	0.00e+00	0.00e+00	0.00e+00	0.00e+00	0.00e+00	0.00e+00	0.00e+00	0.00e+00	0.00e+00	0.00e+00	0.00e+00
 2.52445e+17	1.40e-03	6.28e-01	3.71e-01	5.21e-05	7.22e-06	0.00e+00	0.00e+00	0.00e+00	0.00e+00	0.00e+00	0.00e+00	0.00e+00	0.00e+00	0.00e+00	0.00e+00	0.00e+00	0.00e+00
 2.52613e+17	1.41e-03	6.28e-01	3.70e-01	5.16e-05	7.15e-06	0.00e+00	0.00e+00	0.00e+00	0.00e+00	0.00e+00	0.00e+00	0.00e+00	0.00e+00	0.00e+00	0.00e+00	0.00e+00	0.00e+00
 2.52775e+17	1.42e-03	6.31e-01	3.68e-01	5.12e-05	7.05e-06	0.00e+00	0.00e+00	0.00e+00	0.00e+00	0.00e+00	0.00e+00	0.00e+00	0.00e+00	0.00e+00	0.00e+00	0.00e+00	0.00e+00
 2.52935e+17	1.43e-03	6.31e-01	3.67e-01	5.08e-05	6.98e-06	0.00e+00	0.00e+00	0.00e+00	0.00e+00	0.00e+00	0.00e+00	0.00e+00	0.00e+00	0.00e+00	0.00e+00	0.00e+00	0.00e+00
 2.53099e+17	1.45e-03	6.34e-01	3.65e-01	5.03e-05	6.89e-06	0.00e+00	0.00e+00	0.00e+00	0.00e+00	0.00e+00	0.00e+00	0.00e+00	0.00e+00	0.00e+00	0.00e+00	0.00e+00	0.00e+00
 2.53266e+17	1.45e-03	6.34e-01	3.65e-01	4.99e-05	6.82e-06	0.00e+00	0.00e+00	0.00e+00	0.00e+00	0.00e+00	0.00e+00	0.00e+00	0.00e+00	0.00e+00	0.00e+00	0.00e+00	0.00e+00
 2.53435e+17	1.47e-03	6.36e-01	3.62e-01	4.95e-05	6.72e-06	0.00e+00	0.00e+00	0.00e+00	0.00e+00	0.00e+00	0.00e+00	0.00e+00	0.00e+00	0.00e+00	0.00e+00	0.00e+00	0.00e+00
 2.53603e+17	1.47e-03	6.37e-01	3.62e-01	4.90e-05	6.65e-06	0.00e+00	0.00e+00	0.00e+00	0.00e+00	0.00e+00	0.00e+00	0.00e+00	0.00e+00	0.00e+00	0.00e+00	0.00e+00	0.00e+00
 2.53771e+17	1.49e-03	6.39e-01	3.59e-01	4.86e-05	6.56e-06	0.00e+00	0.00e+00	0.00e+00	0.00e+00	0.00e+00	0.00e+00	0.00e+00	0.00e+00	0.00e+00	0.00e+00	0.00e+00	0.00e+00
 2.53941e+17	1.49e-03	6.40e-01	3.59e-01	4.82e-05	6.49e-06	0.00e+00	0.00e+00	0.00e+00	0.00e+00	0.00e+00	0.00e+00	0.00e+00	0.00e+00	0.00e+00	0.00e+00	0.00e+00	0.00e+00
 2.54114e+17	1.51e-03	6.42e-01	3.56e-01	4.77e-05	6.39e-06	0.00e+00	0.00e+00	0.00e+00	0.00e+00	0.00e+00	0.00e+00	0.00e+00	0.00e+00	0.00e+00	0.00e+00	0.00e+00	0.00e+00
 2.54287e+17	1.51e-03	6.43e-01	3.56e-01	4.73e-05	6.32e-06	0.00e+00	0.00e+00	0.00e+00	0.00e+00	0.00e+00	0.00e+00	0.00e+00	0.00e+00	0.00e+00	0.00e+00	0.00e+00	0.00e+00
 2.54461e+17	1.53e-03	6.45e-01	3.54e-01	4.69e-05	6.24e-06	0.00e+00	0.00e+00	0.00e+00	0.00e+00	0.00e+00	0.00e+00	0.00e+00	0.00e+00	0.00e+00	0.00e+00	0.00e+00	0.00e+00
 2.54629e+17	1.55e-03	6.47e-01	3.51e-01	4.64e-05	6.14e-06	0.00e+00	0.00e+00	0.00e+00	0.00e+00	0.00e+00	0.00e+00	0.00e+00	0.00e+00	0.00e+00	0.00e+00	0.00e+00	0.00e+00
 2.54811e+17	1.55e-03	6.48e-01	3.51e-01	4.60e-05	6.07e-06	0.00e+00	0.00e+00	0.00e+00	0.00e+00	0.00e+00	0.00e+00	0.00e+00	0.00e+00	0.00e+00	0.00e+00	0.00e+00	0.00e+00
 2.55002e+17	1.57e-03	6.50e-01	3.48e-01	4.55e-05	5.97e-06	0.00e+00	0.00e+00	0.00e+00	0.00e+00	0.00e+00	0.00e+00	0.00e+00	0.00e+00	0.00e+00	0.00e+00	0.00e+00	0.00e+00
 2.55181e+17	1.58e-03	6.52e-01	3.47e-01	4.50e-05	5.89e-06	0.00e+00	0.00e+00	0.00e+00	0.00e+00	0.00e+00	0.00e+00	0.00e+00	0.00e+00	0.00e+00	0.00e+00	0.00e+00	0.00e+00
 2.55353e+17	1.60e-03	6.53e-01	3.45e-01	4.46e-05	5.81e-06	0.00e+00	0.00e+00	0.00e+00	0.00e+00	0.00e+00	0.00e+00	0.00e+00	0.00e+00	0.00e+00	0.00e+00	0.00e+00	0.00e+00
 2.55531e+17	1.62e-03	6.56e-01	3.43e-01	4.42e-05	5.72e-06	0.00e+00	0.00e+00	0.00e+00	0.00e+00	0.00e+00	0.00e+00	0.00e+00	0.00e+00	0.00e+00	0.00e+00	0.00e+00	0.00e+00
 2.55730e+17	1.63e-03	6.58e-01	3.40e-01	4.37e-05	5.62e-06	0.00e+00	0.00e+00	0.00e+00	0.00e+00	0.00e+00	0.00e+00	0.00e+00	0.00e+00	0.00e+00	0.00e+00	0.00e+00	0.00e+00
 2.55938e+17	1.65e-03	6.60e-01	3.38e-01	4.31e-05	5.52e-06	0.00e+00	0.00e+00	0.00e+00	0.00e+00	0.00e+00	0.00e+00	0.00e+00	0.00e+00	0.00e+00	0.00e+00	0.00e+00	0.00e+00
 2.56124e+17	1.66e-03	6.61e-01	3.37e-01	4.26e-05	5.44e-06	0.00e+00	0.00e+00	0.00e+00	0.00e+00	0.00e+00	0.00e+00	0.00e+00	0.00e+00	0.00e+00	0.00e+00	0.00e+00	0.00e+00
 2.56294e+17	1.68e-03	6.63e-01	3.35e-01	4.22e-05	5.36e-06	0.00e+00	0.00e+00	0.00e+00	0.00e+00	0.00e+00	0.00e+00	0.00e+00	0.00e+00	0.00e+00	0.00e+00	0.00e+00	0.00e+00
 2.56479e+17	1.70e-03	6.66e-01	3.32e-01	4.17e-05	5.26e-06	0.00e+00	0.00e+00	0.00e+00	0.00e+00	0.00e+00	0.00e+00	0.00e+00	0.00e+00	0.00e+00	0.00e+00	0.00e+00	0.00e+00
 2.56700e+17	1.71e-03	6.68e-01	3.31e-01	4.12e-05	5.17e-06	0.00e+00	0.00e+00	0.00e+00	0.00e+00	0.00e+00	0.00e+00	0.00e+00	0.00e+00	0.00e+00	0.00e+00	0.00e+00	0.00e+00
 2.56935e+17	1.75e-03	6.72e-01	3.26e-01	4.02e-05	4.99e-06	0.00e+00	0.00e+00	0.00e+00	0.00e+00	0.00e+00	0.00e+00	0.00e+00	0.00e+00	0.00e+00	0.00e+00	0.00e+00	0.00e+00
 2.57117e+17	1.76e-03	6.73e-01	3.25e-01	3.98e-05	4.93e-06	0.00e+00	0.00e+00	0.00e+00	0.00e+00	0.00e+00	0.00e+00	0.00e+00	0.00e+00	0.00e+00	0.00e+00	0.00e+00	0.00e+00
 2.57274e+17	1.79e-03	6.76e-01	3.22e-01	3.94e-05	4.84e-06	0.00e+00	0.00e+00	0.00e+00	0.00e+00	0.00e+00	0.00e+00	0.00e+00	0.00e+00	0.00e+00	0.00e+00	0.00e+00	0.00e+00
 2.57478e+17	1.80e-03	6.78e-01	3.20e-01	3.90e-05	4.76e-06	0.00e+00	0.00e+00	0.00e+00	0.00e+00	0.00e+00	0.00e+00	0.00e+00	0.00e+00	0.00e+00	0.00e+00	0.00e+00	0.00e+00
 2.57733e+17	1.84e-03	6.82e-01	3.16e-01	3.80e-05	4.59e-06	0.00e+00	0.00e+00	0.00e+00	0.00e+00	0.00e+00	0.00e+00	0.00e+00	0.00e+00	0.00e+00	0.00e+00	0.00e+00	0.00e+00
 2.57959e+17	1.93e-03	6.92e-01	3.06e-01	3.58e-05	4.21e-06	0.00e+00	0.00e+00	0.00e+00	0.00e+00	0.00e+00	0.00e+00	0.00e+00	0.00e+00	0.00e+00	0.00e+00	0.00e+00	0.00e+00
 2.58122e+17	1.95e-03	6.94e-01	3.04e-01	3.54e-05	4.14e-06	0.00e+00	0.00e+00	0.00e+00	0.00e+00	0.00e+00	0.00e+00	0.00e+00	0.00e+00	0.00e+00	0.00e+00	0.00e+00	0.00e+00
 2.58301e+17	1.97e-03	6.95e-01	3.03e-01	3.51e-05	4.08e-06	0.00e+00	0.00e+00	0.00e+00	0.00e+00	0.00e+00	0.00e+00	0.00e+00	0.00e+00	0.00e+00	0.00e+00	0.00e+00	0.00e+00
 2.58533e+17	2.02e-03	7.01e-01	2.97e-01	3.40e-05	3.91e-06	0.00e+00	0.00e+00	0.00e+00	0.00e+00	0.00e+00	0.00e+00	0.00e+00	0.00e+00	0.00e+00	0.00e+00	0.00e+00	0.00e+00
 2.58783e+17	2.16e-03	7.15e-01	2.83e-01	3.09e-05	3.40e-06	0.00e+00	0.00e+00	0.00e+00	0.00e+00	0.00e+00	0.00e+00	0.00e+00	0.00e+00	0.00e+00	0.00e+00	0.00e+00	0.00e+00
 2.59012e+17	2.73e-03	7.60e-01	2.37e-01	2.17e-05	2.08e-06	0.00e+00	0.00e+00	0.00e+00	0.00e+00	0.00e+00	0.00e+00	0.00e+00	0.00e+00	0.00e+00	0.00e+00	0.00e+00	0.00e+00
 2.59219e+17	2.87e-03	7.70e-01	2.27e-01	2.01e-05	1.87e-06	0.00e+00	0.00e+00	0.00e+00	0.00e+00	0.00e+00	0.00e+00	0.00e+00	0.00e+00	0.00e+00	0.00e+00	0.00e+00	0.00e+00
 2.59408e+17	2.99e-03	7.78e-01	2.19e-01	1.89e-05	1.72e-06	0.00e+00	0.00e+00	0.00e+00	0.00e+00	0.00e+00	0.00e+00	0.00e+00	0.00e+00	0.00e+00	0.00e+00	0.00e+00	0.00e+00
 2.59580e+17	3.04e-03	7.81e-01	2.16e-01	1.86e-05	1.68e-06	0.00e+00	0.00e+00	0.00e+00	0.00e+00	0.00e+00	0.00e+00	0.00e+00	0.00e+00	0.00e+00	0.00e+00	0.00e+00	0.00e+00
 2.59768e+17	3.09e-03	7.84e-01	2.13e-01	1.81e-05	1.61e-06	0.00e+00	0.00e+00	0.00e+00	0.00e+00	0.00e+00	0.00e+00	0.00e+00	0.00e+00	0.00e+00	0.00e+00	0.00e+00	0.00e+00
 2.59984e+17	3.20e-03	7.91e-01	2.06e-01	1.73e-05	1.51e-06	0.00e+00	0.00e+00	0.00e+00	0.00e+00	0.00e+00	0.00e+00	0.00e+00	0.00e+00	0.00e+00	0.00e+00	0.00e+00	0.00e+00
 2.60192e+17	3.25e-03	7.95e-01	2.02e-01	1.68e-05	1.45e-06	0.00e+00	0.00e+00	0.00e+00	0.00e+00	0.00e+00	0.00e+00	0.00e+00	0.00e+00	0.00e+00	0.00e+00	0.00e+00	0.00e+00
 2.60381e+17	3.30e-03	7.98e-01	1.99e-01	1.66e-05	1.41e-06	0.00e+00	0.00e+00	0.00e+00	0.00e+00	0.00e+00	0.00e+00	0.00e+00	0.00e+00	0.00e+00	0.00e+00	0.00e+00	0.00e+00
 2.60587e+17	3.33e-03	8.00e-01	1.96e-01	1.64e-05	1.39e-06	0.00e+00	0.00e+00	0.00e+00	0.00e+00	0.00e+00	0.00e+00	0.00e+00	0.00e+00	0.00e+00	0.00e+00	0.00e+00	0.00e+00
 2.60855e+17	3.41e-03	8.05e-01	1.91e-01	1.59e-05	1.33e-06	0.00e+00	0.00e+00	0.00e+00	0.00e+00	0.00e+00	0.00e+00	0.00e+00	0.00e+00	0.00e+00	0.00e+00	0.00e+00	0.00e+00
 2.61145e+17	3.48e-03	8.10e-01	1.87e-01	1.55e-05	1.27e-06	0.00e+00	0.00e+00	0.00e+00	0.00e+00	0.00e+00	0.00e+00	0.00e+00	0.00e+00	0.00e+00	0.00e+00	0.00e+00	0.00e+00
 2.61387e+17	3.53e-03	8.13e-01	1.83e-01	1.53e-05	1.25e-06	0.00e+00	0.00e+00	0.00e+00	0.00e+00	0.00e+00	0.00e+00	0.00e+00	0.00e+00	0.00e+00	0.00e+00	0.00e+00	0.00e+00
 2.61627e+17	3.56e-03	8.16e-01	1.81e-01	1.52e-05	1.23e-06	0.00e+00	0.00e+00	0.00e+00	0.00e+00	0.00e+00	0.00e+00	0.00e+00	0.00e+00	0.00e+00	0.00e+00	0.00e+00	0.00e+00
 2.61939e+17	3.59e-03	8.18e-01	1.78e-01	1.51e-05	1.20e-06	0.00e+00	0.00e+00	0.00e+00	0.00e+00	0.00e+00	0.00e+00	0.00e+00	0.00e+00	0.00e+00	0.00e+00	0.00e+00	0.00e+00
 2.62313e+17	3.66e-03	8.23e-01	1.73e-01	1.48e-05	1.17e-06	0.00e+00	0.00e+00	0.00e+00	0.00e+00	0.00e+00	0.00e+00	0.00e+00	0.00e+00	0.00e+00	0.00e+00	0.00e+00	0.00e+00
 2.62699e+17	3.71e-03	8.27e-01	1.69e-01	1.47e-05	1.14e-06	0.00e+00	0.00e+00	0.00e+00	0.00e+00	0.00e+00	0.00e+00	0.00e+00	0.00e+00	0.00e+00	0.00e+00	0.00e+00	0.00e+00
 2.63048e+17	3.74e-03	8.31e-01	1.66e-01	1.47e-05	1.13e-06	0.00e+00	0.00e+00	0.00e+00	0.00e+00	0.00e+00	0.00e+00	0.00e+00	0.00e+00	0.00e+00	0.00e+00	0.00e+00	0.00e+00
 2.63387e+17	3.77e-03	8.33e-01	1.63e-01	1.48e-05	1.13e-06	0.00e+00	0.00e+00	0.00e+00	0.00e+00	0.00e+00	0.00e+00	0.00e+00	0.00e+00	0.00e+00	0.00e+00	0.00e+00	0.00e+00
 2.63798e+17	3.79e-03	8.36e-01	1.60e-01	1.48e-05	1.12e-06	0.00e+00	0.00e+00	0.00e+00	0.00e+00	0.00e+00	0.00e+00	0.00e+00	0.00e+00	0.00e+00	0.00e+00	0.00e+00	0.00e+00
 2.64331e+17	3.83e-03	8.41e-01	1.55e-01	1.48e-05	1.11e-06	0.00e+00	0.00e+00	0.00e+00	0.00e+00	0.00e+00	0.00e+00	0.00e+00	0.00e+00	0.00e+00	0.00e+00	0.00e+00	0.00e+00
 2.64931e+17	3.86e-03	8.45e-01	1.51e-01	1.51e-05	1.11e-06	0.00e+00	0.00e+00	0.00e+00	0.00e+00	0.00e+00	0.00e+00	0.00e+00	0.00e+00	0.00e+00	0.00e+00	0.00e+00	0.00e+00
 2.65555e+17	3.83e-03	8.47e-01	1.49e-01	1.57e-05	1.15e-06	0.00e+00	0.00e+00	0.00e+00	0.00e+00	0.00e+00	0.00e+00	0.00e+00	0.00e+00	0.00e+00	0.00e+00	0.00e+00	0.00e+00
 2.66162e+17	3.75e-03	8.46e-01	1.51e-01	1.67e-05	1.24e-06	0.00e+00	0.00e+00	0.00e+00	0.00e+00	0.00e+00	0.00e+00	0.00e+00	0.00e+00	0.00e+00	0.00e+00	0.00e+00	0.00e+00
 2.66616e+17	3.64e-03	8.42e-01	1.54e-01	1.80e-05	1.36e-06	0.00e+00	0.00e+00	0.00e+00	0.00e+00	0.00e+00	0.00e+00	0.00e+00	0.00e+00	0.00e+00	0.00e+00	0.00e+00	0.00e+00
 2.66876e+17	3.47e-03	8.33e-01	1.63e-01	1.98e-05	1.55e-06	0.00e+00	0.00e+00	0.00e+00	0.00e+00	0.00e+00	0.00e+00	0.00e+00	0.00e+00	0.00e+00	0.00e+00	0.00e+00	0.00e+00
 2.67009e+17	3.34e-03	8.26e-01	1.71e-01	2.12e-05	1.71e-06	0.00e+00	0.00e+00	0.00e+00	0.00e+00	0.00e+00	0.00e+00	0.00e+00	0.00e+00	0.00e+00	0.00e+00	0.00e+00	0.00e+00
 2.67080e+17	3.26e-03	8.20e-01	1.77e-01	2.23e-05	1.83e-06	0.00e+00	0.00e+00	0.00e+00	0.00e+00	0.00e+00	0.00e+00	0.00e+00	0.00e+00	0.00e+00	0.00e+00	0.00e+00	0.00e+00
 2.67130e+17	3.21e-03	8.17e-01	1.80e-01	2.29e-05	1.90e-06	0.00e+00	0.00e+00	0.00e+00	0.00e+00	0.00e+00	0.00e+00	0.00e+00	0.00e+00	0.00e+00	0.00e+00	0.00e+00	0.00e+00
 2.67183e+17	3.17e-03	8.14e-01	1.83e-01	2.34e-05	1.97e-06	0.00e+00	0.00e+00	0.00e+00	0.00e+00	0.00e+00	0.00e+00	0.00e+00	0.00e+00	0.00e+00	0.00e+00	0.00e+00	0.00e+00
 2.67252e+17	3.15e-03	8.13e-01	1.84e-01	2.37e-05	2.00e-06	0.00e+00	0.00e+00	0.00e+00	0.00e+00	0.00e+00	0.00e+00	0.00e+00	0.00e+00	0.00e+00	0.00e+00	0.00e+00	0.00e+00
 2.67342e+17	3.14e-03	8.12e-01	1.85e-01	2.39e-05	2.02e-06	0.00e+00	0.00e+00	0.00e+00	0.00e+00	0.00e+00	0.00e+00	0.00e+00	0.00e+00	0.00e+00	0.00e+00	0.00e+00	0.00e+00
 2.67459e+17	3.13e-03	8.12e-01	1.85e-01	2.39e-05	2.03e-06	0.00e+00	0.00e+00	0.00e+00	0.00e+00	0.00e+00	0.00e+00	0.00e+00	0.00e+00	0.00e+00	0.00e+00	0.00e+00	0.00e+00
 2.67611e+17	3.13e-03	8.13e-01	1.84e-01	2.40e-05	2.03e-06	0.00e+00	0.00e+00	0.00e+00	0.00e+00	0.00e+00	0.00e+00	0.00e+00	0.00e+00	0.00e+00	0.00e+00	0.00e+00	0.00e+00
 2.67809e+17	3.14e-03	8.14e-01	1.83e-01	2.40e-05	2.02e-06	0.00e+00	0.00e+00	0.00e+00	0.00e+00	0.00e+00	0.00e+00	0.00e+00	0.00e+00	0.00e+00	0.00e+00	0.00e+00	0.00e+00
 2.68065e+17	3.15e-03	8.16e-01	1.81e-01	2.39e-05	2.00e-06	0.00e+00	0.00e+00	0.00e+00	0.00e+00	0.00e+00	0.00e+00	0.00e+00	0.00e+00	0.00e+00	0.00e+00	0.00e+00	0.00e+00
 2.68399e+17	3.17e-03	8.18e-01	1.79e-01	2.37e-05	1.97e-06	0.00e+00	0.00e+00	0.00e+00	0.00e+00	0.00e+00	0.00e+00	0.00e+00	0.00e+00	0.00e+00	0.00e+00	0.00e+00	0.00e+00
 2.68833e+17	3.21e-03	8.22e-01	1.75e-01	2.35e-05	1.93e-06	0.00e+00	0.00e+00	0.00e+00	0.00e+00	0.00e+00	0.00e+00	0.00e+00	0.00e+00	0.00e+00	0.00e+00	0.00e+00	0.00e+00
 2.69397e+17	3.27e-03	8.28e-01	1.69e-01	2.33e-05	1.89e-06	0.00e+00	0.00e+00	0.00e+00	0.00e+00	0.00e+00	0.00e+00	0.00e+00	0.00e+00	0.00e+00	0.00e+00	0.00e+00	0.00e+00
 2.70130e+17	3.31e-03	8.33e-01	1.64e-01	2.33e-05	1.85e-06	0.00e+00	0.00e+00	0.00e+00	0.00e+00	0.00e+00	0.00e+00	0.00e+00	0.00e+00	0.00e+00	0.00e+00	0.00e+00	0.00e+00
 2.71054e+17	3.36e-03	8.39e-01	1.57e-01	2.32e-05	1.81e-06	0.00e+00	0.00e+00	0.00e+00	0.00e+00	0.00e+00	0.00e+00	0.00e+00	0.00e+00	0.00e+00	0.00e+00	0.00e+00	0.00e+00
 2.72147e+17	3.38e-03	8.44e-01	1.52e-01	2.37e-05	1.82e-06	0.00e+00	0.00e+00	0.00e+00	0.00e+00	0.00e+00	0.00e+00	0.00e+00	0.00e+00	0.00e+00	0.00e+00	0.00e+00	0.00e+00
 2.73488e+17	3.39e-03	8.49e-01	1.48e-01	2.45e-05	1.86e-06	0.00e+00	0.00e+00	0.00e+00	0.00e+00	0.00e+00	0.00e+00	0.00e+00	0.00e+00	0.00e+00	0.00e+00	0.00e+00	0.00e+00
 2.75029e+17	3.40e-03	8.54e-01	1.43e-01	2.54e-05	1.91e-06	0.00e+00	0.00e+00	0.00e+00	0.00e+00	0.00e+00	0.00e+00	0.00e+00	0.00e+00	0.00e+00	0.00e+00	0.00e+00	0.00e+00
 2.76465e+17	3.35e-03	8.54e-01	1.43e-01	2.69e-05	2.04e-06	0.00e+00	0.00e+00	0.00e+00	0.00e+00	0.00e+00	0.00e+00	0.00e+00	0.00e+00	0.00e+00	0.00e+00	0.00e+00	0.00e+00
 2.77531e+17	3.32e-03	8.54e-01	1.43e-01	2.81e-05	2.14e-06	0.00e+00	0.00e+00	0.00e+00	0.00e+00	0.00e+00	0.00e+00	0.00e+00	0.00e+00	0.00e+00	0.00e+00	0.00e+00	0.00e+00
 2.78302e+17	3.30e-03	8.54e-01	1.43e-01	2.87e-05	2.20e-06	0.00e+00	0.00e+00	0.00e+00	0.00e+00	0.00e+00	0.00e+00	0.00e+00	0.00e+00	0.00e+00	0.00e+00	0.00e+00	0.00e+00
 2.79121e+17	3.30e-03	8.55e-01	1.41e-01	2.89e-05	2.20e-06	0.00e+00	0.00e+00	0.00e+00	0.00e+00	0.00e+00	0.00e+00	0.00e+00	0.00e+00	0.00e+00	0.00e+00	0.00e+00	0.00e+00
 2.80187e+17	3.33e-03	8.60e-01	1.37e-01	2.88e-05	2.16e-06	0.00e+00	0.00e+00	0.00e+00	0.00e+00	0.00e+00	0.00e+00	0.00e+00	0.00e+00	0.00e+00	0.00e+00	0.00e+00	0.00e+00
 2.81572e+17	3.38e-03	8.67e-01	1.30e-01	2.85e-05	2.09e-06	0.00e+00	0.00e+00	0.00e+00	0.00e+00	0.00e+00	0.00e+00	0.00e+00	0.00e+00	0.00e+00	0.00e+00	0.00e+00	0.00e+00
 2.83373e+17	3.45e-03	8.76e-01	1.20e-01	2.80e-05	1.98e-06	0.00e+00	0.00e+00	0.00e+00	0.00e+00	0.00e+00	0.00e+00	0.00e+00	0.00e+00	0.00e+00	0.00e+00	0.00e+00	0.00e+00
 2.85423e+17	3.54e-03	8.87e-01	1.10e-01	2.73e-05	1.86e-06	0.00e+00	0.00e+00	0.00e+00	0.00e+00	0.00e+00	0.00e+00	0.00e+00	0.00e+00	0.00e+00	0.00e+00	0.00e+00	0.00e+00
 2.87302e+17	3.64e-03	8.98e-01	9.82e-02	2.63e-05	1.71e-06	0.00e+00	0.00e+00	0.00e+00	0.00e+00	0.00e+00	0.00e+00	0.00e+00	0.00e+00	0.00e+00	0.00e+00	0.00e+00	0.00e+00
 2.88773e+17	3.73e-03	9.07e-01	8.92e-02	2.54e-05	1.59e-06	0.00e+00	0.00e+00	0.00e+00	0.00e+00	0.00e+00	0.00e+00	0.00e+00	0.00e+00	0.00e+00	0.00e+00	0.00e+00	0.00e+00
 2.89936e+17	3.81e-03	9.14e-01	8.23e-02	2.46e-05	1.49e-06	0.00e+00	0.00e+00	0.00e+00	0.00e+00	0.00e+00	0.00e+00	0.00e+00	0.00e+00	0.00e+00	0.00e+00	0.00e+00	0.00e+00
 2.90968e+17	5.84e-03	9.79e-01	1.56e-02	8.39e-06	3.45e-07	0.00e+00	0.00e+00	0.00e+00	0.00e+00	0.00e+00	0.00e+00	0.00e+00	0.00e+00	0.00e+00	0.00e+00	0.00e+00	0.00e+00
 2.91907e+17	7.40e-03	9.88e-01	4.20e-03	4.78e-06	0.00e+00	0.00e+00	0.00e+00	0.00e+00	0.00e+00	0.00e+00	0.00e+00	0.00e+00	0.00e+00	0.00e+00	0.00e+00	0.00e+00	0.00e+00
