#depth	N  1	N  2	N  3	N  4	N  5	N  6	N  7	N  8
 3.64626e+13	5.44e-04	1.59e-01	7.26e-01	1.10e-01	3.97e-03	6.63e-05	0.00e+00	0.00e+00
 2.18776e+14	5.45e-04	1.59e-01	7.26e-01	1.10e-01	3.96e-03	6.62e-05	0.00e+00	0.00e+00
 9.48028e+14	5.47e-04	1.59e-01	7.27e-01	1.10e-01	3.94e-03	6.59e-05	0.00e+00	0.00e+00
 3.86504e+15	5.58e-04	1.59e-01	7.29e-01	1.08e-01	3.80e-03	6.34e-05	0.00e+00	0.00e+00
 9.23234e+15	5.70e-04	1.56e-01	7.33e-01	1.07e-01	3.63e-03	6.11e-05	0.00e+00	0.00e+00
 1.62098e+16	5.89e-04	1.54e-01	7.39e-01	1.03e-01	3.37e-03	5.69e-05	0.00e+00	0.00e+00
 2.52806e+16	6.20e-04	1.55e-01	7.45e-01	9.64e-02	3.02e-03	5.09e-05	0.00e+00	0.00e+00
 3.70725e+16	6.72e-04	1.59e-01	7.51e-01	8.71e-02	2.58e-03	4.31e-05	0.00e+00	0.00e+00
 5.24021e+16	7.72e-04	1.70e-01	7.53e-01	7.43e-02	2.07e-03	3.35e-05	0.00e+00	0.00e+00
 6.82781e+16	8.94e-04	1.83e-01	7.52e-01	6.26e-02	1.65e-03	2.56e-05	0.00e+00	0.00e+00
 8.09376e+16	1.04e-03	2.00e-01	7.45e-01	5.33e-02	1.35e-03	1.99e-05	0.00e+00	0.00e+00
 9.02952e+16	1.18e-03	2.15e-01	7.36e-01	4.71e-02	1.17e-03	1.63e-05	0.00e+00	0.00e+00
 9.77904e+16	1.34e-03	2.31e-01	7.25e-01	4.21e-02	1.02e-03	1.35e-05	0.00e+00	0.00e+00
 1.04836e+17	1.51e-03	2.47e-01	7.13e-01	3.77e-02	8.97e-04	1.13e-05	0.00e+00	0.00e+00
 1.12793e+17	1.74e-03	2.69e-01	6.96e-01	3.30e-02	7.73e-04	9.06e-06	0.00e+00	0.00e+00
 1.21114e+17	2.01e-03	2.92e-01	6.77e-01	2.88e-02	6.66e-04	7.24e-06	0.00e+00	0.00e+00
 1.28251e+17	2.29e-03	3.14e-01	6.58e-01	2.56e-02	5.85e-04	5.95e-06	0.00e+00	0.00e+00
 1.35873e+17	2.66e-03	3.41e-01	6.34e-01	2.21e-02	5.02e-04	4.68e-06	0.00e+00	0.00e+00
 1.44051e+17	3.10e-03	3.71e-01	6.07e-01	1.89e-02	4.28e-04	3.64e-06	0.00e+00	0.00e+00
 1.51428e+17	3.58e-03	4.00e-01	5.79e-01	1.62e-02	3.67e-04	2.85e-06	0.00e+00	0.00e+00
 1.58047e+17	4.09e-03	4.29e-01	5.53e-01	1.40e-02	3.17e-04	2.26e-06	0.00e+00	0.00e+00
 1.65205e+17	4.76e-03	4.63e-01	5.20e-01	1.18e-02	2.67e-04	1.71e-06	0.00e+00	0.00e+00
 1.73006e+17	5.64e-03	5.03e-01	4.82e-01	9.57e-03	2.19e-04	1.24e-06	0.00e+00	0.00e+00
 1.79936e+17	6.59e-03	5.40e-01	4.46e-01	7.84e-03	1.81e-04	9.15e-07	0.00e+00	0.00e+00
 1.86097e+17	7.59e-03	5.74e-01	4.12e-01	6.48e-03	1.51e-04	0.00e+00	0.00e+00	0.00e+00
 1.92965e+17	8.95e-03	6.14e-01	3.72e-01	5.11e-03	1.20e-04	0.00e+00	0.00e+00	0.00e+00
 2.00338e+17	1.07e-02	6.58e-01	3.27e-01	3.86e-03	9.20e-05	0.00e+00	0.00e+00	0.00e+00
 2.06656e+17	1.27e-02	6.97e-01	2.87e-01	2.94e-03	7.10e-05	0.00e+00	0.00e+00	0.00e+00
 2.12055e+17	1.47e-02	7.30e-01	2.53e-01	2.28e-03	5.55e-05	0.00e+00	0.00e+00	0.00e+00
 2.17969e+17	1.74e-02	7.66e-01	2.15e-01	1.67e-03	4.12e-05	0.00e+00	0.00e+00	0.00e+00
 2.24038e+17	2.08e-02	8.00e-01	1.78e-01	1.17e-03	2.92e-05	0.00e+00	0.00e+00	0.00e+00
 2.28713e+17	2.42e-02	8.25e-01	1.50e-01	8.65e-04	2.16e-05	0.00e+00	0.00e+00	0.00e+00
 2.32300e+17	2.72e-02	8.42e-01	1.30e-01	6.75e-04	1.68e-05	0.00e+00	0.00e+00	0.00e+00
 2.36068e+17	3.10e-02	8.59e-01	1.10e-01	5.12e-04	1.27e-05	0.00e+00	0.00e+00	0.00e+00
 2.40126e+17	3.59e-02	8.74e-01	8.98e-02	3.71e-04	9.03e-06	0.00e+00	0.00e+00	0.00e+00
 2.43524e+17	4.10e-02	8.84e-01	7.45e-02	2.80e-04	6.65e-06	0.00e+00	0.00e+00	0.00e+00
 2.46255e+17	4.58e-02	8.91e-01	6.31e-02	2.20e-04	5.07e-06	0.00e+00	0.00e+00	0.00e+00
 2.48770e+17	5.09e-02	8.95e-01	5.39e-02	1.77e-04	3.95e-06	0.00e+00	0.00e+00	0.00e+00
 2.51658e+17	5.77e-02	8.98e-01	4.42e-02	1.36e-04	2.88e-06	0.00e+00	0.00e+00	0.00e+00
 2.54679e+17	6.64e-02	8.98e-01	3.52e-02	1.03e-04	2.02e-06	0.00e+00	0.00e+00	0.00e+00
 2.57130e+17	7.51e-02	8.96e-01	2.88e-02	8.21e-05	1.49e-06	0.00e+00	0.00e+00	0.00e+00
 2.59159e+17	8.33e-02	8.92e-01	2.42e-02	6.83e-05	1.14e-06	0.00e+00	0.00e+00	0.00e+00
 2.61381e+17	9.35e-02	8.87e-01	1.99e-02	5.61e-05	8.51e-07	0.00e+00	0.00e+00	0.00e+00
 2.63858e+17	1.07e-01	8.77e-01	1.56e-02	4.52e-05	0.00e+00	0.00e+00	0.00e+00	0.00e+00
 2.66108e+17	1.22e-01	8.65e-01	1.24e-02	3.72e-05	0.00e+00	0.00e+00	0.00e+00	0.00e+00
 2.68074e+17	1.37e-01	8.53e-01	9.95e-03	3.15e-05	0.00e+00	0.00e+00	0.00e+00	0.00e+00
 2.69930e+17	1.54e-01	8.38e-01	8.04e-03	2.71e-05	0.00e+00	0.00e+00	0.00e+00	0.00e+00
 2.71719e+17	1.72e-01	8.21e-01	6.47e-03	2.35e-05	0.00e+00	0.00e+00	0.00e+00	0.00e+00
 2.73359e+17	1.91e-01	8.03e-01	5.24e-03	2.07e-05	0.00e+00	0.00e+00	0.00e+00	0.00e+00
 2.74808e+17	2.10e-01	7.86e-01	4.33e-03	1.85e-05	0.00e+00	0.00e+00	0.00e+00	0.00e+00
 2.76127e+17	2.29e-01	7.68e-01	3.61e-03	1.67e-05	0.00e+00	0.00e+00	0.00e+00	0.00e+00
 2.77387e+17	2.48e-01	7.49e-01	3.02e-03	1.52e-05	0.00e+00	0.00e+00	0.00e+00	0.00e+00
 2.78382e+17	2.64e-01	7.33e-01	2.61e-03	1.41e-05	0.00e+00	0.00e+00	0.00e+00	0.00e+00
 2.79024e+17	2.75e-01	7.23e-01	2.38e-03	1.35e-05	0.00e+00	0.00e+00	0.00e+00	0.00e+00
 2.79637e+17	2.85e-01	7.13e-01	2.18e-03	1.30e-05	0.00e+00	0.00e+00	0.00e+00	0.00e+00
 2.80428e+17	2.99e-01	6.99e-01	1.94e-03	1.22e-05	0.00e+00	0.00e+00	0.00e+00	0.00e+00
 2.81287e+17	3.16e-01	6.82e-01	1.69e-03	1.14e-05	0.00e+00	0.00e+00	0.00e+00	0.00e+00
 2.82029e+17	3.31e-01	6.67e-01	1.51e-03	1.08e-05	0.00e+00	0.00e+00	0.00e+00	0.00e+00
 2.82669e+17	3.44e-01	6.55e-01	1.36e-03	1.03e-05	0.00e+00	0.00e+00	0.00e+00	0.00e+00
 2.83337e+17	3.58e-01	6.41e-01	1.23e-03	9.77e-06	0.00e+00	0.00e+00	0.00e+00	0.00e+00
 2.84080e+17	3.74e-01	6.25e-01	1.09e-03	9.22e-06	0.00e+00	0.00e+00	0.00e+00	0.00e+00
 2.84824e+17	3.90e-01	6.09e-01	9.61e-04	8.69e-06	0.00e+00	0.00e+00	0.00e+00	0.00e+00
 2.85508e+17	4.05e-01	5.94e-01	8.58e-04	8.23e-06	0.00e+00	0.00e+00	0.00e+00	0.00e+00
 2.86160e+17	4.20e-01	5.79e-01	7.73e-04	7.85e-06	0.00e+00	0.00e+00	0.00e+00	0.00e+00
 2.86848e+17	4.36e-01	5.64e-01	6.89e-04	7.42e-06	0.00e+00	0.00e+00	0.00e+00	0.00e+00
 2.87575e+17	4.53e-01	5.47e-01	6.10e-04	7.00e-06	0.00e+00	0.00e+00	0.00e+00	0.00e+00
 2.88284e+17	4.69e-01	5.30e-01	5.42e-04	6.62e-06	0.00e+00	0.00e+00	0.00e+00	0.00e+00
 2.88959e+17	4.84e-01	5.15e-01	4.87e-04	6.30e-06	0.00e+00	0.00e+00	0.00e+00	0.00e+00
 2.89668e+17	5.01e-01	4.99e-01	4.33e-04	5.94e-06	0.00e+00	0.00e+00	0.00e+00	0.00e+00
 2.90408e+17	5.18e-01	4.82e-01	3.83e-04	5.59e-06	0.00e+00	0.00e+00	0.00e+00	0.00e+00
 2.91112e+17	5.33e-01	4.66e-01	3.43e-04	5.31e-06	0.00e+00	0.00e+00	0.00e+00	0.00e+00
 2.91823e+17	5.49e-01	4.51e-01	3.07e-04	5.02e-06	0.00e+00	0.00e+00	0.00e+00	0.00e+00
 2.92582e+17	5.65e-01	4.35e-01	2.73e-04	4.74e-06	0.00e+00	0.00e+00	0.00e+00	0.00e+00
 2.93363e+17	5.81e-01	4.19e-01	2.45e-04	4.49e-06	0.00e+00	0.00e+00	0.00e+00	0.00e+00
 2.94141e+17	5.97e-01	4.03e-01	2.18e-04	4.22e-06	0.00e+00	0.00e+00	0.00e+00	0.00e+00
 2.94903e+17	6.11e-01	3.89e-01	1.96e-04	4.00e-06	0.00e+00	0.00e+00	0.00e+00	0.00e+00
 2.95672e+17	6.25e-01	3.75e-01	1.77e-04	3.79e-06	0.00e+00	0.00e+00	0.00e+00	0.00e+00
 2.96481e+17	6.39e-01	3.61e-01	1.61e-04	3.60e-06	0.00e+00	0.00e+00	0.00e+00	0.00e+00
 2.97348e+17	6.53e-01	3.47e-01	1.45e-04	3.39e-06	0.00e+00	0.00e+00	0.00e+00	0.00e+00
 2.98267e+17	6.67e-01	3.33e-01	1.31e-04	3.20e-06	0.00e+00	0.00e+00	0.00e+00	0.00e+00
 2.99207e+17	6.80e-01	3.20e-01	1.19e-04	3.03e-06	0.00e+00	0.00e+00	0.00e+00	0.00e+00
 3.00190e+17	6.92e-01	3.08e-01	1.09e-04	2.87e-06	0.00e+00	0.00e+00	0.00e+00	0.00e+00
 3.01230e+17	7.04e-01	2.96e-01	1.00e-04	2.74e-06	0.00e+00	0.00e+00	0.00e+00	0.00e+00
 3.02298e+17	7.15e-01	2.85e-01	9.23e-05	2.60e-06	0.00e+00	0.00e+00	0.00e+00	0.00e+00
 3.03464e+17	7.25e-01	2.75e-01	8.56e-05	2.48e-06	0.00e+00	0.00e+00	0.00e+00	0.00e+00
 3.04816e+17	7.36e-01	2.64e-01	7.90e-05	2.34e-06	0.00e+00	0.00e+00	0.00e+00	0.00e+00
 3.06280e+17	7.46e-01	2.54e-01	7.35e-05	2.23e-06	0.00e+00	0.00e+00	0.00e+00	0.00e+00
 3.07899e+17	7.56e-01	2.44e-01	6.86e-05	2.12e-06	0.00e+00	0.00e+00	0.00e+00	0.00e+00
 3.09722e+17	7.65e-01	2.35e-01	6.42e-05	2.02e-06	0.00e+00	0.00e+00	0.00e+00	0.00e+00
 3.11577e+17	7.73e-01	2.27e-01	6.06e-05	1.93e-06	0.00e+00	0.00e+00	0.00e+00	0.00e+00
 3.13685e+17	7.80e-01	2.20e-01	5.76e-05	1.86e-06	0.00e+00	0.00e+00	0.00e+00	0.00e+00
 3.16426e+17	7.89e-01	2.10e-01	5.44e-05	1.75e-06	0.00e+00	0.00e+00	0.00e+00	0.00e+00
 3.19838e+17	7.99e-01	2.01e-01	5.10e-05	1.66e-06	0.00e+00	0.00e+00	0.00e+00	0.00e+00
 3.23701e+17	8.08e-01	1.92e-01	4.77e-05	1.56e-06	0.00e+00	0.00e+00	0.00e+00	0.00e+00
 3.28086e+17	8.17e-01	1.83e-01	4.47e-05	1.47e-06	0.00e+00	0.00e+00	0.00e+00	0.00e+00
 3.32614e+17	8.27e-01	1.73e-01	4.19e-05	1.37e-06	0.00e+00	0.00e+00	0.00e+00	0.00e+00
 3.37186e+17	8.36e-01	1.64e-01	3.94e-05	1.29e-06	0.00e+00	0.00e+00	0.00e+00	0.00e+00
 3.41979e+17	8.44e-01	1.56e-01	3.71e-05	1.21e-06	0.00e+00	0.00e+00	0.00e+00	0.00e+00
 3.46879e+17	8.53e-01	1.47e-01	3.49e-05	1.12e-06	0.00e+00	0.00e+00	0.00e+00	0.00e+00
 3.51952e+17	8.62e-01	1.38e-01	3.28e-05	1.04e-06	0.00e+00	0.00e+00	0.00e+00	0.00e+00
 3.57009e+17	8.70e-01	1.30e-01	3.09e-05	9.64e-07	0.00e+00	0.00e+00	0.00e+00	0.00e+00
 3.61801e+17	8.78e-01	1.22e-01	2.92e-05	0.00e+00	0.00e+00	0.00e+00	0.00e+00	0.00e+00
 3.66523e+17	8.86e-01	1.14e-01	2.77e-05	0.00e+00	0.00e+00	0.00e+00	0.00e+00	0.00e+00
 3.71448e+17	8.93e-01	1.06e-01	2.62e-05	0.00e+00	0.00e+00	0.00e+00	0.00e+00	0.00e+00
 3.76256e+17	9.01e-01	9.92e-02	2.48e-05	0.00e+00	0.00e+00	0.00e+00	0.00e+00	0.00e+00
 3.80797e+17	9.08e-01	9.24e-02	2.35e-05	0.00e+00	0.00e+00	0.00e+00	0.00e+00	0.00e+00
 3.85137e+17	9.14e-01	8.60e-02	2.24e-05	0.00e+00	0.00e+00	0.00e+00	0.00e+00	0.00e+00
 3.88448e+17	9.19e-01	8.15e-02	2.15e-05	0.00e+00	0.00e+00	0.00e+00	0.00e+00	0.00e+00
 3.90478e+17	9.21e-01	7.89e-02	2.10e-05	0.00e+00	0.00e+00	0.00e+00	0.00e+00	0.00e+00
 3.92221e+17	9.23e-01	7.67e-02	2.07e-05	0.00e+00	0.00e+00	0.00e+00	0.00e+00	0.00e+00
 3.94273e+17	9.27e-01	7.35e-02	2.01e-05	0.00e+00	0.00e+00	0.00e+00	0.00e+00	0.00e+00
 3.96405e+17	9.30e-01	7.01e-02	1.95e-05	0.00e+00	0.00e+00	0.00e+00	0.00e+00	0.00e+00
 3.98151e+17	9.31e-01	6.95e-02	1.92e-05	0.00e+00	0.00e+00	0.00e+00	0.00e+00	0.00e+00
 3.99895e+17	9.33e-01	6.67e-02	1.87e-05	0.00e+00	0.00e+00	0.00e+00	0.00e+00	0.00e+00
 4.01688e+17	9.36e-01	6.43e-02	1.83e-05	0.00e+00	0.00e+00	0.00e+00	0.00e+00	0.00e+00
 4.03187e+17	9.38e-01	6.23e-02	1.79e-05	0.00e+00	0.00e+00	0.00e+00	0.00e+00	0.00e+00
 4.04513e+17	9.39e-01	6.07e-02	1.76e-05	0.00e+00	0.00e+00	0.00e+00	0.00e+00	0.00e+00
 4.05974e+17	9.42e-01	5.82e-02	1.72e-05	0.00e+00	0.00e+00	0.00e+00	0.00e+00	0.00e+00
 4.07411e+17	9.44e-01	5.59e-02	1.68e-05	0.00e+00	0.00e+00	0.00e+00	0.00e+00	0.00e+00
 4.08508e+17	9.45e-01	5.47e-02	1.66e-05	0.00e+00	0.00e+00	0.00e+00	0.00e+00	0.00e+00
 4.09577e+17	9.47e-01	5.29e-02	1.62e-05	0.00e+00	0.00e+00	0.00e+00	0.00e+00	0.00e+00
 4.10699e+17	9.49e-01	5.09e-02	1.59e-05	0.00e+00	0.00e+00	0.00e+00	0.00e+00	0.00e+00
 4.11635e+17	9.50e-01	4.98e-02	1.57e-05	0.00e+00	0.00e+00	0.00e+00	0.00e+00	0.00e+00
 4.12557e+17	9.52e-01	4.82e-02	1.53e-05	0.00e+00	0.00e+00	0.00e+00	0.00e+00	0.00e+00
 4.13485e+17	9.53e-01	4.71e-02	1.51e-05	0.00e+00	0.00e+00	0.00e+00	0.00e+00	0.00e+00
 4.14437e+17	9.53e-01	4.67e-02	1.50e-05	0.00e+00	0.00e+00	0.00e+00	0.00e+00	0.00e+00
 4.15666e+17	9.55e-01	4.52e-02	1.49e-05	0.00e+00	0.00e+00	0.00e+00	0.00e+00	0.00e+00
 4.17157e+17	9.57e-01	4.27e-02	1.44e-05	0.00e+00	0.00e+00	0.00e+00	0.00e+00	0.00e+00
 4.18333e+17	9.59e-01	4.07e-02	1.40e-05	0.00e+00	0.00e+00	0.00e+00	0.00e+00	0.00e+00
 4.18940e+17	9.60e-01	4.02e-02	1.39e-05	0.00e+00	0.00e+00	0.00e+00	0.00e+00	0.00e+00
 4.19461e+17	9.60e-01	3.98e-02	1.38e-05	0.00e+00	0.00e+00	0.00e+00	0.00e+00	0.00e+00
 4.20139e+17	9.62e-01	3.84e-02	1.35e-05	0.00e+00	0.00e+00	0.00e+00	0.00e+00	0.00e+00
 4.20805e+17	9.63e-01	3.70e-02	1.32e-05	0.00e+00	0.00e+00	0.00e+00	0.00e+00	0.00e+00
 4.21274e+17	9.63e-01	3.65e-02	1.31e-05	0.00e+00	0.00e+00	0.00e+00	0.00e+00	0.00e+00
 4.21703e+17	9.64e-01	3.62e-02	1.30e-05	0.00e+00	0.00e+00	0.00e+00	0.00e+00	0.00e+00
 4.22261e+17	9.65e-01	3.49e-02	1.28e-05	0.00e+00	0.00e+00	0.00e+00	0.00e+00	0.00e+00
 4.22775e+17	9.66e-01	3.35e-02	1.25e-05	0.00e+00	0.00e+00	0.00e+00	0.00e+00	0.00e+00
 4.23107e+17	9.67e-01	3.33e-02	1.25e-05	0.00e+00	0.00e+00	0.00e+00	0.00e+00	0.00e+00
 4.23415e+17	9.67e-01	3.30e-02	1.24e-05	0.00e+00	0.00e+00	0.00e+00	0.00e+00	0.00e+00
 4.23816e+17	9.68e-01	3.24e-02	1.23e-05	0.00e+00	0.00e+00	0.00e+00	0.00e+00	0.00e+00
 4.24276e+17	9.69e-01	3.09e-02	1.20e-05	0.00e+00	0.00e+00	0.00e+00	0.00e+00	0.00e+00
 4.24653e+17	9.70e-01	2.99e-02	1.17e-05	0.00e+00	0.00e+00	0.00e+00	0.00e+00	0.00e+00
 4.24884e+17	9.70e-01	2.97e-02	1.17e-05	0.00e+00	0.00e+00	0.00e+00	0.00e+00	0.00e+00
 4.25084e+17	9.70e-01	2.97e-02	1.16e-05	0.00e+00	0.00e+00	0.00e+00	0.00e+00	0.00e+00
 4.25345e+17	9.71e-01	2.92e-02	1.16e-05	0.00e+00	0.00e+00	0.00e+00	0.00e+00	0.00e+00
 4.25683e+17	9.72e-01	2.81e-02	1.13e-05	0.00e+00	0.00e+00	0.00e+00	0.00e+00	0.00e+00
 4.25991e+17	9.73e-01	2.68e-02	1.11e-05	0.00e+00	0.00e+00	0.00e+00	0.00e+00	0.00e+00
 4.26164e+17	9.73e-01	2.67e-02	1.10e-05	0.00e+00	0.00e+00	0.00e+00	0.00e+00	0.00e+00
 4.26296e+17	9.73e-01	2.66e-02	1.10e-05	0.00e+00	0.00e+00	0.00e+00	0.00e+00	0.00e+00
 4.26467e+17	9.74e-01	2.64e-02	1.09e-05	0.00e+00	0.00e+00	0.00e+00	0.00e+00	0.00e+00
 4.26690e+17	9.74e-01	2.59e-02	1.08e-05	0.00e+00	0.00e+00	0.00e+00	0.00e+00	0.00e+00
 4.26951e+17	9.76e-01	2.44e-02	1.05e-05	0.00e+00	0.00e+00	0.00e+00	0.00e+00	0.00e+00
 4.27144e+17	9.77e-01	2.35e-02	1.03e-05	0.00e+00	0.00e+00	0.00e+00	0.00e+00	0.00e+00
 4.27235e+17	9.77e-01	2.34e-02	1.02e-05	0.00e+00	0.00e+00	0.00e+00	0.00e+00	0.00e+00
 4.27314e+17	9.77e-01	2.34e-02	1.02e-05	0.00e+00	0.00e+00	0.00e+00	0.00e+00	0.00e+00
 4.27415e+17	9.77e-01	2.34e-02	1.02e-05	0.00e+00	0.00e+00	0.00e+00	0.00e+00	0.00e+00
 4.27548e+17	9.77e-01	2.31e-02	1.01e-05	0.00e+00	0.00e+00	0.00e+00	0.00e+00	0.00e+00
 4.27720e+17	9.77e-01	2.27e-02	1.00e-05	0.00e+00	0.00e+00	0.00e+00	0.00e+00	0.00e+00
 4.27926e+17	9.79e-01	2.13e-02	9.71e-06	0.00e+00	0.00e+00	0.00e+00	0.00e+00	0.00e+00
 4.28080e+17	9.81e-01	1.93e-02	9.18e-06	0.00e+00	0.00e+00	0.00e+00	0.00e+00	0.00e+00
 4.28138e+17	9.81e-01	1.93e-02	9.12e-06	0.00e+00	0.00e+00	0.00e+00	0.00e+00	0.00e+00
 4.28168e+17	9.81e-01	1.92e-02	9.08e-06	0.00e+00	0.00e+00	0.00e+00	0.00e+00	0.00e+00
 4.28207e+17	9.81e-01	1.92e-02	9.06e-06	0.00e+00	0.00e+00	0.00e+00	0.00e+00	0.00e+00
 4.28258e+17	9.81e-01	1.91e-02	9.04e-06	0.00e+00	0.00e+00	0.00e+00	0.00e+00	0.00e+00
 4.28324e+17	9.81e-01	1.91e-02	9.02e-06	0.00e+00	0.00e+00	0.00e+00	0.00e+00	0.00e+00
 4.28410e+17	9.81e-01	1.89e-02	8.99e-06	0.00e+00	0.00e+00	0.00e+00	0.00e+00	0.00e+00
 4.28521e+17	9.81e-01	1.87e-02	8.93e-06	0.00e+00	0.00e+00	0.00e+00	0.00e+00	0.00e+00
 4.28667e+17	9.92e-01	8.00e-03	4.62e-06	0.00e+00	0.00e+00	0.00e+00	0.00e+00	0.00e+00
 4.28823e+17	9.93e-01	7.21e-03	4.17e-06	0.00e+00	0.00e+00	0.00e+00	0.00e+00	0.00e+00
 4.28966e+17	9.93e-01	6.80e-03	3.96e-06	0.00e+00	0.00e+00	0.00e+00	0.00e+00	0.00e+00
 4.29096e+17	9.93e-01	6.65e-03	3.88e-06	0.00e+00	0.00e+00	0.00e+00	0.00e+00	0.00e+00
 4.29214e+17	9.93e-01	6.53e-03	3.82e-06	0.00e+00	0.00e+00	0.00e+00	0.00e+00	0.00e+00
 4.29321e+17	9.94e-01	6.48e-03	3.78e-06	0.00e+00	0.00e+00	0.00e+00	0.00e+00	0.00e+00
 4.29437e+17	9.94e-01	6.43e-03	3.76e-06	0.00e+00	0.00e+00	0.00e+00	0.00e+00	0.00e+00
 4.29589e+17	9.94e-01	6.21e-03	3.65e-06	0.00e+00	0.00e+00	0.00e+00	0.00e+00	0.00e+00
 4.29752e+17	9.94e-01	5.98e-03	3.53e-06	0.00e+00	0.00e+00	0.00e+00	0.00e+00	0.00e+00
 4.29901e+17	9.94e-01	5.87e-03	3.47e-06	0.00e+00	0.00e+00	0.00e+00	0.00e+00	0.00e+00
 4.30028e+17	9.94e-01	5.82e-03	3.44e-06	0.00e+00	0.00e+00	0.00e+00	0.00e+00	0.00e+00
 4.30158e+17	9.94e-01	5.78e-03	3.41e-06	0.00e+00	0.00e+00	0.00e+00	0.00e+00	0.00e+00
 4.30327e+17	9.94e-01	5.63e-03	3.34e-06	0.00e+00	0.00e+00	0.00e+00	0.00e+00	0.00e+00
 4.30509e+17	9.95e-01	5.42e-03	3.23e-06	0.00e+00	0.00e+00	0.00e+00	0.00e+00	0.00e+00
 4.30675e+17	9.95e-01	5.33e-03	3.18e-06	0.00e+00	0.00e+00	0.00e+00	0.00e+00	0.00e+00
 4.30821e+17	9.95e-01	5.28e-03	3.16e-06	0.00e+00	0.00e+00	0.00e+00	0.00e+00	0.00e+00
 4.30974e+17	9.95e-01	5.24e-03	3.13e-06	0.00e+00	0.00e+00	0.00e+00	0.00e+00	0.00e+00
 4.31172e+17	9.95e-01	5.06e-03	3.04e-06	0.00e+00	0.00e+00	0.00e+00	0.00e+00	0.00e+00
 4.31386e+17	9.95e-01	4.92e-03	2.98e-06	0.00e+00	0.00e+00	0.00e+00	0.00e+00	0.00e+00
 4.31580e+17	9.95e-01	4.83e-03	2.93e-06	0.00e+00	0.00e+00	0.00e+00	0.00e+00	0.00e+00
 4.31740e+17	9.95e-01	4.78e-03	2.91e-06	0.00e+00	0.00e+00	0.00e+00	0.00e+00	0.00e+00
 4.31880e+17	9.95e-01	4.77e-03	2.89e-06	0.00e+00	0.00e+00	0.00e+00	0.00e+00	0.00e+00
 4.32049e+17	9.95e-01	4.68e-03	2.85e-06	0.00e+00	0.00e+00	0.00e+00	0.00e+00	0.00e+00
 4.32219e+17	9.95e-01	4.56e-03	2.80e-06	0.00e+00	0.00e+00	0.00e+00	0.00e+00	0.00e+00
 4.32341e+17	9.95e-01	4.55e-03	2.78e-06	0.00e+00	0.00e+00	0.00e+00	0.00e+00	0.00e+00
 4.32446e+17	9.95e-01	4.56e-03	2.78e-06	0.00e+00	0.00e+00	0.00e+00	0.00e+00	0.00e+00
 4.32578e+17	9.95e-01	4.52e-03	2.76e-06	0.00e+00	0.00e+00	0.00e+00	0.00e+00	0.00e+00
 4.32750e+17	9.96e-01	4.41e-03	2.72e-06	0.00e+00	0.00e+00	0.00e+00	0.00e+00	0.00e+00
 4.32936e+17	9.96e-01	4.29e-03	2.67e-06	0.00e+00	0.00e+00	0.00e+00	0.00e+00	0.00e+00
 4.33078e+17	9.96e-01	4.26e-03	2.65e-06	0.00e+00	0.00e+00	0.00e+00	0.00e+00	0.00e+00
 4.33188e+17	9.96e-01	4.28e-03	2.64e-06	0.00e+00	0.00e+00	0.00e+00	0.00e+00	0.00e+00
 4.33317e+17	9.96e-01	4.25e-03	2.63e-06	0.00e+00	0.00e+00	0.00e+00	0.00e+00	0.00e+00
 4.33484e+17	9.96e-01	4.18e-03	2.61e-06	0.00e+00	0.00e+00	0.00e+00	0.00e+00	0.00e+00
 4.33664e+17	9.96e-01	4.07e-03	2.56e-06	0.00e+00	0.00e+00	0.00e+00	0.00e+00	0.00e+00
 4.33801e+17	9.96e-01	4.04e-03	2.55e-06	0.00e+00	0.00e+00	0.00e+00	0.00e+00	0.00e+00
 4.33907e+17	9.96e-01	4.06e-03	2.55e-06	0.00e+00	0.00e+00	0.00e+00	0.00e+00	0.00e+00
 4.34030e+17	9.96e-01	4.04e-03	2.54e-06	0.00e+00	0.00e+00	0.00e+00	0.00e+00	0.00e+00
 4.34189e+17	9.96e-01	3.98e-03	2.53e-06	0.00e+00	0.00e+00	0.00e+00	0.00e+00	0.00e+00
 4.34362e+17	9.96e-01	3.91e-03	2.50e-06	0.00e+00	0.00e+00	0.00e+00	0.00e+00	0.00e+00
 4.34510e+17	9.96e-01	3.88e-03	2.49e-06	0.00e+00	0.00e+00	0.00e+00	0.00e+00	0.00e+00
 4.34638e+17	9.96e-01	3.87e-03	2.48e-06	0.00e+00	0.00e+00	0.00e+00	0.00e+00	0.00e+00
 4.34780e+17	9.96e-01	3.85e-03	2.48e-06	0.00e+00	0.00e+00	0.00e+00	0.00e+00	0.00e+00
 4.34964e+17	9.96e-01	3.79e-03	2.46e-06	0.00e+00	0.00e+00	0.00e+00	0.00e+00	0.00e+00
 4.35169e+17	9.96e-01	3.73e-03	2.45e-06	0.00e+00	0.00e+00	0.00e+00	0.00e+00	0.00e+00
 4.35350e+17	9.96e-01	3.69e-03	2.44e-06	0.00e+00	0.00e+00	0.00e+00	0.00e+00	0.00e+00
 4.35500e+17	9.96e-01	3.69e-03	2.44e-06	0.00e+00	0.00e+00	0.00e+00	0.00e+00	0.00e+00
 4.35664e+17	9.96e-01	3.68e-03	2.44e-06	0.00e+00	0.00e+00	0.00e+00	0.00e+00	0.00e+00
 4.35876e+17	9.96e-01	3.63e-03	2.44e-06	0.00e+00	0.00e+00	0.00e+00	0.00e+00	0.00e+00
 4.36120e+17	9.96e-01	3.57e-03	2.43e-06	0.00e+00	0.00e+00	0.00e+00	0.00e+00	0.00e+00
 4.36356e+17	9.96e-01	3.53e-03	2.43e-06	0.00e+00	0.00e+00	0.00e+00	0.00e+00	0.00e+00
 4.36580e+17	9.96e-01	3.52e-03	2.44e-06	0.00e+00	0.00e+00	0.00e+00	0.00e+00	0.00e+00
 4.36828e+17	9.97e-01	3.49e-03	2.45e-06	0.00e+00	0.00e+00	0.00e+00	0.00e+00	0.00e+00
 4.37128e+17	9.97e-01	3.44e-03	2.46e-06	0.00e+00	0.00e+00	0.00e+00	0.00e+00	0.00e+00
 4.37443e+17	9.97e-01	3.41e-03	2.49e-06	0.00e+00	0.00e+00	0.00e+00	0.00e+00	0.00e+00
 4.37738e+17	9.97e-01	3.41e-03	2.53e-06	0.00e+00	0.00e+00	0.00e+00	0.00e+00	0.00e+00
 4.38040e+17	9.97e-01	3.41e-03	2.56e-06	0.00e+00	0.00e+00	0.00e+00	0.00e+00	0.00e+00
 4.38391e+17	9.97e-01	3.35e-03	2.57e-06	0.00e+00	0.00e+00	0.00e+00	0.00e+00	0.00e+00
 4.38750e+17	9.97e-01	3.30e-03	2.61e-06	0.00e+00	0.00e+00	0.00e+00	0.00e+00	0.00e+00
 4.39064e+17	9.97e-01	3.30e-03	2.65e-06	0.00e+00	0.00e+00	0.00e+00	0.00e+00	0.00e+00
 4.39402e+17	9.97e-01	3.26e-03	2.67e-06	0.00e+00	0.00e+00	0.00e+00	0.00e+00	0.00e+00
 4.39792e+17	9.97e-01	3.16e-03	2.68e-06	0.00e+00	0.00e+00	0.00e+00	0.00e+00	0.00e+00
 4.40149e+17	9.97e-01	3.07e-03	2.69e-06	0.00e+00	0.00e+00	0.00e+00	0.00e+00	0.00e+00
 4.40434e+17	9.97e-01	3.07e-03	2.73e-06	0.00e+00	0.00e+00	0.00e+00	0.00e+00	0.00e+00
 4.40728e+17	9.97e-01	3.03e-03	2.74e-06	0.00e+00	0.00e+00	0.00e+00	0.00e+00	0.00e+00
 4.41111e+17	9.97e-01	2.91e-03	2.74e-06	0.00e+00	0.00e+00	0.00e+00	0.00e+00	0.00e+00
 4.41518e+17	9.97e-01	2.75e-03	2.72e-06	0.00e+00	0.00e+00	0.00e+00	0.00e+00	0.00e+00
 4.41839e+17	9.97e-01	2.62e-03	2.70e-06	0.00e+00	0.00e+00	0.00e+00	0.00e+00	0.00e+00
 4.42048e+17	9.97e-01	2.56e-03	2.69e-06	0.00e+00	0.00e+00	0.00e+00	0.00e+00	0.00e+00
 4.42177e+17	9.97e-01	2.55e-03	2.68e-06	0.00e+00	0.00e+00	0.00e+00	0.00e+00	0.00e+00
 4.42291e+17	9.97e-01	2.56e-03	2.68e-06	0.00e+00	0.00e+00	0.00e+00	0.00e+00	0.00e+00
 4.42441e+17	9.97e-01	2.50e-03	2.68e-06	0.00e+00	0.00e+00	0.00e+00	0.00e+00	0.00e+00
 4.42607e+17	9.98e-01	2.37e-03	2.63e-06	0.00e+00	0.00e+00	0.00e+00	0.00e+00	0.00e+00
 4.42763e+17	9.98e-01	2.25e-03	2.59e-06	0.00e+00	0.00e+00	0.00e+00	0.00e+00	0.00e+00
 4.42905e+17	9.98e-01	2.14e-03	2.54e-06	0.00e+00	0.00e+00	0.00e+00	0.00e+00	0.00e+00
 4.43035e+17	9.98e-01	2.04e-03	2.49e-06	0.00e+00	0.00e+00	0.00e+00	0.00e+00	0.00e+00
 4.43153e+17	9.98e-01	1.94e-03	2.45e-06	0.00e+00	0.00e+00	0.00e+00	0.00e+00	0.00e+00
 4.43260e+17	9.98e-01	1.85e-03	2.40e-06	0.00e+00	0.00e+00	0.00e+00	0.00e+00	0.00e+00
 4.43358e+17	9.98e-01	1.76e-03	2.36e-06	0.00e+00	0.00e+00	0.00e+00	0.00e+00	0.00e+00
 4.43446e+17	9.98e-01	1.68e-03	2.32e-06	0.00e+00	0.00e+00	0.00e+00	0.00e+00	0.00e+00
###########################
 3.64626e+13	5.42e-04	1.59e-01	7.26e-01	1.10e-01	3.98e-03	6.67e-05	0.00e+00	0.00e+00
 2.18776e+14	5.43e-04	1.59e-01	7.26e-01	1.10e-01	3.98e-03	6.66e-05	0.00e+00	0.00e+00
 9.48028e+14	5.40e-04	1.58e-01	7.27e-01	1.10e-01	3.96e-03	6.64e-05	0.00e+00	0.00e+00
 3.86504e+15	5.39e-04	1.55e-01	7.32e-01	1.09e-01	3.85e-03	6.47e-05	0.00e+00	0.00e+00
 9.23234e+15	5.33e-04	1.49e-01	7.38e-01	1.08e-01	3.72e-03	6.34e-05	0.00e+00	0.00e+00
 1.62098e+16	5.40e-04	1.46e-01	7.45e-01	1.05e-01	3.47e-03	5.96e-05	0.00e+00	0.00e+00
 2.52806e+16	5.63e-04	1.46e-01	7.51e-01	9.87e-02	3.13e-03	5.38e-05	0.00e+00	0.00e+00
 3.70725e+16	6.17e-04	1.51e-01	7.56e-01	8.91e-02	2.68e-03	4.55e-05	0.00e+00	0.00e+00
 5.24021e+16	7.34e-04	1.66e-01	7.56e-01	7.56e-02	2.12e-03	3.49e-05	0.00e+00	0.00e+00
 6.69615e+16	8.73e-04	1.82e-01	7.51e-01	6.40e-02	1.70e-03	2.68e-05	0.00e+00	0.00e+00
 7.68802e+16	1.02e-03	1.99e-01	7.43e-01	5.60e-02	1.44e-03	2.17e-05	0.00e+00	0.00e+00
 8.40590e+16	1.15e-03	2.14e-01	7.34e-01	5.04e-02	1.27e-03	1.83e-05	0.00e+00	0.00e+00
 9.02743e+16	1.29e-03	2.29e-01	7.23e-01	4.57e-02	1.13e-03	1.56e-05	0.00e+00	0.00e+00
 9.73127e+16	1.50e-03	2.50e-01	7.07e-01	4.03e-02	9.70e-04	1.26e-05	0.00e+00	0.00e+00
 1.04567e+17	1.73e-03	2.71e-01	6.91e-01	3.56e-02	8.41e-04	1.03e-05	0.00e+00	0.00e+00
 1.10721e+17	1.96e-03	2.91e-01	6.74e-01	3.19e-02	7.43e-04	8.60e-06	0.00e+00	0.00e+00
 1.17341e+17	2.26e-03	3.16e-01	6.53e-01	2.80e-02	6.45e-04	6.96e-06	0.00e+00	0.00e+00
 1.24523e+17	2.63e-03	3.43e-01	6.29e-01	2.44e-02	5.54e-04	5.53e-06	0.00e+00	0.00e+00
 1.31050e+17	3.02e-03	3.70e-01	6.05e-01	2.13e-02	4.80e-04	4.44e-06	0.00e+00	0.00e+00
 1.38148e+17	3.53e-03	4.02e-01	5.76e-01	1.81e-02	4.07e-04	3.43e-06	0.00e+00	0.00e+00
 1.45314e+17	4.11e-03	4.35e-01	5.45e-01	1.53e-02	3.43e-04	2.64e-06	0.00e+00	0.00e+00
 1.51141e+17	4.68e-03	4.64e-01	5.18e-01	1.32e-02	2.96e-04	2.09e-06	0.00e+00	0.00e+00
 1.57289e+17	5.42e-03	4.99e-01	4.85e-01	1.11e-02	2.48e-04	1.58e-06	0.00e+00	0.00e+00
 1.64130e+17	6.37e-03	5.37e-01	4.47e-01	9.01e-03	2.03e-04	1.15e-06	0.00e+00	0.00e+00
 1.70511e+17	7.43e-03	5.75e-01	4.10e-01	7.30e-03	1.65e-04	8.34e-07	0.00e+00	0.00e+00
 1.76372e+17	8.59e-03	6.11e-01	3.74e-01	5.93e-03	1.35e-04	0.00e+00	0.00e+00	0.00e+00
 1.82915e+17	1.02e-02	6.53e-01	3.32e-01	4.55e-03	1.05e-04	0.00e+00	0.00e+00	0.00e+00
 1.89793e+17	1.23e-02	6.97e-01	2.88e-01	3.36e-03	7.82e-05	0.00e+00	0.00e+00	0.00e+00
 1.95510e+17	1.45e-02	7.33e-01	2.50e-01	2.52e-03	5.92e-05	0.00e+00	0.00e+00	0.00e+00
 2.00411e+17	1.68e-02	7.65e-01	2.17e-01	1.92e-03	4.54e-05	0.00e+00	0.00e+00	0.00e+00
 2.05848e+17	1.99e-02	7.98e-01	1.81e-01	1.37e-03	3.26e-05	0.00e+00	0.00e+00	0.00e+00
 2.11343e+17	2.39e-02	8.28e-01	1.47e-01	9.45e-04	2.25e-05	0.00e+00	0.00e+00	0.00e+00
 2.15479e+17	2.77e-02	8.49e-01	1.23e-01	6.94e-04	1.64e-05	0.00e+00	0.00e+00	0.00e+00
 2.18648e+17	3.11e-02	8.63e-01	1.05e-01	5.38e-04	1.27e-05	0.00e+00	0.00e+00	0.00e+00
 2.21998e+17	3.56e-02	8.76e-01	8.81e-02	4.04e-04	9.35e-06	0.00e+00	0.00e+00	0.00e+00
 2.25561e+17	4.12e-02	8.87e-01	7.14e-02	2.92e-04	6.58e-06	0.00e+00	0.00e+00	0.00e+00
 2.28504e+17	4.70e-02	8.94e-01	5.89e-02	2.21e-04	4.80e-06	0.00e+00	0.00e+00	0.00e+00
 2.30871e+17	5.24e-02	8.97e-01	5.00e-02	1.76e-04	3.69e-06	0.00e+00	0.00e+00	0.00e+00
 2.33386e+17	5.93e-02	8.99e-01	4.11e-02	1.36e-04	2.70e-06	0.00e+00	0.00e+00	0.00e+00
 2.36054e+17	6.80e-02	8.99e-01	3.31e-02	1.04e-04	1.92e-06	0.00e+00	0.00e+00	0.00e+00
 2.38288e+17	7.67e-02	8.96e-01	2.72e-02	8.31e-05	1.42e-06	0.00e+00	0.00e+00	0.00e+00
 2.40174e+17	8.52e-02	8.92e-01	2.28e-02	6.87e-05	1.08e-06	0.00e+00	0.00e+00	0.00e+00
 2.42239e+17	9.62e-02	8.85e-01	1.86e-02	5.59e-05	7.93e-07	0.00e+00	0.00e+00	0.00e+00
 2.44467e+17	1.10e-01	8.75e-01	1.47e-02	4.51e-05	0.00e+00	0.00e+00	0.00e+00	0.00e+00
 2.46410e+17	1.24e-01	8.64e-01	1.19e-02	3.76e-05	0.00e+00	0.00e+00	0.00e+00	0.00e+00
 2.48122e+17	1.39e-01	8.52e-01	9.71e-03	3.21e-05	0.00e+00	0.00e+00	0.00e+00	0.00e+00
 2.49809e+17	1.55e-01	8.37e-01	7.91e-03	2.77e-05	0.00e+00	0.00e+00	0.00e+00	0.00e+00
 2.51479e+17	1.73e-01	8.21e-01	6.40e-03	2.40e-05	0.00e+00	0.00e+00	0.00e+00	0.00e+00
 2.53009e+17	1.91e-01	8.04e-01	5.24e-03	2.11e-05	0.00e+00	0.00e+00	0.00e+00	0.00e+00
 2.54367e+17	2.09e-01	7.86e-01	4.36e-03	1.89e-05	0.00e+00	0.00e+00	0.00e+00	0.00e+00
 2.55627e+17	2.27e-01	7.69e-01	3.66e-03	1.71e-05	0.00e+00	0.00e+00	0.00e+00	0.00e+00
 2.56842e+17	2.46e-01	7.51e-01	3.08e-03	1.55e-05	0.00e+00	0.00e+00	0.00e+00	0.00e+00
 2.57798e+17	2.61e-01	7.36e-01	2.69e-03	1.44e-05	0.00e+00	0.00e+00	0.00e+00	0.00e+00
 2.58430e+17	2.72e-01	7.26e-01	2.46e-03	1.38e-05	0.00e+00	0.00e+00	0.00e+00	0.00e+00
 2.59032e+17	2.82e-01	7.16e-01	2.26e-03	1.32e-05	0.00e+00	0.00e+00	0.00e+00	0.00e+00
 2.59762e+17	2.96e-01	7.02e-01	2.01e-03	1.24e-05	0.00e+00	0.00e+00	0.00e+00	0.00e+00
 2.60553e+17	3.10e-01	6.88e-01	1.79e-03	1.17e-05	0.00e+00	0.00e+00	0.00e+00	0.00e+00
 2.61293e+17	3.25e-01	6.73e-01	1.60e-03	1.11e-05	0.00e+00	0.00e+00	0.00e+00	0.00e+00
 2.61975e+17	3.38e-01	6.60e-01	1.44e-03	1.05e-05	0.00e+00	0.00e+00	0.00e+00	0.00e+00
 2.62657e+17	3.52e-01	6.47e-01	1.29e-03	9.99e-06	0.00e+00	0.00e+00	0.00e+00	0.00e+00
 2.63374e+17	3.67e-01	6.32e-01	1.16e-03	9.46e-06	0.00e+00	0.00e+00	0.00e+00	0.00e+00
 2.64095e+17	3.82e-01	6.17e-01	1.03e-03	8.95e-06	0.00e+00	0.00e+00	0.00e+00	0.00e+00
 2.64805e+17	3.97e-01	6.02e-01	9.24e-04	8.49e-06	0.00e+00	0.00e+00	0.00e+00	0.00e+00
 2.65510e+17	4.13e-01	5.86e-01	8.26e-04	8.03e-06	0.00e+00	0.00e+00	0.00e+00	0.00e+00
 2.66225e+17	4.28e-01	5.71e-01	7.41e-04	7.64e-06	0.00e+00	0.00e+00	0.00e+00	0.00e+00
 2.66955e+17	4.44e-01	5.55e-01	6.59e-04	7.21e-06	0.00e+00	0.00e+00	0.00e+00	0.00e+00
 2.67687e+17	4.60e-01	5.39e-01	5.89e-04	6.85e-06	0.00e+00	0.00e+00	0.00e+00	0.00e+00
 2.68434e+17	4.77e-01	5.23e-01	5.23e-04	6.46e-06	0.00e+00	0.00e+00	0.00e+00	0.00e+00
 2.69186e+17	4.92e-01	5.07e-01	4.68e-04	6.13e-06	0.00e+00	0.00e+00	0.00e+00	0.00e+00
 2.69926e+17	5.08e-01	4.91e-01	4.18e-04	5.79e-06	0.00e+00	0.00e+00	0.00e+00	0.00e+00
 2.70689e+17	5.24e-01	4.76e-01	3.74e-04	5.50e-06	0.00e+00	0.00e+00	0.00e+00	0.00e+00
 2.71482e+17	5.40e-01	4.59e-01	3.32e-04	5.18e-06	0.00e+00	0.00e+00	0.00e+00	0.00e+00
 2.72294e+17	5.56e-01	4.43e-01	2.97e-04	4.91e-06	0.00e+00	0.00e+00	0.00e+00	0.00e+00
 2.73116e+17	5.72e-01	4.27e-01	2.65e-04	4.62e-06	0.00e+00	0.00e+00	0.00e+00	0.00e+00
 2.73948e+17	5.88e-01	4.12e-01	2.38e-04	4.39e-06	0.00e+00	0.00e+00	0.00e+00	0.00e+00
 2.74810e+17	6.03e-01	3.97e-01	2.12e-04	4.13e-06	0.00e+00	0.00e+00	0.00e+00	0.00e+00
 2.75695e+17	6.18e-01	3.82e-01	1.91e-04	3.92e-06	0.00e+00	0.00e+00	0.00e+00	0.00e+00
 2.76607e+17	6.32e-01	3.68e-01	1.72e-04	3.70e-06	0.00e+00	0.00e+00	0.00e+00	0.00e+00
 2.77538e+17	6.45e-01	3.54e-01	1.56e-04	3.52e-06	0.00e+00	0.00e+00	0.00e+00	0.00e+00
 2.78526e+17	6.59e-01	3.41e-01	1.41e-04	3.32e-06	0.00e+00	0.00e+00	0.00e+00	0.00e+00
 2.79633e+17	6.73e-01	3.27e-01	1.28e-04	3.15e-06	0.00e+00	0.00e+00	0.00e+00	0.00e+00
 2.80750e+17	6.85e-01	3.15e-01	1.17e-04	2.98e-06	0.00e+00	0.00e+00	0.00e+00	0.00e+00
 2.81798e+17	6.96e-01	3.04e-01	1.08e-04	2.85e-06	0.00e+00	0.00e+00	0.00e+00	0.00e+00
 2.82973e+17	7.07e-01	2.93e-01	9.89e-05	2.70e-06	0.00e+00	0.00e+00	0.00e+00	0.00e+00
 2.84433e+17	7.19e-01	2.81e-01	9.08e-05	2.56e-06	0.00e+00	0.00e+00	0.00e+00	0.00e+00
 2.86014e+17	7.30e-01	2.70e-01	8.35e-05	2.42e-06	0.00e+00	0.00e+00	0.00e+00	0.00e+00
 2.87563e+17	7.40e-01	2.60e-01	7.81e-05	2.32e-06	0.00e+00	0.00e+00	0.00e+00	0.00e+00
 2.89313e+17	7.49e-01	2.51e-01	7.29e-05	2.21e-06	0.00e+00	0.00e+00	0.00e+00	0.00e+00
 2.91260e+17	7.58e-01	2.42e-01	6.85e-05	2.12e-06	0.00e+00	0.00e+00	0.00e+00	0.00e+00
 2.93470e+17	7.66e-01	2.34e-01	6.42e-05	2.02e-06	0.00e+00	0.00e+00	0.00e+00	0.00e+00
 2.96244e+17	7.76e-01	2.24e-01	6.00e-05	1.91e-06	0.00e+00	0.00e+00	0.00e+00	0.00e+00
 2.99698e+17	7.86e-01	2.14e-01	5.58e-05	1.80e-06	0.00e+00	0.00e+00	0.00e+00	0.00e+00
 3.03601e+17	7.96e-01	2.04e-01	5.20e-05	1.69e-06	0.00e+00	0.00e+00	0.00e+00	0.00e+00
 3.07958e+17	8.05e-01	1.95e-01	4.85e-05	1.60e-06	0.00e+00	0.00e+00	0.00e+00	0.00e+00
 3.12530e+17	8.16e-01	1.84e-01	4.52e-05	1.49e-06	0.00e+00	0.00e+00	0.00e+00	0.00e+00
 3.17110e+17	8.24e-01	1.76e-01	4.29e-05	1.41e-06	0.00e+00	0.00e+00	0.00e+00	0.00e+00
 3.21618e+17	8.33e-01	1.67e-01	4.04e-05	1.32e-06	0.00e+00	0.00e+00	0.00e+00	0.00e+00
 3.26119e+17	8.41e-01	1.59e-01	3.81e-05	1.24e-06	0.00e+00	0.00e+00	0.00e+00	0.00e+00
 3.31094e+17	8.50e-01	1.50e-01	3.58e-05	1.16e-06	0.00e+00	0.00e+00	0.00e+00	0.00e+00
 3.36232e+17	8.59e-01	1.41e-01	3.36e-05	1.07e-06	0.00e+00	0.00e+00	0.00e+00	0.00e+00
 3.41446e+17	8.68e-01	1.32e-01	3.16e-05	9.90e-07	0.00e+00	0.00e+00	0.00e+00	0.00e+00
 3.46669e+17	8.77e-01	1.23e-01	2.97e-05	0.00e+00	0.00e+00	0.00e+00	0.00e+00	0.00e+00
 3.51684e+17	8.84e-01	1.16e-01	2.81e-05	0.00e+00	0.00e+00	0.00e+00	0.00e+00	0.00e+00
 3.56471e+17	8.92e-01	1.08e-01	2.66e-05	0.00e+00	0.00e+00	0.00e+00	0.00e+00	0.00e+00
 3.61122e+17	8.99e-01	1.01e-01	2.52e-05	0.00e+00	0.00e+00	0.00e+00	0.00e+00	0.00e+00
 3.65748e+17	9.06e-01	9.42e-02	2.39e-05	0.00e+00	0.00e+00	0.00e+00	0.00e+00	0.00e+00
 3.70255e+17	9.12e-01	8.76e-02	2.27e-05	0.00e+00	0.00e+00	0.00e+00	0.00e+00	0.00e+00
 3.74450e+17	9.18e-01	8.16e-02	2.16e-05	0.00e+00	0.00e+00	0.00e+00	0.00e+00	0.00e+00
 3.77549e+17	9.23e-01	7.73e-02	2.09e-05	0.00e+00	0.00e+00	0.00e+00	0.00e+00	0.00e+00
 3.79465e+17	9.25e-01	7.50e-02	2.04e-05	0.00e+00	0.00e+00	0.00e+00	0.00e+00	0.00e+00
 3.81099e+17	9.26e-01	7.44e-02	2.02e-05	0.00e+00	0.00e+00	0.00e+00	0.00e+00	0.00e+00
 3.83004e+17	9.29e-01	7.14e-02	1.96e-05	0.00e+00	0.00e+00	0.00e+00	0.00e+00	0.00e+00
 3.84996e+17	9.31e-01	6.87e-02	1.91e-05	0.00e+00	0.00e+00	0.00e+00	0.00e+00	0.00e+00
 3.86653e+17	9.34e-01	6.65e-02	1.87e-05	0.00e+00	0.00e+00	0.00e+00	0.00e+00	0.00e+00
 3.88119e+17	9.36e-01	6.45e-02	1.83e-05	0.00e+00	0.00e+00	0.00e+00	0.00e+00	0.00e+00
 3.89596e+17	9.37e-01	6.28e-02	1.81e-05	0.00e+00	0.00e+00	0.00e+00	0.00e+00	0.00e+00
 3.91179e+17	9.40e-01	6.01e-02	1.76e-05	0.00e+00	0.00e+00	0.00e+00	0.00e+00	0.00e+00
 3.92658e+17	9.42e-01	5.77e-02	1.71e-05	0.00e+00	0.00e+00	0.00e+00	0.00e+00	0.00e+00
 3.93844e+17	9.44e-01	5.64e-02	1.69e-05	0.00e+00	0.00e+00	0.00e+00	0.00e+00	0.00e+00
 3.95022e+17	9.46e-01	5.43e-02	1.65e-05	0.00e+00	0.00e+00	0.00e+00	0.00e+00	0.00e+00
 3.96184e+17	9.47e-01	5.25e-02	1.62e-05	0.00e+00	0.00e+00	0.00e+00	0.00e+00	0.00e+00
 3.97150e+17	9.49e-01	5.13e-02	1.60e-05	0.00e+00	0.00e+00	0.00e+00	0.00e+00	0.00e+00
 3.98148e+17	9.50e-01	4.95e-02	1.56e-05	0.00e+00	0.00e+00	0.00e+00	0.00e+00	0.00e+00
 3.99139e+17	9.52e-01	4.77e-02	1.53e-05	0.00e+00	0.00e+00	0.00e+00	0.00e+00	0.00e+00
 3.99916e+17	9.53e-01	4.71e-02	1.52e-05	0.00e+00	0.00e+00	0.00e+00	0.00e+00	0.00e+00
 4.00705e+17	9.53e-01	4.67e-02	1.51e-05	0.00e+00	0.00e+00	0.00e+00	0.00e+00	0.00e+00
 4.01729e+17	9.54e-01	4.57e-02	1.50e-05	0.00e+00	0.00e+00	0.00e+00	0.00e+00	0.00e+00
 4.03011e+17	9.56e-01	4.36e-02	1.46e-05	0.00e+00	0.00e+00	0.00e+00	0.00e+00	0.00e+00
 4.04152e+17	9.58e-01	4.18e-02	1.42e-05	0.00e+00	0.00e+00	0.00e+00	0.00e+00	0.00e+00
 4.04855e+17	9.59e-01	4.10e-02	1.41e-05	0.00e+00	0.00e+00	0.00e+00	0.00e+00	0.00e+00
 4.05466e+17	9.60e-01	4.04e-02	1.39e-05	0.00e+00	0.00e+00	0.00e+00	0.00e+00	0.00e+00
 4.06259e+17	9.61e-01	3.87e-02	1.36e-05	0.00e+00	0.00e+00	0.00e+00	0.00e+00	0.00e+00
 4.06986e+17	9.62e-01	3.77e-02	1.35e-05	0.00e+00	0.00e+00	0.00e+00	0.00e+00	0.00e+00
 4.07538e+17	9.63e-01	3.70e-02	1.33e-05	0.00e+00	0.00e+00	0.00e+00	0.00e+00	0.00e+00
 4.08168e+17	9.64e-01	3.56e-02	1.30e-05	0.00e+00	0.00e+00	0.00e+00	0.00e+00	0.00e+00
 4.08741e+17	9.66e-01	3.44e-02	1.27e-05	0.00e+00	0.00e+00	0.00e+00	0.00e+00	0.00e+00
 4.09103e+17	9.66e-01	3.39e-02	1.26e-05	0.00e+00	0.00e+00	0.00e+00	0.00e+00	0.00e+00
 4.09438e+17	9.67e-01	3.35e-02	1.25e-05	0.00e+00	0.00e+00	0.00e+00	0.00e+00	0.00e+00
 4.09874e+17	9.67e-01	3.28e-02	1.24e-05	0.00e+00	0.00e+00	0.00e+00	0.00e+00	0.00e+00
 4.10357e+17	9.69e-01	3.14e-02	1.21e-05	0.00e+00	0.00e+00	0.00e+00	0.00e+00	0.00e+00
 4.10740e+17	9.69e-01	3.07e-02	1.20e-05	0.00e+00	0.00e+00	0.00e+00	0.00e+00	0.00e+00
 4.11046e+17	9.70e-01	3.03e-02	1.19e-05	0.00e+00	0.00e+00	0.00e+00	0.00e+00	0.00e+00
 4.11410e+17	9.71e-01	2.92e-02	1.16e-05	0.00e+00	0.00e+00	0.00e+00	0.00e+00	0.00e+00
 4.11740e+17	9.72e-01	2.81e-02	1.14e-05	0.00e+00	0.00e+00	0.00e+00	0.00e+00	0.00e+00
 4.11944e+17	9.72e-01	2.78e-02	1.13e-05	0.00e+00	0.00e+00	0.00e+00	0.00e+00	0.00e+00
 4.12128e+17	9.72e-01	2.76e-02	1.12e-05	0.00e+00	0.00e+00	0.00e+00	0.00e+00	0.00e+00
 4.12368e+17	9.73e-01	2.71e-02	1.11e-05	0.00e+00	0.00e+00	0.00e+00	0.00e+00	0.00e+00
 4.12667e+17	9.74e-01	2.59e-02	1.09e-05	0.00e+00	0.00e+00	0.00e+00	0.00e+00	0.00e+00
 4.12921e+17	9.76e-01	2.45e-02	1.05e-05	0.00e+00	0.00e+00	0.00e+00	0.00e+00	0.00e+00
 4.13050e+17	9.76e-01	2.43e-02	1.05e-05	0.00e+00	0.00e+00	0.00e+00	0.00e+00	0.00e+00
 4.13136e+17	9.76e-01	2.41e-02	1.04e-05	0.00e+00	0.00e+00	0.00e+00	0.00e+00	0.00e+00
 4.13249e+17	9.76e-01	2.39e-02	1.04e-05	0.00e+00	0.00e+00	0.00e+00	0.00e+00	0.00e+00
 4.13395e+17	9.76e-01	2.36e-02	1.03e-05	0.00e+00	0.00e+00	0.00e+00	0.00e+00	0.00e+00
 4.13585e+17	9.77e-01	2.31e-02	1.02e-05	0.00e+00	0.00e+00	0.00e+00	0.00e+00	0.00e+00
 4.13807e+17	9.79e-01	2.14e-02	9.75e-06	0.00e+00	0.00e+00	0.00e+00	0.00e+00	0.00e+00
 4.13959e+17	9.80e-01	2.02e-02	9.45e-06	0.00e+00	0.00e+00	0.00e+00	0.00e+00	0.00e+00
 4.14013e+17	9.80e-01	2.00e-02	9.38e-06	0.00e+00	0.00e+00	0.00e+00	0.00e+00	0.00e+00
 4.14054e+17	9.80e-01	1.99e-02	9.33e-06	0.00e+00	0.00e+00	0.00e+00	0.00e+00	0.00e+00
 4.14106e+17	9.80e-01	1.97e-02	9.27e-06	0.00e+00	0.00e+00	0.00e+00	0.00e+00	0.00e+00
 4.14174e+17	9.81e-01	1.95e-02	9.21e-06	0.00e+00	0.00e+00	0.00e+00	0.00e+00	0.00e+00
 4.14262e+17	9.81e-01	1.92e-02	9.14e-06	0.00e+00	0.00e+00	0.00e+00	0.00e+00	0.00e+00
 4.14377e+17	9.81e-01	1.88e-02	9.06e-06	0.00e+00	0.00e+00	0.00e+00	0.00e+00	0.00e+00
 4.14527e+17	9.92e-01	7.72e-03	4.47e-06	0.00e+00	0.00e+00	0.00e+00	0.00e+00	0.00e+00
 4.14688e+17	9.93e-01	7.11e-03	4.11e-06	0.00e+00	0.00e+00	0.00e+00	0.00e+00	0.00e+00
 4.14835e+17	9.93e-01	6.77e-03	3.95e-06	0.00e+00	0.00e+00	0.00e+00	0.00e+00	0.00e+00
 4.14968e+17	9.93e-01	6.65e-03	3.88e-06	0.00e+00	0.00e+00	0.00e+00	0.00e+00	0.00e+00
 4.15087e+17	9.93e-01	6.58e-03	3.85e-06	0.00e+00	0.00e+00	0.00e+00	0.00e+00	0.00e+00
 4.15213e+17	9.94e-01	6.48e-03	3.79e-06	0.00e+00	0.00e+00	0.00e+00	0.00e+00	0.00e+00
 4.15349e+17	9.94e-01	6.33e-03	3.72e-06	0.00e+00	0.00e+00	0.00e+00	0.00e+00	0.00e+00
 4.15474e+17	9.94e-01	6.22e-03	3.65e-06	0.00e+00	0.00e+00	0.00e+00	0.00e+00	0.00e+00
 4.15579e+17	9.94e-01	6.17e-03	3.63e-06	0.00e+00	0.00e+00	0.00e+00	0.00e+00	0.00e+00
 4.15683e+17	9.94e-01	6.13e-03	3.60e-06	0.00e+00	0.00e+00	0.00e+00	0.00e+00	0.00e+00
 4.15818e+17	9.94e-01	6.00e-03	3.53e-06	0.00e+00	0.00e+00	0.00e+00	0.00e+00	0.00e+00
 4.15963e+17	9.94e-01	5.81e-03	3.44e-06	0.00e+00	0.00e+00	0.00e+00	0.00e+00	0.00e+00
 4.16096e+17	9.94e-01	5.76e-03	3.41e-06	0.00e+00	0.00e+00	0.00e+00	0.00e+00	0.00e+00
 4.16241e+17	9.94e-01	5.66e-03	3.35e-06	0.00e+00	0.00e+00	0.00e+00	0.00e+00	0.00e+00
 4.16395e+17	9.94e-01	5.52e-03	3.29e-06	0.00e+00	0.00e+00	0.00e+00	0.00e+00	0.00e+00
 4.16533e+17	9.95e-01	5.47e-03	3.26e-06	0.00e+00	0.00e+00	0.00e+00	0.00e+00	0.00e+00
 4.16682e+17	9.95e-01	5.38e-03	3.21e-06	0.00e+00	0.00e+00	0.00e+00	0.00e+00	0.00e+00
 4.16839e+17	9.95e-01	5.26e-03	3.15e-06	0.00e+00	0.00e+00	0.00e+00	0.00e+00	0.00e+00
 4.16979e+17	9.95e-01	5.21e-03	3.12e-06	0.00e+00	0.00e+00	0.00e+00	0.00e+00	0.00e+00
 4.17129e+17	9.95e-01	5.12e-03	3.07e-06	0.00e+00	0.00e+00	0.00e+00	0.00e+00	0.00e+00
 4.17282e+17	9.95e-01	5.01e-03	3.02e-06	0.00e+00	0.00e+00	0.00e+00	0.00e+00	0.00e+00
 4.17401e+17	9.95e-01	4.99e-03	3.00e-06	0.00e+00	0.00e+00	0.00e+00	0.00e+00	0.00e+00
 4.17516e+17	9.95e-01	4.97e-03	2.98e-06	0.00e+00	0.00e+00	0.00e+00	0.00e+00	0.00e+00
 4.17666e+17	9.95e-01	4.86e-03	2.94e-06	0.00e+00	0.00e+00	0.00e+00	0.00e+00	0.00e+00
 4.17816e+17	9.95e-01	4.76e-03	2.89e-06	0.00e+00	0.00e+00	0.00e+00	0.00e+00	0.00e+00
 4.17931e+17	9.95e-01	4.73e-03	2.87e-06	0.00e+00	0.00e+00	0.00e+00	0.00e+00	0.00e+00
 4.18042e+17	9.95e-01	4.72e-03	2.86e-06	0.00e+00	0.00e+00	0.00e+00	0.00e+00	0.00e+00
 4.18187e+17	9.95e-01	4.65e-03	2.83e-06	0.00e+00	0.00e+00	0.00e+00	0.00e+00	0.00e+00
 4.18364e+17	9.95e-01	4.53e-03	2.78e-06	0.00e+00	0.00e+00	0.00e+00	0.00e+00	0.00e+00
 4.18546e+17	9.96e-01	4.43e-03	2.73e-06	0.00e+00	0.00e+00	0.00e+00	0.00e+00	0.00e+00
 4.18691e+17	9.96e-01	4.39e-03	2.71e-06	0.00e+00	0.00e+00	0.00e+00	0.00e+00	0.00e+00
 4.18806e+17	9.96e-01	4.39e-03	2.70e-06	0.00e+00	0.00e+00	0.00e+00	0.00e+00	0.00e+00
 4.18938e+17	9.96e-01	4.35e-03	2.68e-06	0.00e+00	0.00e+00	0.00e+00	0.00e+00	0.00e+00
 4.19110e+17	9.96e-01	4.25e-03	2.64e-06	0.00e+00	0.00e+00	0.00e+00	0.00e+00	0.00e+00
 4.19275e+17	9.96e-01	4.18e-03	2.61e-06	0.00e+00	0.00e+00	0.00e+00	0.00e+00	0.00e+00
 4.19395e+17	9.96e-01	4.17e-03	2.60e-06	0.00e+00	0.00e+00	0.00e+00	0.00e+00	0.00e+00
 4.19516e+17	9.96e-01	4.16e-03	2.59e-06	0.00e+00	0.00e+00	0.00e+00	0.00e+00	0.00e+00
 4.19674e+17	9.96e-01	4.10e-03	2.57e-06	0.00e+00	0.00e+00	0.00e+00	0.00e+00	0.00e+00
 4.19851e+17	9.96e-01	4.00e-03	2.53e-06	0.00e+00	0.00e+00	0.00e+00	0.00e+00	0.00e+00
 4.19998e+17	9.96e-01	3.97e-03	2.52e-06	0.00e+00	0.00e+00	0.00e+00	0.00e+00	0.00e+00
 4.20115e+17	9.96e-01	3.97e-03	2.51e-06	0.00e+00	0.00e+00	0.00e+00	0.00e+00	0.00e+00
 4.20246e+17	9.96e-01	3.95e-03	2.50e-06	0.00e+00	0.00e+00	0.00e+00	0.00e+00	0.00e+00
 4.20416e+17	9.96e-01	3.89e-03	2.49e-06	0.00e+00	0.00e+00	0.00e+00	0.00e+00	0.00e+00
 4.20603e+17	9.96e-01	3.82e-03	2.47e-06	0.00e+00	0.00e+00	0.00e+00	0.00e+00	0.00e+00
 4.20770e+17	9.96e-01	3.79e-03	2.45e-06	0.00e+00	0.00e+00	0.00e+00	0.00e+00	0.00e+00
 4.20918e+17	9.96e-01	3.77e-03	2.45e-06	0.00e+00	0.00e+00	0.00e+00	0.00e+00	0.00e+00
 4.21079e+17	9.96e-01	3.75e-03	2.44e-06	0.00e+00	0.00e+00	0.00e+00	0.00e+00	0.00e+00
 4.21289e+17	9.96e-01	3.69e-03	2.43e-06	0.00e+00	0.00e+00	0.00e+00	0.00e+00	0.00e+00
 4.21512e+17	9.96e-01	3.62e-03	2.42e-06	0.00e+00	0.00e+00	0.00e+00	0.00e+00	0.00e+00
 4.21692e+17	9.96e-01	3.61e-03	2.42e-06	0.00e+00	0.00e+00	0.00e+00	0.00e+00	0.00e+00
 4.21859e+17	9.96e-01	3.61e-03	2.43e-06	0.00e+00	0.00e+00	0.00e+00	0.00e+00	0.00e+00
 4.22064e+17	9.96e-01	3.58e-03	2.43e-06	0.00e+00	0.00e+00	0.00e+00	0.00e+00	0.00e+00
 4.22324e+17	9.96e-01	3.51e-03	2.42e-06	0.00e+00	0.00e+00	0.00e+00	0.00e+00	0.00e+00
 4.22606e+17	9.97e-01	3.45e-03	2.43e-06	0.00e+00	0.00e+00	0.00e+00	0.00e+00	0.00e+00
 4.22854e+17	9.97e-01	3.43e-03	2.44e-06	0.00e+00	0.00e+00	0.00e+00	0.00e+00	0.00e+00
 4.23074e+17	9.97e-01	3.46e-03	2.48e-06	0.00e+00	0.00e+00	0.00e+00	0.00e+00	0.00e+00
 4.23324e+17	9.97e-01	3.43e-03	2.49e-06	0.00e+00	0.00e+00	0.00e+00	0.00e+00	0.00e+00
 4.23629e+17	9.97e-01	3.37e-03	2.50e-06	0.00e+00	0.00e+00	0.00e+00	0.00e+00	0.00e+00
 4.23936e+17	9.97e-01	3.34e-03	2.53e-06	0.00e+00	0.00e+00	0.00e+00	0.00e+00	0.00e+00
 4.24215e+17	9.97e-01	3.34e-03	2.57e-06	0.00e+00	0.00e+00	0.00e+00	0.00e+00	0.00e+00
 4.24528e+17	9.97e-01	3.29e-03	2.58e-06	0.00e+00	0.00e+00	0.00e+00	0.00e+00	0.00e+00
 4.24880e+17	9.97e-01	3.21e-03	2.60e-06	0.00e+00	0.00e+00	0.00e+00	0.00e+00	0.00e+00
 4.25189e+17	9.97e-01	3.18e-03	2.64e-06	0.00e+00	0.00e+00	0.00e+00	0.00e+00	0.00e+00
 4.25464e+17	9.97e-01	3.18e-03	2.67e-06	0.00e+00	0.00e+00	0.00e+00	0.00e+00	0.00e+00
 4.25790e+17	9.97e-01	3.10e-03	2.68e-06	0.00e+00	0.00e+00	0.00e+00	0.00e+00	0.00e+00
 4.26158e+17	9.97e-01	2.97e-03	2.68e-06	0.00e+00	0.00e+00	0.00e+00	0.00e+00	0.00e+00
 4.26476e+17	9.97e-01	2.86e-03	2.68e-06	0.00e+00	0.00e+00	0.00e+00	0.00e+00	0.00e+00
 4.26721e+17	9.97e-01	2.81e-03	2.68e-06	0.00e+00	0.00e+00	0.00e+00	0.00e+00	0.00e+00
 4.26963e+17	9.97e-01	2.75e-03	2.68e-06	0.00e+00	0.00e+00	0.00e+00	0.00e+00	0.00e+00
 4.27179e+17	9.97e-01	2.65e-03	2.67e-06	0.00e+00	0.00e+00	0.00e+00	0.00e+00	0.00e+00
 4.27315e+17	9.97e-01	2.62e-03	2.67e-06	0.00e+00	0.00e+00	0.00e+00	0.00e+00	0.00e+00
 4.27419e+17	9.97e-01	2.62e-03	2.67e-06	0.00e+00	0.00e+00	0.00e+00	0.00e+00	0.00e+00
 4.27541e+17	9.97e-01	2.58e-03	2.66e-06	0.00e+00	0.00e+00	0.00e+00	0.00e+00	0.00e+00
 4.27699e+17	9.97e-01	2.50e-03	2.65e-06	0.00e+00	0.00e+00	0.00e+00	0.00e+00	0.00e+00
 4.27857e+17	9.98e-01	2.36e-03	2.60e-06	0.00e+00	0.00e+00	0.00e+00	0.00e+00	0.00e+00
 4.27986e+17	9.98e-01	2.26e-03	2.56e-06	0.00e+00	0.00e+00	0.00e+00	0.00e+00	0.00e+00
 4.28085e+17	9.98e-01	2.20e-03	2.54e-06	0.00e+00	0.00e+00	0.00e+00	0.00e+00	0.00e+00
 4.28153e+17	9.98e-01	2.18e-03	2.52e-06	0.00e+00	0.00e+00	0.00e+00	0.00e+00	0.00e+00
 4.28224e+17	9.98e-01	2.15e-03	2.51e-06	0.00e+00	0.00e+00	0.00e+00	0.00e+00	0.00e+00
 4.28317e+17	9.98e-01	2.09e-03	2.49e-06	0.00e+00	0.00e+00	0.00e+00	0.00e+00	0.00e+00
 4.28421e+17	9.98e-01	1.89e-03	2.40e-06	0.00e+00	0.00e+00	0.00e+00	0.00e+00	0.00e+00
 4.28517e+17	9.98e-01	1.76e-03	2.33e-06	0.00e+00	0.00e+00	0.00e+00	0.00e+00	0.00e+00
###########################
 3.64626e+13	5.42e-04	1.59e-01	7.26e-01	1.10e-01	3.98e-03	6.66e-05	0.00e+00	0.00e+00
 2.18776e+14	5.43e-04	1.59e-01	7.26e-01	1.10e-01	3.97e-03	6.65e-05	0.00e+00	0.00e+00
 9.48028e+14	5.40e-04	1.58e-01	7.27e-01	1.10e-01	3.96e-03	6.64e-05	0.00e+00	0.00e+00
 3.86504e+15	5.39e-04	1.55e-01	7.31e-01	1.09e-01	3.85e-03	6.46e-05	0.00e+00	0.00e+00
 9.23234e+15	5.33e-04	1.49e-01	7.38e-01	1.08e-01	3.72e-03	6.33e-05	0.00e+00	0.00e+00
 1.62098e+16	5.40e-04	1.46e-01	7.45e-01	1.05e-01	3.47e-03	5.96e-05	0.00e+00	0.00e+00
 2.52806e+16	5.63e-04	1.46e-01	7.51e-01	9.87e-02	3.13e-03	5.38e-05	0.00e+00	0.00e+00
 3.70725e+16	6.17e-04	1.51e-01	7.56e-01	8.91e-02	2.67e-03	4.55e-05	0.00e+00	0.00e+00
 5.24021e+16	7.35e-04	1.66e-01	7.56e-01	7.55e-02	2.12e-03	3.49e-05	0.00e+00	0.00e+00
 6.69536e+16	8.74e-04	1.82e-01	7.51e-01	6.39e-02	1.70e-03	2.68e-05	0.00e+00	0.00e+00
 7.68586e+16	1.02e-03	1.99e-01	7.43e-01	5.60e-02	1.44e-03	2.17e-05	0.00e+00	0.00e+00
 8.40307e+16	1.15e-03	2.14e-01	7.33e-01	5.04e-02	1.27e-03	1.83e-05	0.00e+00	0.00e+00
 9.02467e+16	1.29e-03	2.29e-01	7.23e-01	4.57e-02	1.13e-03	1.56e-05	0.00e+00	0.00e+00
 9.72889e+16	1.50e-03	2.50e-01	7.07e-01	4.03e-02	9.70e-04	1.26e-05	0.00e+00	0.00e+00
 1.04545e+17	1.73e-03	2.71e-01	6.90e-01	3.56e-02	8.41e-04	1.03e-05	0.00e+00	0.00e+00
 1.10696e+17	1.96e-03	2.91e-01	6.74e-01	3.19e-02	7.43e-04	8.59e-06	0.00e+00	0.00e+00
 1.17311e+17	2.26e-03	3.16e-01	6.53e-01	2.80e-02	6.44e-04	6.95e-06	0.00e+00	0.00e+00
 1.24492e+17	2.63e-03	3.43e-01	6.29e-01	2.43e-02	5.54e-04	5.53e-06	0.00e+00	0.00e+00
 1.31023e+17	3.01e-03	3.69e-01	6.06e-01	2.13e-02	4.81e-04	4.45e-06	0.00e+00	0.00e+00
 1.38128e+17	3.53e-03	4.02e-01	5.76e-01	1.81e-02	4.07e-04	3.43e-06	0.00e+00	0.00e+00
 1.45271e+17	4.11e-03	4.35e-01	5.45e-01	1.53e-02	3.44e-04	2.64e-06	0.00e+00	0.00e+00
 1.51054e+17	4.68e-03	4.65e-01	5.17e-01	1.32e-02	2.95e-04	2.08e-06	0.00e+00	0.00e+00
 1.57162e+17	5.40e-03	4.98e-01	4.86e-01	1.11e-02	2.50e-04	1.59e-06	0.00e+00	0.00e+00
 1.65103e+17	6.55e-03	5.44e-01	4.41e-01	8.69e-03	1.96e-04	1.09e-06	0.00e+00	0.00e+00
 1.72923e+17	7.90e-03	5.90e-01	3.95e-01	6.69e-03	1.52e-04	7.30e-07	0.00e+00	0.00e+00
 1.78771e+17	9.14e-03	6.26e-01	3.59e-01	5.40e-03	1.24e-04	0.00e+00	0.00e+00	0.00e+00
 1.84558e+17	1.07e-02	6.64e-01	3.21e-01	4.24e-03	9.78e-05	0.00e+00	0.00e+00	0.00e+00
 1.90992e+17	1.27e-02	7.05e-01	2.79e-01	3.16e-03	7.36e-05	0.00e+00	0.00e+00	0.00e+00
 1.96842e+17	1.51e-02	7.42e-01	2.40e-01	2.34e-03	5.51e-05	0.00e+00	0.00e+00	0.00e+00
 2.01956e+17	1.76e-02	7.74e-01	2.06e-01	1.75e-03	4.14e-05	0.00e+00	0.00e+00	0.00e+00
 2.06642e+17	2.05e-02	8.02e-01	1.76e-01	1.30e-03	3.09e-05	0.00e+00	0.00e+00	0.00e+00
 2.10962e+17	2.36e-02	8.26e-01	1.49e-01	9.67e-04	2.30e-05	0.00e+00	0.00e+00	0.00e+00
 2.14891e+17	2.71e-02	8.46e-01	1.26e-01	7.22e-04	1.71e-05	0.00e+00	0.00e+00	0.00e+00
 2.18455e+17	3.10e-02	8.62e-01	1.06e-01	5.45e-04	1.28e-05	0.00e+00	0.00e+00	0.00e+00
 2.21721e+17	3.52e-02	8.75e-01	8.95e-02	4.13e-04	9.59e-06	0.00e+00	0.00e+00	0.00e+00
 2.24745e+17	3.98e-02	8.85e-01	7.50e-02	3.15e-04	7.14e-06	0.00e+00	0.00e+00	0.00e+00
 2.27540e+17	4.50e-02	8.92e-01	6.29e-02	2.43e-04	5.35e-06	0.00e+00	0.00e+00	0.00e+00
 2.30136e+17	5.07e-02	8.97e-01	5.25e-02	1.88e-04	3.99e-06	0.00e+00	0.00e+00	0.00e+00
 2.32560e+17	5.70e-02	8.99e-01	4.38e-02	1.48e-04	2.99e-06	0.00e+00	0.00e+00	0.00e+00
 2.34838e+17	6.39e-02	8.99e-01	3.66e-02	1.18e-04	2.25e-06	0.00e+00	0.00e+00	0.00e+00
 2.37011e+17	7.16e-02	8.98e-01	3.04e-02	9.43e-05	1.68e-06	0.00e+00	0.00e+00	0.00e+00
 2.39097e+17	8.03e-02	8.94e-01	2.52e-02	7.64e-05	1.26e-06	0.00e+00	0.00e+00	0.00e+00
 2.41101e+17	9.00e-02	8.89e-01	2.08e-02	6.25e-05	9.41e-07	0.00e+00	0.00e+00	0.00e+00
 2.43031e+17	1.01e-01	8.82e-01	1.71e-02	5.17e-05	0.00e+00	0.00e+00	0.00e+00	0.00e+00
 2.44909e+17	1.13e-01	8.73e-01	1.40e-02	4.32e-05	0.00e+00	0.00e+00	0.00e+00	0.00e+00
 2.46756e+17	1.27e-01	8.61e-01	1.14e-02	3.64e-05	0.00e+00	0.00e+00	0.00e+00	0.00e+00
 2.48590e+17	1.43e-01	8.48e-01	9.17e-03	3.08e-05	0.00e+00	0.00e+00	0.00e+00	0.00e+00
 2.50361e+17	1.61e-01	8.32e-01	7.37e-03	2.63e-05	0.00e+00	0.00e+00	0.00e+00	0.00e+00
 2.51969e+17	1.79e-01	8.15e-01	6.00e-03	2.30e-05	0.00e+00	0.00e+00	0.00e+00	0.00e+00
 2.53388e+17	1.96e-01	7.99e-01	4.97e-03	2.04e-05	0.00e+00	0.00e+00	0.00e+00	0.00e+00
 2.54693e+17	2.14e-01	7.82e-01	4.16e-03	1.84e-05	0.00e+00	0.00e+00	0.00e+00	0.00e+00
 2.55958e+17	2.33e-01	7.64e-01	3.49e-03	1.66e-05	0.00e+00	0.00e+00	0.00e+00	0.00e+00
 2.57183e+17	2.52e-01	7.45e-01	2.92e-03	1.51e-05	0.00e+00	0.00e+00	0.00e+00	0.00e+00
 2.58131e+17	2.67e-01	7.30e-01	2.56e-03	1.40e-05	0.00e+00	0.00e+00	0.00e+00	0.00e+00
 2.58755e+17	2.78e-01	7.20e-01	2.34e-03	1.34e-05	0.00e+00	0.00e+00	0.00e+00	0.00e+00
 2.59357e+17	2.88e-01	7.10e-01	2.14e-03	1.28e-05	0.00e+00	0.00e+00	0.00e+00	0.00e+00
 2.60093e+17	3.02e-01	6.96e-01	1.91e-03	1.21e-05	0.00e+00	0.00e+00	0.00e+00	0.00e+00
 2.60887e+17	3.17e-01	6.81e-01	1.69e-03	1.14e-05	0.00e+00	0.00e+00	0.00e+00	0.00e+00
 2.61619e+17	3.32e-01	6.67e-01	1.52e-03	1.08e-05	0.00e+00	0.00e+00	0.00e+00	0.00e+00
 2.62300e+17	3.45e-01	6.53e-01	1.37e-03	1.02e-05	0.00e+00	0.00e+00	0.00e+00	0.00e+00
 2.62988e+17	3.60e-01	6.39e-01	1.22e-03	9.71e-06	0.00e+00	0.00e+00	0.00e+00	0.00e+00
 2.63698e+17	3.74e-01	6.25e-01	1.10e-03	9.24e-06	0.00e+00	0.00e+00	0.00e+00	0.00e+00
 2.64423e+17	3.90e-01	6.09e-01	9.79e-04	8.72e-06	0.00e+00	0.00e+00	0.00e+00	0.00e+00
 2.65144e+17	4.05e-01	5.94e-01	8.74e-04	8.26e-06	0.00e+00	0.00e+00	0.00e+00	0.00e+00
 2.65850e+17	4.20e-01	5.79e-01	7.82e-04	7.83e-06	0.00e+00	0.00e+00	0.00e+00	0.00e+00
 2.66561e+17	4.36e-01	5.64e-01	7.01e-04	7.44e-06	0.00e+00	0.00e+00	0.00e+00	0.00e+00
 2.67293e+17	4.52e-01	5.47e-01	6.23e-04	7.03e-06	0.00e+00	0.00e+00	0.00e+00	0.00e+00
 2.68037e+17	4.68e-01	5.31e-01	5.55e-04	6.65e-06	0.00e+00	0.00e+00	0.00e+00	0.00e+00
 2.68777e+17	4.84e-01	5.15e-01	4.96e-04	6.30e-06	0.00e+00	0.00e+00	0.00e+00	0.00e+00
 2.69517e+17	4.99e-01	5.00e-01	4.45e-04	5.99e-06	0.00e+00	0.00e+00	0.00e+00	0.00e+00
 2.70300e+17	5.17e-01	4.83e-01	3.94e-04	5.64e-06	0.00e+00	0.00e+00	0.00e+00	0.00e+00
 2.71089e+17	5.33e-01	4.67e-01	3.51e-04	5.32e-06	0.00e+00	0.00e+00	0.00e+00	0.00e+00
 2.71847e+17	5.48e-01	4.52e-01	3.16e-04	5.06e-06	0.00e+00	0.00e+00	0.00e+00	0.00e+00
 2.72657e+17	5.64e-01	4.36e-01	2.81e-04	4.77e-06	0.00e+00	0.00e+00	0.00e+00	0.00e+00
 2.73519e+17	5.80e-01	4.20e-01	2.51e-04	4.51e-06	0.00e+00	0.00e+00	0.00e+00	0.00e+00
 2.74372e+17	5.96e-01	4.04e-01	2.24e-04	4.25e-06	0.00e+00	0.00e+00	0.00e+00	0.00e+00
 2.75209e+17	6.10e-01	3.90e-01	2.02e-04	4.04e-06	0.00e+00	0.00e+00	0.00e+00	0.00e+00
 2.76090e+17	6.24e-01	3.76e-01	1.82e-04	3.81e-06	0.00e+00	0.00e+00	0.00e+00	0.00e+00
 2.77031e+17	6.38e-01	3.61e-01	1.64e-04	3.62e-06	0.00e+00	0.00e+00	0.00e+00	0.00e+00
 2.78019e+17	6.53e-01	3.47e-01	1.48e-04	3.41e-06	0.00e+00	0.00e+00	0.00e+00	0.00e+00
 2.79073e+17	6.67e-01	3.33e-01	1.34e-04	3.22e-06	0.00e+00	0.00e+00	0.00e+00	0.00e+00
 2.80176e+17	6.79e-01	3.21e-01	1.22e-04	3.07e-06	0.00e+00	0.00e+00	0.00e+00	0.00e+00
 2.81275e+17	6.92e-01	3.08e-01	1.11e-04	2.90e-06	0.00e+00	0.00e+00	0.00e+00	0.00e+00
 2.82405e+17	7.02e-01	2.98e-01	1.03e-04	2.78e-06	0.00e+00	0.00e+00	0.00e+00	0.00e+00
 2.83563e+17	7.12e-01	2.88e-01	9.56e-05	2.65e-06	0.00e+00	0.00e+00	0.00e+00	0.00e+00
 2.84856e+17	7.22e-01	2.78e-01	8.86e-05	2.52e-06	0.00e+00	0.00e+00	0.00e+00	0.00e+00
 2.86447e+17	7.33e-01	2.67e-01	8.19e-05	2.40e-06	0.00e+00	0.00e+00	0.00e+00	0.00e+00
 2.88297e+17	7.44e-01	2.56e-01	7.56e-05	2.27e-06	0.00e+00	0.00e+00	0.00e+00	0.00e+00
 2.90262e+17	7.54e-01	2.46e-01	7.03e-05	2.15e-06	0.00e+00	0.00e+00	0.00e+00	0.00e+00
 2.92183e+17	7.61e-01	2.39e-01	6.67e-05	2.07e-06	0.00e+00	0.00e+00	0.00e+00	0.00e+00
 2.94364e+17	7.69e-01	2.31e-01	6.28e-05	1.98e-06	0.00e+00	0.00e+00	0.00e+00	0.00e+00
 2.97199e+17	7.79e-01	2.21e-01	5.87e-05	1.88e-06	0.00e+00	0.00e+00	0.00e+00	0.00e+00
 3.00800e+17	7.89e-01	2.11e-01	5.47e-05	1.77e-06	0.00e+00	0.00e+00	0.00e+00	0.00e+00
 3.04746e+17	7.99e-01	2.01e-01	5.10e-05	1.67e-06	0.00e+00	0.00e+00	0.00e+00	0.00e+00
 3.09098e+17	8.08e-01	1.92e-01	4.77e-05	1.57e-06	0.00e+00	0.00e+00	0.00e+00	0.00e+00
 3.13737e+17	8.18e-01	1.82e-01	4.44e-05	1.46e-06	0.00e+00	0.00e+00	0.00e+00	0.00e+00
 3.18391e+17	8.27e-01	1.73e-01	4.21e-05	1.38e-06	0.00e+00	0.00e+00	0.00e+00	0.00e+00
 3.22929e+17	8.35e-01	1.65e-01	3.97e-05	1.30e-06	0.00e+00	0.00e+00	0.00e+00	0.00e+00
 3.27457e+17	8.44e-01	1.56e-01	3.74e-05	1.22e-06	0.00e+00	0.00e+00	0.00e+00	0.00e+00
 3.32471e+17	8.53e-01	1.47e-01	3.51e-05	1.13e-06	0.00e+00	0.00e+00	0.00e+00	0.00e+00
 3.37806e+17	8.62e-01	1.38e-01	3.29e-05	1.04e-06	0.00e+00	0.00e+00	0.00e+00	0.00e+00
 3.43104e+17	8.71e-01	1.29e-01	3.09e-05	9.62e-07	0.00e+00	0.00e+00	0.00e+00	0.00e+00
 3.48129e+17	8.79e-01	1.21e-01	2.92e-05	0.00e+00	0.00e+00	0.00e+00	0.00e+00	0.00e+00
 3.52921e+17	8.86e-01	1.14e-01	2.77e-05	0.00e+00	0.00e+00	0.00e+00	0.00e+00	0.00e+00
 3.57634e+17	8.94e-01	1.06e-01	2.62e-05	0.00e+00	0.00e+00	0.00e+00	0.00e+00	0.00e+00
 3.62362e+17	9.01e-01	9.92e-02	2.49e-05	0.00e+00	0.00e+00	0.00e+00	0.00e+00	0.00e+00
 3.66979e+17	9.08e-01	9.23e-02	2.36e-05	0.00e+00	0.00e+00	0.00e+00	0.00e+00	0.00e+00
 3.71417e+17	9.14e-01	8.59e-02	2.24e-05	0.00e+00	0.00e+00	0.00e+00	0.00e+00	0.00e+00
 3.74766e+17	9.19e-01	8.13e-02	2.16e-05	0.00e+00	0.00e+00	0.00e+00	0.00e+00	0.00e+00
 3.76796e+17	9.21e-01	7.88e-02	2.11e-05	0.00e+00	0.00e+00	0.00e+00	0.00e+00	0.00e+00
 3.78537e+17	9.23e-01	7.66e-02	2.08e-05	0.00e+00	0.00e+00	0.00e+00	0.00e+00	0.00e+00
 3.80591e+17	9.26e-01	7.40e-02	2.02e-05	0.00e+00	0.00e+00	0.00e+00	0.00e+00	0.00e+00
 3.82760e+17	9.28e-01	7.15e-02	1.96e-05	0.00e+00	0.00e+00	0.00e+00	0.00e+00	0.00e+00
 3.84586e+17	9.31e-01	6.94e-02	1.92e-05	0.00e+00	0.00e+00	0.00e+00	0.00e+00	0.00e+00
 3.86223e+17	9.33e-01	6.71e-02	1.88e-05	0.00e+00	0.00e+00	0.00e+00	0.00e+00	0.00e+00
 3.87795e+17	9.35e-01	6.48e-02	1.84e-05	0.00e+00	0.00e+00	0.00e+00	0.00e+00	0.00e+00
 3.89296e+17	9.37e-01	6.32e-02	1.81e-05	0.00e+00	0.00e+00	0.00e+00	0.00e+00	0.00e+00
 3.90876e+17	9.40e-01	6.05e-02	1.76e-05	0.00e+00	0.00e+00	0.00e+00	0.00e+00	0.00e+00
 3.92362e+17	9.42e-01	5.81e-02	1.72e-05	0.00e+00	0.00e+00	0.00e+00	0.00e+00	0.00e+00
 3.93568e+17	9.43e-01	5.67e-02	1.70e-05	0.00e+00	0.00e+00	0.00e+00	0.00e+00	0.00e+00
 3.94765e+17	9.45e-01	5.47e-02	1.66e-05	0.00e+00	0.00e+00	0.00e+00	0.00e+00	0.00e+00
 3.95941e+17	9.47e-01	5.28e-02	1.62e-05	0.00e+00	0.00e+00	0.00e+00	0.00e+00	0.00e+00
 3.96916e+17	9.48e-01	5.16e-02	1.60e-05	0.00e+00	0.00e+00	0.00e+00	0.00e+00	0.00e+00
 3.97927e+17	9.50e-01	4.98e-02	1.57e-05	0.00e+00	0.00e+00	0.00e+00	0.00e+00	0.00e+00
 3.98932e+17	9.52e-01	4.79e-02	1.54e-05	0.00e+00	0.00e+00	0.00e+00	0.00e+00	0.00e+00
 3.99720e+17	9.53e-01	4.72e-02	1.52e-05	0.00e+00	0.00e+00	0.00e+00	0.00e+00	0.00e+00
 4.00520e+17	9.53e-01	4.69e-02	1.51e-05	0.00e+00	0.00e+00	0.00e+00	0.00e+00	0.00e+00
 4.01559e+17	9.54e-01	4.58e-02	1.50e-05	0.00e+00	0.00e+00	0.00e+00	0.00e+00	0.00e+00
 4.02910e+17	9.56e-01	4.37e-02	1.46e-05	0.00e+00	0.00e+00	0.00e+00	0.00e+00	0.00e+00
 4.04101e+17	9.58e-01	4.18e-02	1.42e-05	0.00e+00	0.00e+00	0.00e+00	0.00e+00	0.00e+00
 4.04821e+17	9.59e-01	4.09e-02	1.41e-05	0.00e+00	0.00e+00	0.00e+00	0.00e+00	0.00e+00
 4.05492e+17	9.60e-01	4.02e-02	1.39e-05	0.00e+00	0.00e+00	0.00e+00	0.00e+00	0.00e+00
 4.06364e+17	9.61e-01	3.86e-02	1.36e-05	0.00e+00	0.00e+00	0.00e+00	0.00e+00	0.00e+00
 4.07148e+17	9.63e-01	3.70e-02	1.33e-05	0.00e+00	0.00e+00	0.00e+00	0.00e+00	0.00e+00
 4.07623e+17	9.64e-01	3.65e-02	1.32e-05	0.00e+00	0.00e+00	0.00e+00	0.00e+00	0.00e+00
 4.08044e+17	9.64e-01	3.59e-02	1.30e-05	0.00e+00	0.00e+00	0.00e+00	0.00e+00	0.00e+00
 4.08592e+17	9.65e-01	3.47e-02	1.28e-05	0.00e+00	0.00e+00	0.00e+00	0.00e+00	0.00e+00
 4.09128e+17	9.66e-01	3.35e-02	1.25e-05	0.00e+00	0.00e+00	0.00e+00	0.00e+00	0.00e+00
 4.09500e+17	9.67e-01	3.30e-02	1.25e-05	0.00e+00	0.00e+00	0.00e+00	0.00e+00	0.00e+00
 4.09835e+17	9.67e-01	3.26e-02	1.23e-05	0.00e+00	0.00e+00	0.00e+00	0.00e+00	0.00e+00
 4.10270e+17	9.68e-01	3.19e-02	1.22e-05	0.00e+00	0.00e+00	0.00e+00	0.00e+00	0.00e+00
 4.10751e+17	9.70e-01	3.00e-02	1.18e-05	0.00e+00	0.00e+00	0.00e+00	0.00e+00	0.00e+00
 4.11092e+17	9.70e-01	2.95e-02	1.17e-05	0.00e+00	0.00e+00	0.00e+00	0.00e+00	0.00e+00
 4.11321e+17	9.71e-01	2.93e-02	1.16e-05	0.00e+00	0.00e+00	0.00e+00	0.00e+00	0.00e+00
 4.11606e+17	9.71e-01	2.88e-02	1.15e-05	0.00e+00	0.00e+00	0.00e+00	0.00e+00	0.00e+00
 4.11977e+17	9.72e-01	2.76e-02	1.13e-05	0.00e+00	0.00e+00	0.00e+00	0.00e+00	0.00e+00
 4.12298e+17	9.74e-01	2.64e-02	1.10e-05	0.00e+00	0.00e+00	0.00e+00	0.00e+00	0.00e+00
 4.12470e+17	9.74e-01	2.61e-02	1.09e-05	0.00e+00	0.00e+00	0.00e+00	0.00e+00	0.00e+00
 4.12605e+17	9.74e-01	2.59e-02	1.09e-05	0.00e+00	0.00e+00	0.00e+00	0.00e+00	0.00e+00
 4.12781e+17	9.74e-01	2.56e-02	1.08e-05	0.00e+00	0.00e+00	0.00e+00	0.00e+00	0.00e+00
 4.13010e+17	9.75e-01	2.50e-02	1.07e-05	0.00e+00	0.00e+00	0.00e+00	0.00e+00	0.00e+00
 4.13287e+17	9.77e-01	2.34e-02	1.03e-05	0.00e+00	0.00e+00	0.00e+00	0.00e+00	0.00e+00
 4.13488e+17	9.78e-01	2.21e-02	9.96e-06	0.00e+00	0.00e+00	0.00e+00	0.00e+00	0.00e+00
 4.13564e+17	9.78e-01	2.19e-02	9.89e-06	0.00e+00	0.00e+00	0.00e+00	0.00e+00	0.00e+00
 4.13616e+17	9.78e-01	2.18e-02	9.84e-06	0.00e+00	0.00e+00	0.00e+00	0.00e+00	0.00e+00
 4.13684e+17	9.78e-01	2.17e-02	9.80e-06	0.00e+00	0.00e+00	0.00e+00	0.00e+00	0.00e+00
 4.13771e+17	9.79e-01	2.15e-02	9.74e-06	0.00e+00	0.00e+00	0.00e+00	0.00e+00	0.00e+00
 4.13885e+17	9.79e-01	2.12e-02	9.68e-06	0.00e+00	0.00e+00	0.00e+00	0.00e+00	0.00e+00
 4.14033e+17	9.79e-01	2.08e-02	9.59e-06	0.00e+00	0.00e+00	0.00e+00	0.00e+00	0.00e+00
 4.14224e+17	9.82e-01	1.82e-02	8.87e-06	0.00e+00	0.00e+00	0.00e+00	0.00e+00	0.00e+00
 4.14356e+17	9.92e-01	7.55e-03	4.37e-06	0.00e+00	0.00e+00	0.00e+00	0.00e+00	0.00e+00
 4.14405e+17	9.92e-01	7.53e-03	4.34e-06	0.00e+00	0.00e+00	0.00e+00	0.00e+00	0.00e+00
 4.14459e+17	9.93e-01	7.47e-03	4.31e-06	0.00e+00	0.00e+00	0.00e+00	0.00e+00	0.00e+00
 4.14528e+17	9.93e-01	7.40e-03	4.28e-06	0.00e+00	0.00e+00	0.00e+00	0.00e+00	0.00e+00
 4.14619e+17	9.93e-01	7.24e-03	4.19e-06	0.00e+00	0.00e+00	0.00e+00	0.00e+00	0.00e+00
 4.14716e+17	9.93e-01	7.00e-03	4.07e-06	0.00e+00	0.00e+00	0.00e+00	0.00e+00	0.00e+00
 4.14805e+17	9.93e-01	6.88e-03	4.00e-06	0.00e+00	0.00e+00	0.00e+00	0.00e+00	0.00e+00
 4.14886e+17	9.93e-01	6.83e-03	3.97e-06	0.00e+00	0.00e+00	0.00e+00	0.00e+00	0.00e+00
 4.14976e+17	9.93e-01	6.73e-03	3.91e-06	0.00e+00	0.00e+00	0.00e+00	0.00e+00	0.00e+00
 4.15083e+17	9.93e-01	6.59e-03	3.85e-06	0.00e+00	0.00e+00	0.00e+00	0.00e+00	0.00e+00
 4.15186e+17	9.94e-01	6.47e-03	3.78e-06	0.00e+00	0.00e+00	0.00e+00	0.00e+00	0.00e+00
 4.15275e+17	9.94e-01	6.42e-03	3.76e-06	0.00e+00	0.00e+00	0.00e+00	0.00e+00	0.00e+00
 4.15368e+17	9.94e-01	6.37e-03	3.72e-06	0.00e+00	0.00e+00	0.00e+00	0.00e+00	0.00e+00
 4.15490e+17	9.94e-01	6.23e-03	3.65e-06	0.00e+00	0.00e+00	0.00e+00	0.00e+00	0.00e+00
 4.15621e+17	9.94e-01	6.04e-03	3.56e-06	0.00e+00	0.00e+00	0.00e+00	0.00e+00	0.00e+00
 4.15740e+17	9.94e-01	5.98e-03	3.53e-06	0.00e+00	0.00e+00	0.00e+00	0.00e+00	0.00e+00
 4.15870e+17	9.94e-01	5.88e-03	3.47e-06	0.00e+00	0.00e+00	0.00e+00	0.00e+00	0.00e+00
 4.16008e+17	9.94e-01	5.75e-03	3.40e-06	0.00e+00	0.00e+00	0.00e+00	0.00e+00	0.00e+00
 4.16131e+17	9.94e-01	5.70e-03	3.38e-06	0.00e+00	0.00e+00	0.00e+00	0.00e+00	0.00e+00
 4.16265e+17	9.94e-01	5.61e-03	3.32e-06	0.00e+00	0.00e+00	0.00e+00	0.00e+00	0.00e+00
 4.16408e+17	9.95e-01	5.48e-03	3.26e-06	0.00e+00	0.00e+00	0.00e+00	0.00e+00	0.00e+00
 4.16536e+17	9.95e-01	5.43e-03	3.24e-06	0.00e+00	0.00e+00	0.00e+00	0.00e+00	0.00e+00
 4.16677e+17	9.95e-01	5.35e-03	3.18e-06	0.00e+00	0.00e+00	0.00e+00	0.00e+00	0.00e+00
 4.16825e+17	9.95e-01	5.23e-03	3.13e-06	0.00e+00	0.00e+00	0.00e+00	0.00e+00	0.00e+00
 4.16957e+17	9.95e-01	5.18e-03	3.10e-06	0.00e+00	0.00e+00	0.00e+00	0.00e+00	0.00e+00
 4.17101e+17	9.95e-01	5.10e-03	3.06e-06	0.00e+00	0.00e+00	0.00e+00	0.00e+00	0.00e+00
 4.17255e+17	9.95e-01	4.99e-03	3.01e-06	0.00e+00	0.00e+00	0.00e+00	0.00e+00	0.00e+00
 4.17379e+17	9.95e-01	4.95e-03	2.99e-06	0.00e+00	0.00e+00	0.00e+00	0.00e+00	0.00e+00
 4.17498e+17	9.95e-01	4.93e-03	2.97e-06	0.00e+00	0.00e+00	0.00e+00	0.00e+00	0.00e+00
 4.17653e+17	9.95e-01	4.83e-03	2.92e-06	0.00e+00	0.00e+00	0.00e+00	0.00e+00	0.00e+00
 4.17807e+17	9.95e-01	4.72e-03	2.87e-06	0.00e+00	0.00e+00	0.00e+00	0.00e+00	0.00e+00
 4.17919e+17	9.95e-01	4.70e-03	2.85e-06	0.00e+00	0.00e+00	0.00e+00	0.00e+00	0.00e+00
 4.18022e+17	9.95e-01	4.70e-03	2.84e-06	0.00e+00	0.00e+00	0.00e+00	0.00e+00	0.00e+00
 4.18156e+17	9.95e-01	4.64e-03	2.82e-06	0.00e+00	0.00e+00	0.00e+00	0.00e+00	0.00e+00
 4.18319e+17	9.95e-01	4.53e-03	2.77e-06	0.00e+00	0.00e+00	0.00e+00	0.00e+00	0.00e+00
 4.18464e+17	9.96e-01	4.46e-03	2.75e-06	0.00e+00	0.00e+00	0.00e+00	0.00e+00	0.00e+00
 4.18576e+17	9.96e-01	4.45e-03	2.73e-06	0.00e+00	0.00e+00	0.00e+00	0.00e+00	0.00e+00
 4.18703e+17	9.96e-01	4.42e-03	2.71e-06	0.00e+00	0.00e+00	0.00e+00	0.00e+00	0.00e+00
 4.18864e+17	9.96e-01	4.32e-03	2.67e-06	0.00e+00	0.00e+00	0.00e+00	0.00e+00	0.00e+00
 4.19018e+17	9.96e-01	4.23e-03	2.63e-06	0.00e+00	0.00e+00	0.00e+00	0.00e+00	0.00e+00
 4.19129e+17	9.96e-01	4.22e-03	2.62e-06	0.00e+00	0.00e+00	0.00e+00	0.00e+00	0.00e+00
 4.19238e+17	9.96e-01	4.22e-03	2.61e-06	0.00e+00	0.00e+00	0.00e+00	0.00e+00	0.00e+00
 4.19379e+17	9.96e-01	4.17e-03	2.60e-06	0.00e+00	0.00e+00	0.00e+00	0.00e+00	0.00e+00
 4.19557e+17	9.96e-01	4.07e-03	2.56e-06	0.00e+00	0.00e+00	0.00e+00	0.00e+00	0.00e+00
 4.19720e+17	9.96e-01	4.01e-03	2.54e-06	0.00e+00	0.00e+00	0.00e+00	0.00e+00	0.00e+00
 4.19839e+17	9.96e-01	4.02e-03	2.53e-06	0.00e+00	0.00e+00	0.00e+00	0.00e+00	0.00e+00
 4.19965e+17	9.96e-01	4.00e-03	2.52e-06	0.00e+00	0.00e+00	0.00e+00	0.00e+00	0.00e+00
 4.20130e+17	9.96e-01	3.94e-03	2.51e-06	0.00e+00	0.00e+00	0.00e+00	0.00e+00	0.00e+00
 4.20314e+17	9.96e-01	3.87e-03	2.48e-06	0.00e+00	0.00e+00	0.00e+00	0.00e+00	0.00e+00
 4.20478e+17	9.96e-01	3.83e-03	2.47e-06	0.00e+00	0.00e+00	0.00e+00	0.00e+00	0.00e+00
 4.20618e+17	9.96e-01	3.82e-03	2.46e-06	0.00e+00	0.00e+00	0.00e+00	0.00e+00	0.00e+00
 4.20772e+17	9.96e-01	3.80e-03	2.45e-06	0.00e+00	0.00e+00	0.00e+00	0.00e+00	0.00e+00
 4.20957e+17	9.96e-01	3.74e-03	2.44e-06	0.00e+00	0.00e+00	0.00e+00	0.00e+00	0.00e+00
 4.21154e+17	9.96e-01	3.69e-03	2.43e-06	0.00e+00	0.00e+00	0.00e+00	0.00e+00	0.00e+00
 4.21339e+17	9.96e-01	3.65e-03	2.43e-06	0.00e+00	0.00e+00	0.00e+00	0.00e+00	0.00e+00
 4.21525e+17	9.96e-01	3.64e-03	2.42e-06	0.00e+00	0.00e+00	0.00e+00	0.00e+00	0.00e+00
 4.21737e+17	9.96e-01	3.59e-03	2.42e-06	0.00e+00	0.00e+00	0.00e+00	0.00e+00	0.00e+00
 4.21965e+17	9.96e-01	3.54e-03	2.41e-06	0.00e+00	0.00e+00	0.00e+00	0.00e+00	0.00e+00
 4.22195e+17	9.96e-01	3.51e-03	2.42e-06	0.00e+00	0.00e+00	0.00e+00	0.00e+00	0.00e+00
 4.22427e+17	9.97e-01	3.48e-03	2.42e-06	0.00e+00	0.00e+00	0.00e+00	0.00e+00	0.00e+00
 4.22672e+17	9.97e-01	3.45e-03	2.44e-06	0.00e+00	0.00e+00	0.00e+00	0.00e+00	0.00e+00
 4.22937e+17	9.97e-01	3.42e-03	2.45e-06	0.00e+00	0.00e+00	0.00e+00	0.00e+00	0.00e+00
 4.23217e+17	9.97e-01	3.41e-03	2.48e-06	0.00e+00	0.00e+00	0.00e+00	0.00e+00	0.00e+00
 4.23515e+17	9.97e-01	3.36e-03	2.49e-06	0.00e+00	0.00e+00	0.00e+00	0.00e+00	0.00e+00
 4.23814e+17	9.97e-01	3.34e-03	2.53e-06	0.00e+00	0.00e+00	0.00e+00	0.00e+00	0.00e+00
 4.24103e+17	9.97e-01	3.34e-03	2.56e-06	0.00e+00	0.00e+00	0.00e+00	0.00e+00	0.00e+00
 4.24425e+17	9.97e-01	3.28e-03	2.58e-06	0.00e+00	0.00e+00	0.00e+00	0.00e+00	0.00e+00
 4.24760e+17	9.97e-01	3.23e-03	2.61e-06	0.00e+00	0.00e+00	0.00e+00	0.00e+00	0.00e+00
 4.25068e+17	9.97e-01	3.20e-03	2.64e-06	0.00e+00	0.00e+00	0.00e+00	0.00e+00	0.00e+00
 4.25376e+17	9.97e-01	3.14e-03	2.65e-06	0.00e+00	0.00e+00	0.00e+00	0.00e+00	0.00e+00
 4.25697e+17	9.97e-01	3.06e-03	2.66e-06	0.00e+00	0.00e+00	0.00e+00	0.00e+00	0.00e+00
 4.26001e+17	9.97e-01	2.98e-03	2.67e-06	0.00e+00	0.00e+00	0.00e+00	0.00e+00	0.00e+00
 4.26274e+17	9.97e-01	2.91e-03	2.68e-06	0.00e+00	0.00e+00	0.00e+00	0.00e+00	0.00e+00
 4.26551e+17	9.97e-01	2.84e-03	2.68e-06	0.00e+00	0.00e+00	0.00e+00	0.00e+00	0.00e+00
 4.26861e+17	9.97e-01	2.73e-03	2.67e-06	0.00e+00	0.00e+00	0.00e+00	0.00e+00	0.00e+00
 4.27126e+17	9.97e-01	2.59e-03	2.65e-06	0.00e+00	0.00e+00	0.00e+00	0.00e+00	0.00e+00
 4.27284e+17	9.97e-01	2.55e-03	2.64e-06	0.00e+00	0.00e+00	0.00e+00	0.00e+00	0.00e+00
 4.27392e+17	9.97e-01	2.54e-03	2.64e-06	0.00e+00	0.00e+00	0.00e+00	0.00e+00	0.00e+00
 4.27504e+17	9.97e-01	2.52e-03	2.64e-06	0.00e+00	0.00e+00	0.00e+00	0.00e+00	0.00e+00
 4.27648e+17	9.98e-01	2.45e-03	2.63e-06	0.00e+00	0.00e+00	0.00e+00	0.00e+00	0.00e+00
 4.27802e+17	9.98e-01	2.31e-03	2.58e-06	0.00e+00	0.00e+00	0.00e+00	0.00e+00	0.00e+00
 4.27939e+17	9.98e-01	2.21e-03	2.54e-06	0.00e+00	0.00e+00	0.00e+00	0.00e+00	0.00e+00
 4.28043e+17	9.98e-01	2.10e-03	2.49e-06	0.00e+00	0.00e+00	0.00e+00	0.00e+00	0.00e+00
 4.28105e+17	9.98e-01	2.08e-03	2.48e-06	0.00e+00	0.00e+00	0.00e+00	0.00e+00	0.00e+00
 4.28159e+17	9.98e-01	2.07e-03	2.47e-06	0.00e+00	0.00e+00	0.00e+00	0.00e+00	0.00e+00
 4.28229e+17	9.98e-01	2.03e-03	2.46e-06	0.00e+00	0.00e+00	0.00e+00	0.00e+00	0.00e+00
 4.28320e+17	9.98e-01	1.94e-03	2.42e-06	0.00e+00	0.00e+00	0.00e+00	0.00e+00	0.00e+00
 4.28419e+17	9.98e-01	1.74e-03	2.33e-06	0.00e+00	0.00e+00	0.00e+00	0.00e+00	0.00e+00
