#depth	N  1	N  2	N  3	N  4	N  5	N  6	N  7	N  8
 2.70827e+13	6.50e-04	1.92e-01	7.36e-01	7.03e-02	1.09e-03	7.18e-06	0.00e+00	0.00e+00
 1.62496e+14	6.51e-04	1.92e-01	7.36e-01	7.03e-02	1.08e-03	7.16e-06	0.00e+00	0.00e+00
 7.04150e+14	6.53e-04	1.92e-01	7.37e-01	7.01e-02	1.08e-03	7.11e-06	0.00e+00	0.00e+00
 2.87077e+15	6.69e-04	1.92e-01	7.37e-01	6.86e-02	1.03e-03	6.80e-06	0.00e+00	0.00e+00
 6.85734e+15	6.92e-04	1.92e-01	7.40e-01	6.70e-02	9.67e-04	6.41e-06	0.00e+00	0.00e+00
 1.20399e+16	7.21e-04	1.92e-01	7.42e-01	6.41e-02	8.85e-04	5.88e-06	0.00e+00	0.00e+00
 1.87772e+16	7.62e-04	1.94e-01	7.45e-01	5.98e-02	7.81e-04	5.21e-06	0.00e+00	0.00e+00
 2.75357e+16	8.28e-04	1.99e-01	7.45e-01	5.38e-02	6.57e-04	4.38e-06	0.00e+00	0.00e+00
 3.89218e+16	9.42e-04	2.11e-01	7.42e-01	4.61e-02	5.17e-04	3.42e-06	0.00e+00	0.00e+00
 5.37236e+16	1.15e-03	2.32e-01	7.29e-01	3.70e-02	3.74e-04	2.42e-06	0.00e+00	0.00e+00
 6.76839e+16	1.38e-03	2.54e-01	7.14e-01	3.03e-02	2.83e-04	1.77e-06	0.00e+00	0.00e+00
 7.75047e+16	1.59e-03	2.74e-01	6.98e-01	2.62e-02	2.32e-04	1.40e-06	0.00e+00	0.00e+00
 8.56598e+16	1.80e-03	2.93e-01	6.82e-01	2.32e-02	1.97e-04	1.16e-06	0.00e+00	0.00e+00
 9.46950e+16	2.11e-03	3.19e-01	6.59e-01	1.99e-02	1.62e-04	8.99e-07	0.00e+00	0.00e+00
 1.04000e+17	2.43e-03	3.44e-01	6.36e-01	1.73e-02	1.36e-04	0.00e+00	0.00e+00	0.00e+00
 1.12102e+17	2.76e-03	3.68e-01	6.14e-01	1.52e-02	1.17e-04	0.00e+00	0.00e+00	0.00e+00
 1.21078e+17	3.22e-03	3.98e-01	5.86e-01	1.30e-02	9.69e-05	0.00e+00	0.00e+00	0.00e+00
 1.30624e+17	3.76e-03	4.30e-01	5.55e-01	1.11e-02	8.04e-05	0.00e+00	0.00e+00	0.00e+00
 1.38543e+17	4.27e-03	4.59e-01	5.27e-01	9.57e-03	6.87e-05	0.00e+00	0.00e+00	0.00e+00
 1.45321e+17	4.81e-03	4.86e-01	5.01e-01	8.34e-03	5.93e-05	0.00e+00	0.00e+00	0.00e+00
 1.52980e+17	5.53e-03	5.18e-01	4.69e-01	7.03e-03	4.97e-05	0.00e+00	0.00e+00	0.00e+00
 1.61473e+17	6.46e-03	5.56e-01	4.32e-01	5.74e-03	4.04e-05	0.00e+00	0.00e+00	0.00e+00
 1.69365e+17	7.51e-03	5.92e-01	3.95e-01	4.65e-03	3.27e-05	0.00e+00	0.00e+00	0.00e+00
 1.76556e+17	8.69e-03	6.28e-01	3.60e-01	3.74e-03	2.65e-05	0.00e+00	0.00e+00	0.00e+00
 1.83414e+17	1.01e-02	6.63e-01	3.24e-01	2.98e-03	2.12e-05	0.00e+00	0.00e+00	0.00e+00
 1.90188e+17	1.17e-02	6.98e-01	2.88e-01	2.31e-03	1.66e-05	0.00e+00	0.00e+00	0.00e+00
 1.96843e+17	1.36e-02	7.32e-01	2.52e-01	1.75e-03	1.28e-05	0.00e+00	0.00e+00	0.00e+00
 2.03223e+17	1.60e-02	7.65e-01	2.18e-01	1.30e-03	9.61e-06	0.00e+00	0.00e+00	0.00e+00
 2.09261e+17	1.87e-02	7.95e-01	1.85e-01	9.44e-04	7.10e-06	0.00e+00	0.00e+00	0.00e+00
 2.14819e+17	2.19e-02	8.22e-01	1.56e-01	6.80e-04	5.21e-06	0.00e+00	0.00e+00	0.00e+00
 2.19726e+17	2.53e-02	8.43e-01	1.31e-01	4.90e-04	3.81e-06	0.00e+00	0.00e+00	0.00e+00
 2.24012e+17	2.90e-02	8.61e-01	1.10e-01	3.57e-04	2.82e-06	0.00e+00	0.00e+00	0.00e+00
 2.27836e+17	3.30e-02	8.74e-01	9.27e-02	2.63e-04	2.10e-06	0.00e+00	0.00e+00	0.00e+00
 2.31362e+17	3.75e-02	8.85e-01	7.78e-02	1.93e-04	1.56e-06	0.00e+00	0.00e+00	0.00e+00
 2.34642e+17	4.24e-02	8.92e-01	6.50e-02	1.42e-04	1.15e-06	0.00e+00	0.00e+00	0.00e+00
 2.37665e+17	4.79e-02	8.98e-01	5.42e-02	1.05e-04	8.54e-07	0.00e+00	0.00e+00	0.00e+00
 2.40437e+17	5.39e-02	9.01e-01	4.52e-02	7.81e-05	0.00e+00	0.00e+00	0.00e+00	0.00e+00
 2.43002e+17	6.07e-02	9.02e-01	3.76e-02	5.82e-05	0.00e+00	0.00e+00	0.00e+00	0.00e+00
 2.45388e+17	6.80e-02	9.01e-01	3.13e-02	4.40e-05	0.00e+00	0.00e+00	0.00e+00	0.00e+00
 2.47617e+17	7.60e-02	8.98e-01	2.60e-02	3.36e-05	0.00e+00	0.00e+00	0.00e+00	0.00e+00
 2.49740e+17	8.50e-02	8.93e-01	2.16e-02	2.59e-05	0.00e+00	0.00e+00	0.00e+00	0.00e+00
 2.51772e+17	9.50e-02	8.87e-01	1.79e-02	2.01e-05	0.00e+00	0.00e+00	0.00e+00	0.00e+00
 2.53716e+17	1.06e-01	8.79e-01	1.48e-02	1.58e-05	0.00e+00	0.00e+00	0.00e+00	0.00e+00
 2.55580e+17	1.18e-01	8.69e-01	1.21e-02	1.25e-05	0.00e+00	0.00e+00	0.00e+00	0.00e+00
 2.57383e+17	1.32e-01	8.58e-01	9.97e-03	1.00e-05	0.00e+00	0.00e+00	0.00e+00	0.00e+00
 2.59142e+17	1.47e-01	8.44e-01	8.14e-03	8.15e-06	0.00e+00	0.00e+00	0.00e+00	0.00e+00
 2.60854e+17	1.64e-01	8.29e-01	6.61e-03	6.68e-06	0.00e+00	0.00e+00	0.00e+00	0.00e+00
 2.62452e+17	1.82e-01	8.12e-01	5.39e-03	5.58e-06	0.00e+00	0.00e+00	0.00e+00	0.00e+00
 2.63875e+17	2.00e-01	7.95e-01	4.47e-03	4.79e-06	0.00e+00	0.00e+00	0.00e+00	0.00e+00
 2.65167e+17	2.18e-01	7.78e-01	3.74e-03	4.19e-06	0.00e+00	0.00e+00	0.00e+00	0.00e+00
 2.66397e+17	2.36e-01	7.61e-01	3.14e-03	3.70e-06	0.00e+00	0.00e+00	0.00e+00	0.00e+00
 2.67580e+17	2.55e-01	7.42e-01	2.64e-03	3.29e-06	0.00e+00	0.00e+00	0.00e+00	0.00e+00
 2.68501e+17	2.71e-01	7.26e-01	2.29e-03	3.01e-06	0.00e+00	0.00e+00	0.00e+00	0.00e+00
 2.69104e+17	2.82e-01	7.16e-01	2.10e-03	2.86e-06	0.00e+00	0.00e+00	0.00e+00	0.00e+00
 2.69685e+17	2.92e-01	7.06e-01	1.92e-03	2.71e-06	0.00e+00	0.00e+00	0.00e+00	0.00e+00
 2.70419e+17	3.06e-01	6.92e-01	1.70e-03	2.53e-06	0.00e+00	0.00e+00	0.00e+00	0.00e+00
 2.71222e+17	3.22e-01	6.76e-01	1.49e-03	2.35e-06	0.00e+00	0.00e+00	0.00e+00	0.00e+00
 2.71940e+17	3.38e-01	6.61e-01	1.32e-03	2.20e-06	0.00e+00	0.00e+00	0.00e+00	0.00e+00
 2.72561e+17	3.51e-01	6.48e-01	1.19e-03	2.09e-06	0.00e+00	0.00e+00	0.00e+00	0.00e+00
 2.73194e+17	3.65e-01	6.34e-01	1.07e-03	1.97e-06	0.00e+00	0.00e+00	0.00e+00	0.00e+00
 2.73879e+17	3.81e-01	6.18e-01	9.45e-04	1.85e-06	0.00e+00	0.00e+00	0.00e+00	0.00e+00
 2.74557e+17	3.97e-01	6.02e-01	8.36e-04	1.73e-06	0.00e+00	0.00e+00	0.00e+00	0.00e+00
 2.75194e+17	4.13e-01	5.87e-01	7.43e-04	1.64e-06	0.00e+00	0.00e+00	0.00e+00	0.00e+00
 2.75810e+17	4.28e-01	5.72e-01	6.62e-04	1.55e-06	0.00e+00	0.00e+00	0.00e+00	0.00e+00
 2.76437e+17	4.44e-01	5.56e-01	5.87e-04	1.46e-06	0.00e+00	0.00e+00	0.00e+00	0.00e+00
 2.77076e+17	4.60e-01	5.39e-01	5.18e-04	1.37e-06	0.00e+00	0.00e+00	0.00e+00	0.00e+00
 2.77706e+17	4.77e-01	5.23e-01	4.60e-04	1.30e-06	0.00e+00	0.00e+00	0.00e+00	0.00e+00
 2.78334e+17	4.93e-01	5.06e-01	4.05e-04	1.22e-06	0.00e+00	0.00e+00	0.00e+00	0.00e+00
 2.78958e+17	5.10e-01	4.89e-01	3.57e-04	1.15e-06	0.00e+00	0.00e+00	0.00e+00	0.00e+00
 2.79555e+17	5.26e-01	4.73e-01	3.15e-04	1.09e-06	0.00e+00	0.00e+00	0.00e+00	0.00e+00
 2.80145e+17	5.42e-01	4.58e-01	2.80e-04	1.03e-06	0.00e+00	0.00e+00	0.00e+00	0.00e+00
 2.80774e+17	5.59e-01	4.41e-01	2.45e-04	9.65e-07	0.00e+00	0.00e+00	0.00e+00	0.00e+00
 2.81410e+17	5.76e-01	4.23e-01	2.14e-04	0.00e+00	0.00e+00	0.00e+00	0.00e+00	0.00e+00
 2.81994e+17	5.92e-01	4.07e-01	1.89e-04	0.00e+00	0.00e+00	0.00e+00	0.00e+00	0.00e+00
 2.82562e+17	6.07e-01	3.93e-01	1.68e-04	0.00e+00	0.00e+00	0.00e+00	0.00e+00	0.00e+00
 2.83166e+17	6.23e-01	3.77e-01	1.47e-04	0.00e+00	0.00e+00	0.00e+00	0.00e+00	0.00e+00
 2.83777e+17	6.39e-01	3.61e-01	1.29e-04	0.00e+00	0.00e+00	0.00e+00	0.00e+00	0.00e+00
 2.84361e+17	6.53e-01	3.46e-01	1.14e-04	0.00e+00	0.00e+00	0.00e+00	0.00e+00	0.00e+00
 2.84938e+17	6.68e-01	3.32e-01	1.00e-04	0.00e+00	0.00e+00	0.00e+00	0.00e+00	0.00e+00
 2.85513e+17	6.82e-01	3.18e-01	8.85e-05	0.00e+00	0.00e+00	0.00e+00	0.00e+00	0.00e+00
 2.86098e+17	6.96e-01	3.04e-01	7.85e-05	0.00e+00	0.00e+00	0.00e+00	0.00e+00	0.00e+00
 2.86685e+17	7.10e-01	2.90e-01	6.90e-05	0.00e+00	0.00e+00	0.00e+00	0.00e+00	0.00e+00
 2.87256e+17	7.22e-01	2.78e-01	6.15e-05	0.00e+00	0.00e+00	0.00e+00	0.00e+00	0.00e+00
 2.87830e+17	7.35e-01	2.65e-01	5.44e-05	0.00e+00	0.00e+00	0.00e+00	0.00e+00	0.00e+00
 2.88424e+17	7.47e-01	2.53e-01	4.82e-05	0.00e+00	0.00e+00	0.00e+00	0.00e+00	0.00e+00
 2.89027e+17	7.60e-01	2.40e-01	4.26e-05	0.00e+00	0.00e+00	0.00e+00	0.00e+00	0.00e+00
 2.89582e+17	7.70e-01	2.30e-01	3.83e-05	0.00e+00	0.00e+00	0.00e+00	0.00e+00	0.00e+00
 2.90124e+17	7.80e-01	2.20e-01	3.45e-05	0.00e+00	0.00e+00	0.00e+00	0.00e+00	0.00e+00
 2.90717e+17	7.91e-01	2.09e-01	3.08e-05	0.00e+00	0.00e+00	0.00e+00	0.00e+00	0.00e+00
 2.91341e+17	8.01e-01	1.99e-01	2.76e-05	0.00e+00	0.00e+00	0.00e+00	0.00e+00	0.00e+00
 2.91945e+17	8.11e-01	1.89e-01	2.48e-05	0.00e+00	0.00e+00	0.00e+00	0.00e+00	0.00e+00
 2.92545e+17	8.20e-01	1.80e-01	2.24e-05	0.00e+00	0.00e+00	0.00e+00	0.00e+00	0.00e+00
 2.93190e+17	8.30e-01	1.70e-01	2.02e-05	0.00e+00	0.00e+00	0.00e+00	0.00e+00	0.00e+00
 2.93904e+17	8.39e-01	1.61e-01	1.82e-05	0.00e+00	0.00e+00	0.00e+00	0.00e+00	0.00e+00
 2.94589e+17	8.48e-01	1.52e-01	1.65e-05	0.00e+00	0.00e+00	0.00e+00	0.00e+00	0.00e+00
 2.95191e+17	8.54e-01	1.46e-01	1.53e-05	0.00e+00	0.00e+00	0.00e+00	0.00e+00	0.00e+00
 2.95880e+17	8.62e-01	1.38e-01	1.39e-05	0.00e+00	0.00e+00	0.00e+00	0.00e+00	0.00e+00
 2.96682e+17	8.71e-01	1.29e-01	1.26e-05	0.00e+00	0.00e+00	0.00e+00	0.00e+00	0.00e+00
 2.97488e+17	8.78e-01	1.22e-01	1.15e-05	0.00e+00	0.00e+00	0.00e+00	0.00e+00	0.00e+00
 2.98244e+17	8.85e-01	1.15e-01	1.06e-05	0.00e+00	0.00e+00	0.00e+00	0.00e+00	0.00e+00
 2.99063e+17	8.91e-01	1.09e-01	9.86e-06	0.00e+00	0.00e+00	0.00e+00	0.00e+00	0.00e+00
 3.00019e+17	8.98e-01	1.02e-01	9.03e-06	0.00e+00	0.00e+00	0.00e+00	0.00e+00	0.00e+00
 3.00916e+17	9.04e-01	9.60e-02	8.42e-06	0.00e+00	0.00e+00	0.00e+00	0.00e+00	0.00e+00
 3.01647e+17	9.08e-01	9.20e-02	8.00e-06	0.00e+00	0.00e+00	0.00e+00	0.00e+00	0.00e+00
 3.02317e+17	9.11e-01	8.88e-02	7.68e-06	0.00e+00	0.00e+00	0.00e+00	0.00e+00	0.00e+00
 3.03014e+17	9.15e-01	8.53e-02	7.34e-06	0.00e+00	0.00e+00	0.00e+00	0.00e+00	0.00e+00
 3.03771e+17	9.19e-01	8.13e-02	6.98e-06	0.00e+00	0.00e+00	0.00e+00	0.00e+00	0.00e+00
 3.04553e+17	9.22e-01	7.81e-02	6.73e-06	0.00e+00	0.00e+00	0.00e+00	0.00e+00	0.00e+00
 3.05368e+17	9.25e-01	7.46e-02	6.42e-06	0.00e+00	0.00e+00	0.00e+00	0.00e+00	0.00e+00
 3.06184e+17	9.29e-01	7.14e-02	6.17e-06	0.00e+00	0.00e+00	0.00e+00	0.00e+00	0.00e+00
 3.06945e+17	9.31e-01	6.89e-02	5.95e-06	0.00e+00	0.00e+00	0.00e+00	0.00e+00	0.00e+00
 3.07697e+17	9.34e-01	6.61e-02	5.75e-06	0.00e+00	0.00e+00	0.00e+00	0.00e+00	0.00e+00
 3.08507e+17	9.36e-01	6.35e-02	5.55e-06	0.00e+00	0.00e+00	0.00e+00	0.00e+00	0.00e+00
 3.09332e+17	9.39e-01	6.10e-02	5.36e-06	0.00e+00	0.00e+00	0.00e+00	0.00e+00	0.00e+00
 3.10084e+17	9.41e-01	5.89e-02	5.20e-06	0.00e+00	0.00e+00	0.00e+00	0.00e+00	0.00e+00
 3.10838e+17	9.43e-01	5.69e-02	5.07e-06	0.00e+00	0.00e+00	0.00e+00	0.00e+00	0.00e+00
 3.11718e+17	9.46e-01	5.41e-02	4.87e-06	0.00e+00	0.00e+00	0.00e+00	0.00e+00	0.00e+00
 3.12580e+17	9.48e-01	5.17e-02	4.71e-06	0.00e+00	0.00e+00	0.00e+00	0.00e+00	0.00e+00
 3.13270e+17	9.50e-01	5.04e-02	4.62e-06	0.00e+00	0.00e+00	0.00e+00	0.00e+00	0.00e+00
 3.13959e+17	9.52e-01	4.84e-02	4.48e-06	0.00e+00	0.00e+00	0.00e+00	0.00e+00	0.00e+00
 3.14661e+17	9.53e-01	4.67e-02	4.38e-06	0.00e+00	0.00e+00	0.00e+00	0.00e+00	0.00e+00
 3.15365e+17	9.55e-01	4.47e-02	4.24e-06	0.00e+00	0.00e+00	0.00e+00	0.00e+00	0.00e+00
 3.16026e+17	9.57e-01	4.29e-02	4.12e-06	0.00e+00	0.00e+00	0.00e+00	0.00e+00	0.00e+00
 3.16554e+17	9.58e-01	4.21e-02	4.06e-06	0.00e+00	0.00e+00	0.00e+00	0.00e+00	0.00e+00
 3.17114e+17	9.59e-01	4.05e-02	3.96e-06	0.00e+00	0.00e+00	0.00e+00	0.00e+00	0.00e+00
 3.17710e+17	9.61e-01	3.88e-02	3.85e-06	0.00e+00	0.00e+00	0.00e+00	0.00e+00	0.00e+00
 3.18217e+17	9.62e-01	3.80e-02	3.80e-06	0.00e+00	0.00e+00	0.00e+00	0.00e+00	0.00e+00
 3.18741e+17	9.63e-01	3.75e-02	3.76e-06	0.00e+00	0.00e+00	0.00e+00	0.00e+00	0.00e+00
 3.19423e+17	9.65e-01	3.55e-02	3.64e-06	0.00e+00	0.00e+00	0.00e+00	0.00e+00	0.00e+00
 3.20068e+17	9.66e-01	3.37e-02	3.54e-06	0.00e+00	0.00e+00	0.00e+00	0.00e+00	0.00e+00
 3.20506e+17	9.67e-01	3.32e-02	3.50e-06	0.00e+00	0.00e+00	0.00e+00	0.00e+00	0.00e+00
 3.20916e+17	9.67e-01	3.25e-02	3.46e-06	0.00e+00	0.00e+00	0.00e+00	0.00e+00	0.00e+00
 3.21449e+17	9.69e-01	3.10e-02	3.35e-06	0.00e+00	0.00e+00	0.00e+00	0.00e+00	0.00e+00
 3.21932e+17	9.71e-01	2.95e-02	3.26e-06	0.00e+00	0.00e+00	0.00e+00	0.00e+00	0.00e+00
 3.22238e+17	9.71e-01	2.90e-02	3.23e-06	0.00e+00	0.00e+00	0.00e+00	0.00e+00	0.00e+00
 3.22525e+17	9.71e-01	2.87e-02	3.20e-06	0.00e+00	0.00e+00	0.00e+00	0.00e+00	0.00e+00
 3.22898e+17	9.72e-01	2.75e-02	3.13e-06	0.00e+00	0.00e+00	0.00e+00	0.00e+00	0.00e+00
 3.23270e+17	9.74e-01	2.63e-02	3.06e-06	0.00e+00	0.00e+00	0.00e+00	0.00e+00	0.00e+00
 3.23545e+17	9.74e-01	2.59e-02	3.03e-06	0.00e+00	0.00e+00	0.00e+00	0.00e+00	0.00e+00
 3.23807e+17	9.74e-01	2.55e-02	3.00e-06	0.00e+00	0.00e+00	0.00e+00	0.00e+00	0.00e+00
 3.24147e+17	9.76e-01	2.43e-02	2.93e-06	0.00e+00	0.00e+00	0.00e+00	0.00e+00	0.00e+00
 3.24467e+17	9.77e-01	2.31e-02	2.85e-06	0.00e+00	0.00e+00	0.00e+00	0.00e+00	0.00e+00
 3.24674e+17	9.77e-01	2.28e-02	2.83e-06	0.00e+00	0.00e+00	0.00e+00	0.00e+00	0.00e+00
 3.24857e+17	9.77e-01	2.25e-02	2.80e-06	0.00e+00	0.00e+00	0.00e+00	0.00e+00	0.00e+00
 3.25094e+17	9.78e-01	2.20e-02	2.77e-06	0.00e+00	0.00e+00	0.00e+00	0.00e+00	0.00e+00
 3.25383e+17	9.79e-01	2.08e-02	2.70e-06	0.00e+00	0.00e+00	0.00e+00	0.00e+00	0.00e+00
 3.25626e+17	9.80e-01	1.98e-02	2.63e-06	0.00e+00	0.00e+00	0.00e+00	0.00e+00	0.00e+00
 3.25767e+17	9.80e-01	1.95e-02	2.60e-06	0.00e+00	0.00e+00	0.00e+00	0.00e+00	0.00e+00
 3.25890e+17	9.81e-01	1.94e-02	2.59e-06	0.00e+00	0.00e+00	0.00e+00	0.00e+00	0.00e+00
 3.26050e+17	9.81e-01	1.90e-02	2.56e-06	0.00e+00	0.00e+00	0.00e+00	0.00e+00	0.00e+00
 3.26258e+17	9.82e-01	1.82e-02	2.50e-06	0.00e+00	0.00e+00	0.00e+00	0.00e+00	0.00e+00
 3.26457e+17	9.83e-01	1.72e-02	2.44e-06	0.00e+00	0.00e+00	0.00e+00	0.00e+00	0.00e+00
 3.26589e+17	9.83e-01	1.69e-02	2.41e-06	0.00e+00	0.00e+00	0.00e+00	0.00e+00	0.00e+00
 3.26703e+17	9.83e-01	1.66e-02	2.39e-06	0.00e+00	0.00e+00	0.00e+00	0.00e+00	0.00e+00
 3.26851e+17	9.84e-01	1.62e-02	2.36e-06	0.00e+00	0.00e+00	0.00e+00	0.00e+00	0.00e+00
 3.27043e+17	9.85e-01	1.50e-02	2.27e-06	0.00e+00	0.00e+00	0.00e+00	0.00e+00	0.00e+00
 3.27205e+17	9.86e-01	1.39e-02	2.19e-06	0.00e+00	0.00e+00	0.00e+00	0.00e+00	0.00e+00
 3.27285e+17	9.86e-01	1.36e-02	2.16e-06	0.00e+00	0.00e+00	0.00e+00	0.00e+00	0.00e+00
 3.27346e+17	9.87e-01	1.34e-02	2.14e-06	0.00e+00	0.00e+00	0.00e+00	0.00e+00	0.00e+00
 3.27426e+17	9.87e-01	1.32e-02	2.12e-06	0.00e+00	0.00e+00	0.00e+00	0.00e+00	0.00e+00
 3.27530e+17	9.87e-01	1.27e-02	2.08e-06	0.00e+00	0.00e+00	0.00e+00	0.00e+00	0.00e+00
 3.27650e+17	9.88e-01	1.16e-02	1.98e-06	0.00e+00	0.00e+00	0.00e+00	0.00e+00	0.00e+00
 3.27746e+17	9.90e-01	1.01e-02	1.84e-06	0.00e+00	0.00e+00	0.00e+00	0.00e+00	0.00e+00
 3.27812e+17	9.96e-01	4.32e-03	9.74e-07	0.00e+00	0.00e+00	0.00e+00	0.00e+00	0.00e+00
 3.27873e+17	9.96e-01	4.15e-03	9.35e-07	0.00e+00	0.00e+00	0.00e+00	0.00e+00	0.00e+00
 3.27928e+17	9.96e-01	3.98e-03	9.00e-07	0.00e+00	0.00e+00	0.00e+00	0.00e+00	0.00e+00
 3.27978e+17	9.96e-01	3.87e-03	8.77e-07	0.00e+00	0.00e+00	0.00e+00	0.00e+00	0.00e+00
 3.28024e+17	9.96e-01	3.80e-03	8.62e-07	0.00e+00	0.00e+00	0.00e+00	0.00e+00	0.00e+00
 3.28070e+17	9.96e-01	3.73e-03	8.47e-07	0.00e+00	0.00e+00	0.00e+00	0.00e+00	0.00e+00
 3.28118e+17	9.96e-01	3.65e-03	8.30e-07	0.00e+00	0.00e+00	0.00e+00	0.00e+00	0.00e+00
 3.28162e+17	9.96e-01	3.58e-03	8.15e-07	0.00e+00	0.00e+00	0.00e+00	0.00e+00	0.00e+00
 3.28202e+17	9.96e-01	3.51e-03	8.01e-07	0.00e+00	0.00e+00	0.00e+00	0.00e+00	0.00e+00
 3.28240e+17	9.97e-01	3.46e-03	7.88e-07	0.00e+00	0.00e+00	0.00e+00	0.00e+00	0.00e+00
 3.28286e+17	9.97e-01	3.40e-03	7.76e-07	0.00e+00	0.00e+00	0.00e+00	0.00e+00	0.00e+00
 3.28344e+17	9.97e-01	3.28e-03	7.53e-07	0.00e+00	0.00e+00	0.00e+00	0.00e+00	0.00e+00
 3.28407e+17	9.97e-01	3.12e-03	7.19e-07	0.00e+00	0.00e+00	0.00e+00	0.00e+00	0.00e+00
 3.28465e+17	9.97e-01	3.02e-03	6.98e-07	0.00e+00	0.00e+00	0.00e+00	0.00e+00	0.00e+00
 3.28517e+17	9.97e-01	2.96e-03	6.86e-07	0.00e+00	0.00e+00	0.00e+00	0.00e+00	0.00e+00
 3.28564e+17	9.97e-01	2.91e-03	6.74e-07	0.00e+00	0.00e+00	0.00e+00	0.00e+00	0.00e+00
 3.28614e+17	9.97e-01	2.86e-03	6.64e-07	0.00e+00	0.00e+00	0.00e+00	0.00e+00	0.00e+00
 3.28674e+17	9.97e-01	2.77e-03	6.45e-07	0.00e+00	0.00e+00	0.00e+00	0.00e+00	0.00e+00
 3.28738e+17	9.97e-01	2.67e-03	6.24e-07	0.00e+00	0.00e+00	0.00e+00	0.00e+00	0.00e+00
 3.28796e+17	9.97e-01	2.59e-03	6.07e-07	0.00e+00	0.00e+00	0.00e+00	0.00e+00	0.00e+00
 3.28849e+17	9.97e-01	2.54e-03	5.97e-07	0.00e+00	0.00e+00	0.00e+00	0.00e+00	0.00e+00
 3.28904e+17	9.97e-01	2.51e-03	5.92e-07	0.00e+00	0.00e+00	0.00e+00	0.00e+00	0.00e+00
 3.28974e+17	9.98e-01	2.42e-03	5.72e-07	0.00e+00	0.00e+00	0.00e+00	0.00e+00	0.00e+00
 3.29050e+17	9.98e-01	2.28e-03	5.45e-07	0.00e+00	0.00e+00	0.00e+00	0.00e+00	0.00e+00
 3.29118e+17	9.98e-01	2.21e-03	5.30e-07	0.00e+00	0.00e+00	0.00e+00	0.00e+00	0.00e+00
 3.29180e+17	9.98e-01	2.17e-03	5.21e-07	0.00e+00	0.00e+00	0.00e+00	0.00e+00	0.00e+00
 3.29237e+17	9.98e-01	2.13e-03	5.12e-07	0.00e+00	0.00e+00	0.00e+00	0.00e+00	0.00e+00
 3.29294e+17	9.98e-01	2.09e-03	5.04e-07	0.00e+00	0.00e+00	0.00e+00	0.00e+00	0.00e+00
 3.29358e+17	9.98e-01	2.03e-03	4.94e-07	0.00e+00	0.00e+00	0.00e+00	0.00e+00	0.00e+00
 3.29423e+17	9.98e-01	1.95e-03	4.77e-07	0.00e+00	0.00e+00	0.00e+00	0.00e+00	0.00e+00
###########################
 2.70827e+13	6.47e-04	1.91e-01	7.36e-01	7.06e-02	1.09e-03	7.23e-06	0.00e+00	0.00e+00
 1.62496e+14	6.48e-04	1.91e-01	7.37e-01	7.05e-02	1.09e-03	7.21e-06	0.00e+00	0.00e+00
 7.04150e+14	6.47e-04	1.90e-01	7.38e-01	7.04e-02	1.08e-03	7.17e-06	0.00e+00	0.00e+00
 2.87077e+15	6.53e-04	1.89e-01	7.40e-01	6.90e-02	1.04e-03	6.90e-06	0.00e+00	0.00e+00
 6.85734e+15	6.61e-04	1.86e-01	7.45e-01	6.77e-02	9.84e-04	6.57e-06	0.00e+00	0.00e+00
 1.20399e+16	6.79e-04	1.85e-01	7.49e-01	6.51e-02	9.06e-04	6.08e-06	0.00e+00	0.00e+00
 1.87772e+16	7.15e-04	1.86e-01	7.51e-01	6.08e-02	8.02e-04	5.41e-06	0.00e+00	0.00e+00
 2.75357e+16	7.83e-04	1.93e-01	7.51e-01	5.47e-02	6.73e-04	4.54e-06	0.00e+00	0.00e+00
 3.89218e+16	9.14e-04	2.08e-01	7.44e-01	4.65e-02	5.26e-04	3.51e-06	0.00e+00	0.00e+00
 5.14507e+16	1.10e-03	2.29e-01	7.31e-01	3.85e-02	3.98e-04	2.61e-06	0.00e+00	0.00e+00
 6.20900e+16	1.32e-03	2.51e-01	7.15e-01	3.26e-02	3.14e-04	2.00e-06	0.00e+00	0.00e+00
 7.02401e+16	1.51e-03	2.70e-01	6.99e-01	2.86e-02	2.63e-04	1.62e-06	0.00e+00	0.00e+00
 7.74094e+16	1.72e-03	2.90e-01	6.83e-01	2.53e-02	2.23e-04	1.34e-06	0.00e+00	0.00e+00
 8.56095e+16	2.00e-03	3.15e-01	6.61e-01	2.20e-02	1.86e-04	1.07e-06	0.00e+00	0.00e+00
 9.43247e+16	2.36e-03	3.43e-01	6.35e-01	1.88e-02	1.52e-04	8.27e-07	0.00e+00	0.00e+00
 1.01759e+17	2.69e-03	3.67e-01	6.14e-01	1.66e-02	1.30e-04	0.00e+00	0.00e+00	0.00e+00
 1.09473e+17	3.09e-03	3.94e-01	5.88e-01	1.44e-02	1.10e-04	0.00e+00	0.00e+00	0.00e+00
 1.18110e+17	3.61e-03	4.27e-01	5.57e-01	1.23e-02	9.11e-05	0.00e+00	0.00e+00	0.00e+00
 1.25659e+17	4.12e-03	4.55e-01	5.30e-01	1.06e-02	7.74e-05	0.00e+00	0.00e+00	0.00e+00
 1.31971e+17	4.61e-03	4.81e-01	5.05e-01	9.32e-03	6.71e-05	0.00e+00	0.00e+00	0.00e+00
 1.38963e+17	5.27e-03	5.12e-01	4.75e-01	7.95e-03	5.65e-05	0.00e+00	0.00e+00	0.00e+00
 1.46706e+17	6.11e-03	5.47e-01	4.40e-01	6.59e-03	4.64e-05	0.00e+00	0.00e+00	0.00e+00
 1.53940e+17	7.03e-03	5.81e-01	4.06e-01	5.43e-03	3.81e-05	0.00e+00	0.00e+00	0.00e+00
 1.60803e+17	8.10e-03	6.16e-01	3.72e-01	4.43e-03	3.10e-05	0.00e+00	0.00e+00	0.00e+00
 1.68667e+17	9.62e-03	6.57e-01	3.30e-01	3.39e-03	2.39e-05	0.00e+00	0.00e+00	0.00e+00
 1.76789e+17	1.15e-02	7.00e-01	2.86e-01	2.50e-03	1.77e-05	0.00e+00	0.00e+00	0.00e+00
 1.83322e+17	1.35e-02	7.35e-01	2.50e-01	1.88e-03	1.35e-05	0.00e+00	0.00e+00	0.00e+00
 1.88822e+17	1.55e-02	7.64e-01	2.19e-01	1.44e-03	1.04e-05	0.00e+00	0.00e+00	0.00e+00
 1.94903e+17	1.83e-02	7.96e-01	1.84e-01	1.03e-03	7.56e-06	0.00e+00	0.00e+00	0.00e+00
 2.01384e+17	2.20e-02	8.27e-01	1.50e-01	6.91e-04	5.17e-06	0.00e+00	0.00e+00	0.00e+00
 2.06667e+17	2.59e-02	8.51e-01	1.23e-01	4.77e-04	3.62e-06	0.00e+00	0.00e+00	0.00e+00
 2.10687e+17	2.97e-02	8.67e-01	1.03e-01	3.48e-04	2.67e-06	0.00e+00	0.00e+00	0.00e+00
 2.14138e+17	3.36e-02	8.79e-01	8.73e-02	2.58e-04	2.00e-06	0.00e+00	0.00e+00	0.00e+00
 2.17477e+17	3.82e-02	8.89e-01	7.31e-02	1.89e-04	1.48e-06	0.00e+00	0.00e+00	0.00e+00
 2.20708e+17	4.35e-02	8.96e-01	6.04e-02	1.37e-04	1.07e-06	0.00e+00	0.00e+00	0.00e+00
 2.23657e+17	4.95e-02	9.01e-01	4.99e-02	9.95e-05	7.81e-07	0.00e+00	0.00e+00	0.00e+00
 2.26271e+17	5.58e-02	9.03e-01	4.15e-02	7.37e-05	0.00e+00	0.00e+00	0.00e+00	0.00e+00
 2.28642e+17	6.28e-02	9.03e-01	3.44e-02	5.51e-05	0.00e+00	0.00e+00	0.00e+00	0.00e+00
 2.30854e+17	7.05e-02	9.01e-01	2.86e-02	4.17e-05	0.00e+00	0.00e+00	0.00e+00	0.00e+00
 2.32945e+17	7.90e-02	8.97e-01	2.38e-02	3.18e-05	0.00e+00	0.00e+00	0.00e+00	0.00e+00
 2.34929e+17	8.85e-02	8.92e-01	1.97e-02	2.44e-05	0.00e+00	0.00e+00	0.00e+00	0.00e+00
 2.36806e+17	9.90e-02	8.85e-01	1.63e-02	1.90e-05	0.00e+00	0.00e+00	0.00e+00	0.00e+00
 2.38585e+17	1.11e-01	8.76e-01	1.34e-02	1.50e-05	0.00e+00	0.00e+00	0.00e+00	0.00e+00
 2.40287e+17	1.23e-01	8.66e-01	1.11e-02	1.19e-05	0.00e+00	0.00e+00	0.00e+00	0.00e+00
 2.41934e+17	1.38e-01	8.53e-01	9.12e-03	9.60e-06	0.00e+00	0.00e+00	0.00e+00	0.00e+00
 2.43537e+17	1.53e-01	8.39e-01	7.47e-03	7.82e-06	0.00e+00	0.00e+00	0.00e+00	0.00e+00
 2.45076e+17	1.70e-01	8.24e-01	6.12e-03	6.47e-06	0.00e+00	0.00e+00	0.00e+00	0.00e+00
 2.46495e+17	1.88e-01	8.07e-01	5.05e-03	5.46e-06	0.00e+00	0.00e+00	0.00e+00	0.00e+00
 2.47779e+17	2.05e-01	7.91e-01	4.22e-03	4.71e-06	0.00e+00	0.00e+00	0.00e+00	0.00e+00
 2.48970e+17	2.23e-01	7.74e-01	3.55e-03	4.13e-06	0.00e+00	0.00e+00	0.00e+00	0.00e+00
 2.50102e+17	2.41e-01	7.56e-01	3.00e-03	3.66e-06	0.00e+00	0.00e+00	0.00e+00	0.00e+00
 2.51180e+17	2.60e-01	7.38e-01	2.55e-03	3.27e-06	0.00e+00	0.00e+00	0.00e+00	0.00e+00
 2.52026e+17	2.74e-01	7.23e-01	2.24e-03	3.00e-06	0.00e+00	0.00e+00	0.00e+00	0.00e+00
 2.52604e+17	2.85e-01	7.13e-01	2.05e-03	2.85e-06	0.00e+00	0.00e+00	0.00e+00	0.00e+00
 2.53170e+17	2.96e-01	7.02e-01	1.87e-03	2.69e-06	0.00e+00	0.00e+00	0.00e+00	0.00e+00
 2.53841e+17	3.10e-01	6.89e-01	1.67e-03	2.52e-06	0.00e+00	0.00e+00	0.00e+00	0.00e+00
 2.54543e+17	3.24e-01	6.74e-01	1.49e-03	2.35e-06	0.00e+00	0.00e+00	0.00e+00	0.00e+00
 2.55197e+17	3.38e-01	6.60e-01	1.33e-03	2.21e-06	0.00e+00	0.00e+00	0.00e+00	0.00e+00
 2.55815e+17	3.52e-01	6.47e-01	1.20e-03	2.09e-06	0.00e+00	0.00e+00	0.00e+00	0.00e+00
 2.56452e+17	3.67e-01	6.32e-01	1.07e-03	1.96e-06	0.00e+00	0.00e+00	0.00e+00	0.00e+00
 2.57105e+17	3.82e-01	6.17e-01	9.52e-04	1.85e-06	0.00e+00	0.00e+00	0.00e+00	0.00e+00
 2.57736e+17	3.97e-01	6.02e-01	8.49e-04	1.74e-06	0.00e+00	0.00e+00	0.00e+00	0.00e+00
 2.58355e+17	4.12e-01	5.88e-01	7.61e-04	1.65e-06	0.00e+00	0.00e+00	0.00e+00	0.00e+00
 2.58992e+17	4.28e-01	5.72e-01	6.74e-04	1.55e-06	0.00e+00	0.00e+00	0.00e+00	0.00e+00
 2.59632e+17	4.44e-01	5.56e-01	5.97e-04	1.46e-06	0.00e+00	0.00e+00	0.00e+00	0.00e+00
 2.60246e+17	4.59e-01	5.40e-01	5.34e-04	1.38e-06	0.00e+00	0.00e+00	0.00e+00	0.00e+00
 2.60873e+17	4.76e-01	5.24e-01	4.71e-04	1.30e-06	0.00e+00	0.00e+00	0.00e+00	0.00e+00
 2.61505e+17	4.92e-01	5.07e-01	4.16e-04	1.23e-06	0.00e+00	0.00e+00	0.00e+00	0.00e+00
 2.62116e+17	5.08e-01	4.92e-01	3.71e-04	1.16e-06	0.00e+00	0.00e+00	0.00e+00	0.00e+00
 2.62743e+17	5.25e-01	4.75e-01	3.26e-04	1.09e-06	0.00e+00	0.00e+00	0.00e+00	0.00e+00
 2.63377e+17	5.41e-01	4.58e-01	2.87e-04	1.03e-06	0.00e+00	0.00e+00	0.00e+00	0.00e+00
 2.63989e+17	5.57e-01	4.43e-01	2.55e-04	9.76e-07	0.00e+00	0.00e+00	0.00e+00	0.00e+00
 2.64618e+17	5.74e-01	4.26e-01	2.24e-04	0.00e+00	0.00e+00	0.00e+00	0.00e+00	0.00e+00
 2.65255e+17	5.90e-01	4.10e-01	1.97e-04	0.00e+00	0.00e+00	0.00e+00	0.00e+00	0.00e+00
 2.65869e+17	6.06e-01	3.94e-01	1.74e-04	0.00e+00	0.00e+00	0.00e+00	0.00e+00	0.00e+00
 2.66482e+17	6.21e-01	3.79e-01	1.53e-04	0.00e+00	0.00e+00	0.00e+00	0.00e+00	0.00e+00
 2.67113e+17	6.37e-01	3.63e-01	1.34e-04	0.00e+00	0.00e+00	0.00e+00	0.00e+00	0.00e+00
 2.67758e+17	6.52e-01	3.48e-01	1.18e-04	0.00e+00	0.00e+00	0.00e+00	0.00e+00	0.00e+00
 2.68399e+17	6.68e-01	3.32e-01	1.03e-04	0.00e+00	0.00e+00	0.00e+00	0.00e+00	0.00e+00
 2.69034e+17	6.82e-01	3.18e-01	9.10e-05	0.00e+00	0.00e+00	0.00e+00	0.00e+00	0.00e+00
 2.69668e+17	6.96e-01	3.04e-01	8.03e-05	0.00e+00	0.00e+00	0.00e+00	0.00e+00	0.00e+00
 2.70314e+17	7.10e-01	2.90e-01	7.05e-05	0.00e+00	0.00e+00	0.00e+00	0.00e+00	0.00e+00
 2.70942e+17	7.23e-01	2.77e-01	6.25e-05	0.00e+00	0.00e+00	0.00e+00	0.00e+00	0.00e+00
 2.71569e+17	7.36e-01	2.64e-01	5.52e-05	0.00e+00	0.00e+00	0.00e+00	0.00e+00	0.00e+00
 2.72212e+17	7.48e-01	2.52e-01	4.91e-05	0.00e+00	0.00e+00	0.00e+00	0.00e+00	0.00e+00
 2.72862e+17	7.60e-01	2.40e-01	4.35e-05	0.00e+00	0.00e+00	0.00e+00	0.00e+00	0.00e+00
 2.73502e+17	7.71e-01	2.29e-01	3.87e-05	0.00e+00	0.00e+00	0.00e+00	0.00e+00	0.00e+00
 2.74137e+17	7.82e-01	2.18e-01	3.46e-05	0.00e+00	0.00e+00	0.00e+00	0.00e+00	0.00e+00
 2.74839e+17	7.93e-01	2.07e-01	3.06e-05	0.00e+00	0.00e+00	0.00e+00	0.00e+00	0.00e+00
 2.75511e+17	8.03e-01	1.97e-01	2.75e-05	0.00e+00	0.00e+00	0.00e+00	0.00e+00	0.00e+00
 2.76122e+17	8.12e-01	1.88e-01	2.50e-05	0.00e+00	0.00e+00	0.00e+00	0.00e+00	0.00e+00
 2.76735e+17	8.20e-01	1.80e-01	2.29e-05	0.00e+00	0.00e+00	0.00e+00	0.00e+00	0.00e+00
 2.77428e+17	8.29e-01	1.71e-01	2.06e-05	0.00e+00	0.00e+00	0.00e+00	0.00e+00	0.00e+00
 2.78216e+17	8.39e-01	1.61e-01	1.85e-05	0.00e+00	0.00e+00	0.00e+00	0.00e+00	0.00e+00
 2.78982e+17	8.47e-01	1.53e-01	1.68e-05	0.00e+00	0.00e+00	0.00e+00	0.00e+00	0.00e+00
 2.79736e+17	8.55e-01	1.45e-01	1.52e-05	0.00e+00	0.00e+00	0.00e+00	0.00e+00	0.00e+00
 2.80562e+17	8.63e-01	1.37e-01	1.39e-05	0.00e+00	0.00e+00	0.00e+00	0.00e+00	0.00e+00
 2.81422e+17	8.70e-01	1.30e-01	1.28e-05	0.00e+00	0.00e+00	0.00e+00	0.00e+00	0.00e+00
 2.82273e+17	8.77e-01	1.23e-01	1.18e-05	0.00e+00	0.00e+00	0.00e+00	0.00e+00	0.00e+00
 2.83208e+17	8.84e-01	1.16e-01	1.08e-05	0.00e+00	0.00e+00	0.00e+00	0.00e+00	0.00e+00
 2.84251e+17	8.91e-01	1.09e-01	9.89e-06	0.00e+00	0.00e+00	0.00e+00	0.00e+00	0.00e+00
 2.85382e+17	8.98e-01	1.02e-01	9.11e-06	0.00e+00	0.00e+00	0.00e+00	0.00e+00	0.00e+00
 2.86400e+17	9.04e-01	9.64e-02	8.53e-06	0.00e+00	0.00e+00	0.00e+00	0.00e+00	0.00e+00
 2.87207e+17	9.07e-01	9.28e-02	8.14e-06	0.00e+00	0.00e+00	0.00e+00	0.00e+00	0.00e+00
 2.88001e+17	9.11e-01	8.90e-02	7.77e-06	0.00e+00	0.00e+00	0.00e+00	0.00e+00	0.00e+00
 2.88910e+17	9.15e-01	8.54e-02	7.41e-06	0.00e+00	0.00e+00	0.00e+00	0.00e+00	0.00e+00
 2.89864e+17	9.19e-01	8.12e-02	7.04e-06	0.00e+00	0.00e+00	0.00e+00	0.00e+00	0.00e+00
 2.90756e+17	9.22e-01	7.81e-02	6.76e-06	0.00e+00	0.00e+00	0.00e+00	0.00e+00	0.00e+00
 2.91629e+17	9.25e-01	7.50e-02	6.50e-06	0.00e+00	0.00e+00	0.00e+00	0.00e+00	0.00e+00
 2.92564e+17	9.28e-01	7.19e-02	6.24e-06	0.00e+00	0.00e+00	0.00e+00	0.00e+00	0.00e+00
 2.93524e+17	9.31e-01	6.89e-02	6.00e-06	0.00e+00	0.00e+00	0.00e+00	0.00e+00	0.00e+00
 2.94418e+17	9.34e-01	6.60e-02	5.78e-06	0.00e+00	0.00e+00	0.00e+00	0.00e+00	0.00e+00
 2.95317e+17	9.36e-01	6.35e-02	5.58e-06	0.00e+00	0.00e+00	0.00e+00	0.00e+00	0.00e+00
 2.96219e+17	9.39e-01	6.12e-02	5.40e-06	0.00e+00	0.00e+00	0.00e+00	0.00e+00	0.00e+00
 2.97069e+17	9.41e-01	5.89e-02	5.23e-06	0.00e+00	0.00e+00	0.00e+00	0.00e+00	0.00e+00
 2.97906e+17	9.43e-01	5.65e-02	5.07e-06	0.00e+00	0.00e+00	0.00e+00	0.00e+00	0.00e+00
 2.98739e+17	9.45e-01	5.47e-02	4.94e-06	0.00e+00	0.00e+00	0.00e+00	0.00e+00	0.00e+00
 2.99675e+17	9.48e-01	5.19e-02	4.74e-06	0.00e+00	0.00e+00	0.00e+00	0.00e+00	0.00e+00
 3.00563e+17	9.50e-01	4.97e-02	4.59e-06	0.00e+00	0.00e+00	0.00e+00	0.00e+00	0.00e+00
 3.01231e+17	9.52e-01	4.85e-02	4.51e-06	0.00e+00	0.00e+00	0.00e+00	0.00e+00	0.00e+00
 3.01906e+17	9.53e-01	4.65e-02	4.37e-06	0.00e+00	0.00e+00	0.00e+00	0.00e+00	0.00e+00
 3.02613e+17	9.55e-01	4.50e-02	4.28e-06	0.00e+00	0.00e+00	0.00e+00	0.00e+00	0.00e+00
 3.03322e+17	9.57e-01	4.29e-02	4.14e-06	0.00e+00	0.00e+00	0.00e+00	0.00e+00	0.00e+00
 3.03971e+17	9.59e-01	4.13e-02	4.03e-06	0.00e+00	0.00e+00	0.00e+00	0.00e+00	0.00e+00
 3.04479e+17	9.59e-01	4.06e-02	3.98e-06	0.00e+00	0.00e+00	0.00e+00	0.00e+00	0.00e+00
 3.05020e+17	9.61e-01	3.89e-02	3.88e-06	0.00e+00	0.00e+00	0.00e+00	0.00e+00	0.00e+00
 3.05581e+17	9.62e-01	3.79e-02	3.80e-06	0.00e+00	0.00e+00	0.00e+00	0.00e+00	0.00e+00
 3.06168e+17	9.63e-01	3.69e-02	3.75e-06	0.00e+00	0.00e+00	0.00e+00	0.00e+00	0.00e+00
 3.06932e+17	9.65e-01	3.49e-02	3.63e-06	0.00e+00	0.00e+00	0.00e+00	0.00e+00	0.00e+00
 3.07634e+17	9.67e-01	3.32e-02	3.52e-06	0.00e+00	0.00e+00	0.00e+00	0.00e+00	0.00e+00
 3.08081e+17	9.68e-01	3.24e-02	3.47e-06	0.00e+00	0.00e+00	0.00e+00	0.00e+00	0.00e+00
 3.08486e+17	9.68e-01	3.18e-02	3.42e-06	0.00e+00	0.00e+00	0.00e+00	0.00e+00	0.00e+00
 3.08977e+17	9.70e-01	3.03e-02	3.33e-06	0.00e+00	0.00e+00	0.00e+00	0.00e+00	0.00e+00
 3.09428e+17	9.71e-01	2.90e-02	3.25e-06	0.00e+00	0.00e+00	0.00e+00	0.00e+00	0.00e+00
 3.09754e+17	9.71e-01	2.85e-02	3.22e-06	0.00e+00	0.00e+00	0.00e+00	0.00e+00	0.00e+00
 3.10075e+17	9.72e-01	2.76e-02	3.15e-06	0.00e+00	0.00e+00	0.00e+00	0.00e+00	0.00e+00
 3.10425e+17	9.73e-01	2.69e-02	3.11e-06	0.00e+00	0.00e+00	0.00e+00	0.00e+00	0.00e+00
 3.10768e+17	9.74e-01	2.58e-02	3.04e-06	0.00e+00	0.00e+00	0.00e+00	0.00e+00	0.00e+00
 3.11070e+17	9.75e-01	2.51e-02	3.00e-06	0.00e+00	0.00e+00	0.00e+00	0.00e+00	0.00e+00
 3.11352e+17	9.75e-01	2.45e-02	2.96e-06	0.00e+00	0.00e+00	0.00e+00	0.00e+00	0.00e+00
 3.11671e+17	9.77e-01	2.33e-02	2.88e-06	0.00e+00	0.00e+00	0.00e+00	0.00e+00	0.00e+00
 3.11943e+17	9.78e-01	2.24e-02	2.82e-06	0.00e+00	0.00e+00	0.00e+00	0.00e+00	0.00e+00
 3.12125e+17	9.78e-01	2.20e-02	2.79e-06	0.00e+00	0.00e+00	0.00e+00	0.00e+00	0.00e+00
 3.12299e+17	9.78e-01	2.17e-02	2.76e-06	0.00e+00	0.00e+00	0.00e+00	0.00e+00	0.00e+00
 3.12525e+17	9.79e-01	2.12e-02	2.73e-06	0.00e+00	0.00e+00	0.00e+00	0.00e+00	0.00e+00
 3.12791e+17	9.80e-01	2.00e-02	2.66e-06	0.00e+00	0.00e+00	0.00e+00	0.00e+00	0.00e+00
 3.13009e+17	9.81e-01	1.91e-02	2.59e-06	0.00e+00	0.00e+00	0.00e+00	0.00e+00	0.00e+00
 3.13141e+17	9.81e-01	1.88e-02	2.57e-06	0.00e+00	0.00e+00	0.00e+00	0.00e+00	0.00e+00
 3.13262e+17	9.82e-01	1.85e-02	2.54e-06	0.00e+00	0.00e+00	0.00e+00	0.00e+00	0.00e+00
 3.13418e+17	9.82e-01	1.80e-02	2.51e-06	0.00e+00	0.00e+00	0.00e+00	0.00e+00	0.00e+00
 3.13616e+17	9.83e-01	1.71e-02	2.45e-06	0.00e+00	0.00e+00	0.00e+00	0.00e+00	0.00e+00
 3.13794e+17	9.84e-01	1.63e-02	2.39e-06	0.00e+00	0.00e+00	0.00e+00	0.00e+00	0.00e+00
 3.13909e+17	9.84e-01	1.59e-02	2.36e-06	0.00e+00	0.00e+00	0.00e+00	0.00e+00	0.00e+00
 3.14012e+17	9.84e-01	1.57e-02	2.33e-06	0.00e+00	0.00e+00	0.00e+00	0.00e+00	0.00e+00
 3.14146e+17	9.85e-01	1.49e-02	2.28e-06	0.00e+00	0.00e+00	0.00e+00	0.00e+00	0.00e+00
 3.14281e+17	9.86e-01	1.42e-02	2.22e-06	0.00e+00	0.00e+00	0.00e+00	0.00e+00	0.00e+00
 3.14384e+17	9.86e-01	1.36e-02	2.18e-06	0.00e+00	0.00e+00	0.00e+00	0.00e+00	0.00e+00
 3.14469e+17	9.87e-01	1.28e-02	2.10e-06	0.00e+00	0.00e+00	0.00e+00	0.00e+00	0.00e+00
 3.14536e+17	9.87e-01	1.25e-02	2.08e-06	0.00e+00	0.00e+00	0.00e+00	0.00e+00	0.00e+00
 3.14596e+17	9.88e-01	1.20e-02	2.03e-06	0.00e+00	0.00e+00	0.00e+00	0.00e+00	0.00e+00
 3.14668e+17	9.88e-01	1.15e-02	1.99e-06	0.00e+00	0.00e+00	0.00e+00	0.00e+00	0.00e+00
 3.14752e+17	9.90e-01	1.01e-02	1.86e-06	0.00e+00	0.00e+00	0.00e+00	0.00e+00	0.00e+00
 3.14839e+17	9.96e-01	4.09e-03	9.27e-07	0.00e+00	0.00e+00	0.00e+00	0.00e+00	0.00e+00
 3.14919e+17	9.96e-01	3.80e-03	8.66e-07	0.00e+00	0.00e+00	0.00e+00	0.00e+00	0.00e+00
 3.14991e+17	9.96e-01	3.59e-03	8.22e-07	0.00e+00	0.00e+00	0.00e+00	0.00e+00	0.00e+00
 3.15056e+17	9.97e-01	3.48e-03	7.99e-07	0.00e+00	0.00e+00	0.00e+00	0.00e+00	0.00e+00
 3.15116e+17	9.97e-01	3.41e-03	7.83e-07	0.00e+00	0.00e+00	0.00e+00	0.00e+00	0.00e+00
 3.15170e+17	9.97e-01	3.31e-03	7.61e-07	0.00e+00	0.00e+00	0.00e+00	0.00e+00	0.00e+00
 3.15220e+17	9.97e-01	3.25e-03	7.49e-07	0.00e+00	0.00e+00	0.00e+00	0.00e+00	0.00e+00
 3.15265e+17	9.97e-01	3.19e-03	7.36e-07	0.00e+00	0.00e+00	0.00e+00	0.00e+00	0.00e+00
 3.15310e+17	9.97e-01	3.14e-03	7.24e-07	0.00e+00	0.00e+00	0.00e+00	0.00e+00	0.00e+00
 3.15363e+17	9.97e-01	3.08e-03	7.12e-07	0.00e+00	0.00e+00	0.00e+00	0.00e+00	0.00e+00
 3.15421e+17	9.97e-01	2.98e-03	6.91e-07	0.00e+00	0.00e+00	0.00e+00	0.00e+00	0.00e+00
 3.15473e+17	9.97e-01	2.92e-03	6.78e-07	0.00e+00	0.00e+00	0.00e+00	0.00e+00	0.00e+00
 3.15520e+17	9.97e-01	2.86e-03	6.66e-07	0.00e+00	0.00e+00	0.00e+00	0.00e+00	0.00e+00
 3.15564e+17	9.97e-01	2.81e-03	6.54e-07	0.00e+00	0.00e+00	0.00e+00	0.00e+00	0.00e+00
 3.15609e+17	9.97e-01	2.76e-03	6.44e-07	0.00e+00	0.00e+00	0.00e+00	0.00e+00	0.00e+00
 3.15665e+17	9.97e-01	2.70e-03	6.32e-07	0.00e+00	0.00e+00	0.00e+00	0.00e+00	0.00e+00
 3.15725e+17	9.97e-01	2.61e-03	6.13e-07	0.00e+00	0.00e+00	0.00e+00	0.00e+00	0.00e+00
 3.15779e+17	9.97e-01	2.55e-03	6.01e-07	0.00e+00	0.00e+00	0.00e+00	0.00e+00	0.00e+00
 3.15829e+17	9.97e-01	2.50e-03	5.90e-07	0.00e+00	0.00e+00	0.00e+00	0.00e+00	0.00e+00
 3.15878e+17	9.98e-01	2.46e-03	5.80e-07	0.00e+00	0.00e+00	0.00e+00	0.00e+00	0.00e+00
 3.15933e+17	9.98e-01	2.40e-03	5.70e-07	0.00e+00	0.00e+00	0.00e+00	0.00e+00	0.00e+00
 3.15990e+17	9.98e-01	2.33e-03	5.54e-07	0.00e+00	0.00e+00	0.00e+00	0.00e+00	0.00e+00
 3.16042e+17	9.98e-01	2.28e-03	5.45e-07	0.00e+00	0.00e+00	0.00e+00	0.00e+00	0.00e+00
 3.16093e+17	9.98e-01	2.24e-03	5.35e-07	0.00e+00	0.00e+00	0.00e+00	0.00e+00	0.00e+00
 3.16145e+17	9.98e-01	2.19e-03	5.25e-07	0.00e+00	0.00e+00	0.00e+00	0.00e+00	0.00e+00
 3.16192e+17	9.98e-01	2.15e-03	5.16e-07	0.00e+00	0.00e+00	0.00e+00	0.00e+00	0.00e+00
 3.16240e+17	9.98e-01	2.12e-03	5.12e-07	0.00e+00	0.00e+00	0.00e+00	0.00e+00	0.00e+00
 3.16299e+17	9.98e-01	2.05e-03	4.97e-07	0.00e+00	0.00e+00	0.00e+00	0.00e+00	0.00e+00
 3.16362e+17	9.98e-01	1.98e-03	4.82e-07	0.00e+00	0.00e+00	0.00e+00	0.00e+00	0.00e+00
###########################
 2.70827e+13	6.47e-04	1.91e-01	7.36e-01	7.06e-02	1.09e-03	7.23e-06	0.00e+00	0.00e+00
 1.62496e+14	6.48e-04	1.91e-01	7.37e-01	7.05e-02	1.09e-03	7.21e-06	0.00e+00	0.00e+00
 7.04150e+14	6.47e-04	1.90e-01	7.38e-01	7.04e-02	1.08e-03	7.17e-06	0.00e+00	0.00e+00
 2.87077e+15	6.53e-04	1.89e-01	7.40e-01	6.90e-02	1.04e-03	6.90e-06	0.00e+00	0.00e+00
 6.85734e+15	6.62e-04	1.86e-01	7.45e-01	6.77e-02	9.84e-04	6.57e-06	0.00e+00	0.00e+00
 1.20399e+16	6.79e-04	1.85e-01	7.49e-01	6.51e-02	9.06e-04	6.08e-06	0.00e+00	0.00e+00
 1.87772e+16	7.15e-04	1.86e-01	7.51e-01	6.08e-02	8.02e-04	5.41e-06	0.00e+00	0.00e+00
 2.75357e+16	7.84e-04	1.93e-01	7.51e-01	5.46e-02	6.73e-04	4.54e-06	0.00e+00	0.00e+00
 3.89218e+16	9.15e-04	2.08e-01	7.44e-01	4.65e-02	5.25e-04	3.50e-06	0.00e+00	0.00e+00
 5.14420e+16	1.11e-03	2.29e-01	7.31e-01	3.85e-02	3.98e-04	2.60e-06	0.00e+00	0.00e+00
 6.20670e+16	1.32e-03	2.51e-01	7.15e-01	3.26e-02	3.14e-04	2.00e-06	0.00e+00	0.00e+00
 7.02115e+16	1.51e-03	2.70e-01	6.99e-01	2.86e-02	2.63e-04	1.62e-06	0.00e+00	0.00e+00
 7.73831e+16	1.72e-03	2.90e-01	6.83e-01	2.53e-02	2.23e-04	1.34e-06	0.00e+00	0.00e+00
 8.55879e+16	2.01e-03	3.15e-01	6.61e-01	2.20e-02	1.85e-04	1.07e-06	0.00e+00	0.00e+00
 9.43063e+16	2.36e-03	3.43e-01	6.35e-01	1.88e-02	1.52e-04	8.26e-07	0.00e+00	0.00e+00
 1.01741e+17	2.69e-03	3.67e-01	6.13e-01	1.66e-02	1.30e-04	0.00e+00	0.00e+00	0.00e+00
 1.09456e+17	3.09e-03	3.95e-01	5.88e-01	1.44e-02	1.10e-04	0.00e+00	0.00e+00	0.00e+00
 1.18094e+17	3.61e-03	4.26e-01	5.58e-01	1.23e-02	9.12e-05	0.00e+00	0.00e+00	0.00e+00
 1.25675e+17	4.12e-03	4.56e-01	5.30e-01	1.06e-02	7.73e-05	0.00e+00	0.00e+00	0.00e+00
 1.32005e+17	4.62e-03	4.81e-01	5.05e-01	9.31e-03	6.70e-05	0.00e+00	0.00e+00	0.00e+00
 1.38967e+17	5.28e-03	5.12e-01	4.75e-01	7.94e-03	5.64e-05	0.00e+00	0.00e+00	0.00e+00
 1.46694e+17	6.11e-03	5.47e-01	4.40e-01	6.58e-03	4.64e-05	0.00e+00	0.00e+00	0.00e+00
 1.53940e+17	7.04e-03	5.82e-01	4.06e-01	5.43e-03	3.81e-05	0.00e+00	0.00e+00	0.00e+00
 1.60817e+17	8.11e-03	6.16e-01	3.71e-01	4.42e-03	3.10e-05	0.00e+00	0.00e+00	0.00e+00
 1.68692e+17	9.63e-03	6.58e-01	3.29e-01	3.38e-03	2.38e-05	0.00e+00	0.00e+00	0.00e+00
 1.76817e+17	1.15e-02	7.00e-01	2.86e-01	2.49e-03	1.77e-05	0.00e+00	0.00e+00	0.00e+00
 1.83345e+17	1.35e-02	7.35e-01	2.49e-01	1.88e-03	1.34e-05	0.00e+00	0.00e+00	0.00e+00
 1.88840e+17	1.55e-02	7.65e-01	2.18e-01	1.44e-03	1.04e-05	0.00e+00	0.00e+00	0.00e+00
 1.94917e+17	1.83e-02	7.96e-01	1.84e-01	1.03e-03	7.55e-06	0.00e+00	0.00e+00	0.00e+00
 2.01392e+17	2.20e-02	8.28e-01	1.50e-01	6.90e-04	5.16e-06	0.00e+00	0.00e+00	0.00e+00
 2.06672e+17	2.60e-02	8.51e-01	1.23e-01	4.76e-04	3.61e-06	0.00e+00	0.00e+00	0.00e+00
 2.10688e+17	2.97e-02	8.67e-01	1.03e-01	3.47e-04	2.66e-06	0.00e+00	0.00e+00	0.00e+00
 2.14137e+17	3.36e-02	8.79e-01	8.72e-02	2.58e-04	2.00e-06	0.00e+00	0.00e+00	0.00e+00
 2.17474e+17	3.82e-02	8.89e-01	7.30e-02	1.89e-04	1.47e-06	0.00e+00	0.00e+00	0.00e+00
 2.20705e+17	4.36e-02	8.96e-01	6.04e-02	1.36e-04	1.07e-06	0.00e+00	0.00e+00	0.00e+00
 2.23652e+17	4.95e-02	9.01e-01	4.99e-02	9.93e-05	7.79e-07	0.00e+00	0.00e+00	0.00e+00
 2.26265e+17	5.59e-02	9.03e-01	4.14e-02	7.36e-05	0.00e+00	0.00e+00	0.00e+00	0.00e+00
 2.28635e+17	6.28e-02	9.03e-01	3.44e-02	5.50e-05	0.00e+00	0.00e+00	0.00e+00	0.00e+00
 2.30847e+17	7.05e-02	9.01e-01	2.86e-02	4.16e-05	0.00e+00	0.00e+00	0.00e+00	0.00e+00
 2.32937e+17	7.90e-02	8.97e-01	2.38e-02	3.17e-05	0.00e+00	0.00e+00	0.00e+00	0.00e+00
 2.34922e+17	8.86e-02	8.92e-01	1.97e-02	2.44e-05	0.00e+00	0.00e+00	0.00e+00	0.00e+00
 2.36799e+17	9.91e-02	8.85e-01	1.63e-02	1.90e-05	0.00e+00	0.00e+00	0.00e+00	0.00e+00
 2.38578e+17	1.11e-01	8.76e-01	1.34e-02	1.49e-05	0.00e+00	0.00e+00	0.00e+00	0.00e+00
 2.40281e+17	1.23e-01	8.65e-01	1.11e-02	1.19e-05	0.00e+00	0.00e+00	0.00e+00	0.00e+00
 2.41928e+17	1.38e-01	8.53e-01	9.11e-03	9.59e-06	0.00e+00	0.00e+00	0.00e+00	0.00e+00
 2.43532e+17	1.53e-01	8.39e-01	7.47e-03	7.82e-06	0.00e+00	0.00e+00	0.00e+00	0.00e+00
 2.45072e+17	1.70e-01	8.24e-01	6.11e-03	6.46e-06	0.00e+00	0.00e+00	0.00e+00	0.00e+00
 2.46491e+17	1.88e-01	8.07e-01	5.05e-03	5.45e-06	0.00e+00	0.00e+00	0.00e+00	0.00e+00
 2.47775e+17	2.05e-01	7.90e-01	4.22e-03	4.71e-06	0.00e+00	0.00e+00	0.00e+00	0.00e+00
 2.48966e+17	2.23e-01	7.73e-01	3.55e-03	4.12e-06	0.00e+00	0.00e+00	0.00e+00	0.00e+00
 2.50098e+17	2.41e-01	7.56e-01	3.00e-03	3.65e-06	0.00e+00	0.00e+00	0.00e+00	0.00e+00
 2.51177e+17	2.60e-01	7.38e-01	2.54e-03	3.26e-06	0.00e+00	0.00e+00	0.00e+00	0.00e+00
 2.52023e+17	2.75e-01	7.23e-01	2.24e-03	3.00e-06	0.00e+00	0.00e+00	0.00e+00	0.00e+00
 2.52601e+17	2.85e-01	7.13e-01	2.05e-03	2.84e-06	0.00e+00	0.00e+00	0.00e+00	0.00e+00
 2.53164e+17	2.96e-01	7.02e-01	1.87e-03	2.69e-06	0.00e+00	0.00e+00	0.00e+00	0.00e+00
 2.53835e+17	3.10e-01	6.89e-01	1.67e-03	2.51e-06	0.00e+00	0.00e+00	0.00e+00	0.00e+00
 2.54540e+17	3.24e-01	6.74e-01	1.49e-03	2.35e-06	0.00e+00	0.00e+00	0.00e+00	0.00e+00
 2.55196e+17	3.39e-01	6.60e-01	1.33e-03	2.20e-06	0.00e+00	0.00e+00	0.00e+00	0.00e+00
 2.55815e+17	3.52e-01	6.47e-01	1.20e-03	2.09e-06	0.00e+00	0.00e+00	0.00e+00	0.00e+00
 2.56451e+17	3.67e-01	6.32e-01	1.07e-03	1.96e-06	0.00e+00	0.00e+00	0.00e+00	0.00e+00
 2.57103e+17	3.82e-01	6.17e-01	9.52e-04	1.85e-06	0.00e+00	0.00e+00	0.00e+00	0.00e+00
 2.57735e+17	3.97e-01	6.02e-01	8.48e-04	1.74e-06	0.00e+00	0.00e+00	0.00e+00	0.00e+00
 2.58354e+17	4.12e-01	5.88e-01	7.60e-04	1.65e-06	0.00e+00	0.00e+00	0.00e+00	0.00e+00
 2.58992e+17	4.28e-01	5.71e-01	6.73e-04	1.55e-06	0.00e+00	0.00e+00	0.00e+00	0.00e+00
 2.59631e+17	4.44e-01	5.55e-01	5.97e-04	1.46e-06	0.00e+00	0.00e+00	0.00e+00	0.00e+00
 2.60246e+17	4.59e-01	5.40e-01	5.33e-04	1.38e-06	0.00e+00	0.00e+00	0.00e+00	0.00e+00
 2.60873e+17	4.76e-01	5.24e-01	4.71e-04	1.30e-06	0.00e+00	0.00e+00	0.00e+00	0.00e+00
 2.61505e+17	4.93e-01	5.07e-01	4.16e-04	1.22e-06	0.00e+00	0.00e+00	0.00e+00	0.00e+00
 2.62115e+17	5.08e-01	4.92e-01	3.71e-04	1.16e-06	0.00e+00	0.00e+00	0.00e+00	0.00e+00
 2.62742e+17	5.25e-01	4.75e-01	3.26e-04	1.09e-06	0.00e+00	0.00e+00	0.00e+00	0.00e+00
 2.63377e+17	5.41e-01	4.58e-01	2.87e-04	1.03e-06	0.00e+00	0.00e+00	0.00e+00	0.00e+00
 2.63988e+17	5.57e-01	4.43e-01	2.55e-04	9.75e-07	0.00e+00	0.00e+00	0.00e+00	0.00e+00
 2.64617e+17	5.74e-01	4.26e-01	2.23e-04	0.00e+00	0.00e+00	0.00e+00	0.00e+00	0.00e+00
 2.65255e+17	5.90e-01	4.10e-01	1.97e-04	0.00e+00	0.00e+00	0.00e+00	0.00e+00	0.00e+00
 2.65869e+17	6.06e-01	3.94e-01	1.73e-04	0.00e+00	0.00e+00	0.00e+00	0.00e+00	0.00e+00
 2.66481e+17	6.21e-01	3.79e-01	1.53e-04	0.00e+00	0.00e+00	0.00e+00	0.00e+00	0.00e+00
 2.67112e+17	6.37e-01	3.63e-01	1.34e-04	0.00e+00	0.00e+00	0.00e+00	0.00e+00	0.00e+00
 2.67757e+17	6.52e-01	3.48e-01	1.18e-04	0.00e+00	0.00e+00	0.00e+00	0.00e+00	0.00e+00
 2.68397e+17	6.68e-01	3.32e-01	1.03e-04	0.00e+00	0.00e+00	0.00e+00	0.00e+00	0.00e+00
 2.69032e+17	6.82e-01	3.18e-01	9.09e-05	0.00e+00	0.00e+00	0.00e+00	0.00e+00	0.00e+00
 2.69667e+17	6.96e-01	3.04e-01	8.02e-05	0.00e+00	0.00e+00	0.00e+00	0.00e+00	0.00e+00
 2.70312e+17	7.10e-01	2.90e-01	7.04e-05	0.00e+00	0.00e+00	0.00e+00	0.00e+00	0.00e+00
 2.70941e+17	7.23e-01	2.77e-01	6.24e-05	0.00e+00	0.00e+00	0.00e+00	0.00e+00	0.00e+00
 2.71567e+17	7.36e-01	2.64e-01	5.51e-05	0.00e+00	0.00e+00	0.00e+00	0.00e+00	0.00e+00
 2.72210e+17	7.48e-01	2.52e-01	4.91e-05	0.00e+00	0.00e+00	0.00e+00	0.00e+00	0.00e+00
 2.72859e+17	7.60e-01	2.40e-01	4.34e-05	0.00e+00	0.00e+00	0.00e+00	0.00e+00	0.00e+00
 2.73500e+17	7.71e-01	2.29e-01	3.87e-05	0.00e+00	0.00e+00	0.00e+00	0.00e+00	0.00e+00
 2.74135e+17	7.82e-01	2.18e-01	3.46e-05	0.00e+00	0.00e+00	0.00e+00	0.00e+00	0.00e+00
 2.74836e+17	7.93e-01	2.07e-01	3.06e-05	0.00e+00	0.00e+00	0.00e+00	0.00e+00	0.00e+00
 2.75509e+17	8.04e-01	1.96e-01	2.75e-05	0.00e+00	0.00e+00	0.00e+00	0.00e+00	0.00e+00
 2.76119e+17	8.12e-01	1.88e-01	2.50e-05	0.00e+00	0.00e+00	0.00e+00	0.00e+00	0.00e+00
 2.76735e+17	8.20e-01	1.80e-01	2.28e-05	0.00e+00	0.00e+00	0.00e+00	0.00e+00	0.00e+00
 2.77411e+17	8.29e-01	1.71e-01	2.07e-05	0.00e+00	0.00e+00	0.00e+00	0.00e+00	0.00e+00
 2.78129e+17	8.37e-01	1.63e-01	1.87e-05	0.00e+00	0.00e+00	0.00e+00	0.00e+00	0.00e+00
 2.78835e+17	8.45e-01	1.55e-01	1.71e-05	0.00e+00	0.00e+00	0.00e+00	0.00e+00	0.00e+00
 2.79599e+17	8.53e-01	1.47e-01	1.56e-05	0.00e+00	0.00e+00	0.00e+00	0.00e+00	0.00e+00
 2.80433e+17	8.62e-01	1.38e-01	1.41e-05	0.00e+00	0.00e+00	0.00e+00	0.00e+00	0.00e+00
 2.81297e+17	8.70e-01	1.30e-01	1.29e-05	0.00e+00	0.00e+00	0.00e+00	0.00e+00	0.00e+00
 2.82237e+17	8.77e-01	1.23e-01	1.17e-05	0.00e+00	0.00e+00	0.00e+00	0.00e+00	0.00e+00
 2.83257e+17	8.84e-01	1.16e-01	1.08e-05	0.00e+00	0.00e+00	0.00e+00	0.00e+00	0.00e+00
 2.84206e+17	8.91e-01	1.09e-01	9.96e-06	0.00e+00	0.00e+00	0.00e+00	0.00e+00	0.00e+00
 2.85205e+17	8.97e-01	1.03e-01	9.23e-06	0.00e+00	0.00e+00	0.00e+00	0.00e+00	0.00e+00
 2.86236e+17	9.02e-01	9.76e-02	8.64e-06	0.00e+00	0.00e+00	0.00e+00	0.00e+00	0.00e+00
 2.87108e+17	9.07e-01	9.33e-02	8.19e-06	0.00e+00	0.00e+00	0.00e+00	0.00e+00	0.00e+00
 2.87923e+17	9.10e-01	8.97e-02	7.82e-06	0.00e+00	0.00e+00	0.00e+00	0.00e+00	0.00e+00
 2.88783e+17	9.14e-01	8.58e-02	7.45e-06	0.00e+00	0.00e+00	0.00e+00	0.00e+00	0.00e+00
 2.89685e+17	9.18e-01	8.21e-02	7.11e-06	0.00e+00	0.00e+00	0.00e+00	0.00e+00	0.00e+00
 2.90597e+17	9.21e-01	7.87e-02	6.81e-06	0.00e+00	0.00e+00	0.00e+00	0.00e+00	0.00e+00
 2.91507e+17	9.25e-01	7.54e-02	6.53e-06	0.00e+00	0.00e+00	0.00e+00	0.00e+00	0.00e+00
 2.92415e+17	9.28e-01	7.22e-02	6.27e-06	0.00e+00	0.00e+00	0.00e+00	0.00e+00	0.00e+00
 2.93315e+17	9.31e-01	6.95e-02	6.05e-06	0.00e+00	0.00e+00	0.00e+00	0.00e+00	0.00e+00
 2.94228e+17	9.33e-01	6.68e-02	5.83e-06	0.00e+00	0.00e+00	0.00e+00	0.00e+00	0.00e+00
 2.95142e+17	9.36e-01	6.39e-02	5.62e-06	0.00e+00	0.00e+00	0.00e+00	0.00e+00	0.00e+00
 2.96057e+17	9.39e-01	6.15e-02	5.43e-06	0.00e+00	0.00e+00	0.00e+00	0.00e+00	0.00e+00
 2.96962e+17	9.41e-01	5.90e-02	5.25e-06	0.00e+00	0.00e+00	0.00e+00	0.00e+00	0.00e+00
 2.97802e+17	9.43e-01	5.71e-02	5.12e-06	0.00e+00	0.00e+00	0.00e+00	0.00e+00	0.00e+00
 2.98727e+17	9.46e-01	5.43e-02	4.91e-06	0.00e+00	0.00e+00	0.00e+00	0.00e+00	0.00e+00
 2.99634e+17	9.48e-01	5.20e-02	4.75e-06	0.00e+00	0.00e+00	0.00e+00	0.00e+00	0.00e+00
 3.00339e+17	9.49e-01	5.07e-02	4.66e-06	0.00e+00	0.00e+00	0.00e+00	0.00e+00	0.00e+00
 3.01060e+17	9.51e-01	4.86e-02	4.52e-06	0.00e+00	0.00e+00	0.00e+00	0.00e+00	0.00e+00
 3.01811e+17	9.53e-01	4.66e-02	4.38e-06	0.00e+00	0.00e+00	0.00e+00	0.00e+00	0.00e+00
 3.02479e+17	9.55e-01	4.52e-02	4.29e-06	0.00e+00	0.00e+00	0.00e+00	0.00e+00	0.00e+00
 3.03163e+17	9.57e-01	4.34e-02	4.17e-06	0.00e+00	0.00e+00	0.00e+00	0.00e+00	0.00e+00
 3.03817e+17	9.58e-01	4.16e-02	4.06e-06	0.00e+00	0.00e+00	0.00e+00	0.00e+00	0.00e+00
 3.04350e+17	9.59e-01	4.08e-02	4.00e-06	0.00e+00	0.00e+00	0.00e+00	0.00e+00	0.00e+00
 3.04909e+17	9.61e-01	3.91e-02	3.89e-06	0.00e+00	0.00e+00	0.00e+00	0.00e+00	0.00e+00
 3.05487e+17	9.62e-01	3.79e-02	3.81e-06	0.00e+00	0.00e+00	0.00e+00	0.00e+00	0.00e+00
 3.06059e+17	9.63e-01	3.72e-02	3.77e-06	0.00e+00	0.00e+00	0.00e+00	0.00e+00	0.00e+00
 3.06772e+17	9.65e-01	3.53e-02	3.65e-06	0.00e+00	0.00e+00	0.00e+00	0.00e+00	0.00e+00
 3.07445e+17	9.66e-01	3.36e-02	3.54e-06	0.00e+00	0.00e+00	0.00e+00	0.00e+00	0.00e+00
 3.07904e+17	9.67e-01	3.30e-02	3.50e-06	0.00e+00	0.00e+00	0.00e+00	0.00e+00	0.00e+00
 3.08336e+17	9.68e-01	3.18e-02	3.42e-06	0.00e+00	0.00e+00	0.00e+00	0.00e+00	0.00e+00
 3.08802e+17	9.69e-01	3.06e-02	3.34e-06	0.00e+00	0.00e+00	0.00e+00	0.00e+00	0.00e+00
 3.09202e+17	9.70e-01	2.98e-02	3.30e-06	0.00e+00	0.00e+00	0.00e+00	0.00e+00	0.00e+00
 3.09587e+17	9.71e-01	2.87e-02	3.23e-06	0.00e+00	0.00e+00	0.00e+00	0.00e+00	0.00e+00
 3.09964e+17	9.72e-01	2.80e-02	3.18e-06	0.00e+00	0.00e+00	0.00e+00	0.00e+00	0.00e+00
 3.10310e+17	9.73e-01	2.69e-02	3.11e-06	0.00e+00	0.00e+00	0.00e+00	0.00e+00	0.00e+00
 3.10630e+17	9.74e-01	2.63e-02	3.07e-06	0.00e+00	0.00e+00	0.00e+00	0.00e+00	0.00e+00
 3.10933e+17	9.75e-01	2.52e-02	3.00e-06	0.00e+00	0.00e+00	0.00e+00	0.00e+00	0.00e+00
 3.11225e+17	9.75e-01	2.47e-02	2.97e-06	0.00e+00	0.00e+00	0.00e+00	0.00e+00	0.00e+00
 3.11501e+17	9.76e-01	2.38e-02	2.90e-06	0.00e+00	0.00e+00	0.00e+00	0.00e+00	0.00e+00
 3.11757e+17	9.77e-01	2.32e-02	2.87e-06	0.00e+00	0.00e+00	0.00e+00	0.00e+00	0.00e+00
 3.12007e+17	9.78e-01	2.23e-02	2.81e-06	0.00e+00	0.00e+00	0.00e+00	0.00e+00	0.00e+00
 3.12244e+17	9.78e-01	2.18e-02	2.77e-06	0.00e+00	0.00e+00	0.00e+00	0.00e+00	0.00e+00
 3.12463e+17	9.79e-01	2.10e-02	2.72e-06	0.00e+00	0.00e+00	0.00e+00	0.00e+00	0.00e+00
 3.12677e+17	9.80e-01	2.04e-02	2.68e-06	0.00e+00	0.00e+00	0.00e+00	0.00e+00	0.00e+00
 3.12873e+17	9.80e-01	1.97e-02	2.63e-06	0.00e+00	0.00e+00	0.00e+00	0.00e+00	0.00e+00
 3.13057e+17	9.81e-01	1.92e-02	2.60e-06	0.00e+00	0.00e+00	0.00e+00	0.00e+00	0.00e+00
 3.13229e+17	9.82e-01	1.84e-02	2.54e-06	0.00e+00	0.00e+00	0.00e+00	0.00e+00	0.00e+00
 3.13390e+17	9.82e-01	1.80e-02	2.51e-06	0.00e+00	0.00e+00	0.00e+00	0.00e+00	0.00e+00
 3.13543e+17	9.83e-01	1.73e-02	2.46e-06	0.00e+00	0.00e+00	0.00e+00	0.00e+00	0.00e+00
 3.13692e+17	9.83e-01	1.69e-02	2.43e-06	0.00e+00	0.00e+00	0.00e+00	0.00e+00	0.00e+00
 3.13838e+17	9.84e-01	1.61e-02	2.37e-06	0.00e+00	0.00e+00	0.00e+00	0.00e+00	0.00e+00
 3.13981e+17	9.85e-01	1.55e-02	2.32e-06	0.00e+00	0.00e+00	0.00e+00	0.00e+00	0.00e+00
 3.14090e+17	9.85e-01	1.51e-02	2.30e-06	0.00e+00	0.00e+00	0.00e+00	0.00e+00	0.00e+00
 3.14201e+17	9.85e-01	1.46e-02	2.25e-06	0.00e+00	0.00e+00	0.00e+00	0.00e+00	0.00e+00
 3.14320e+17	9.86e-01	1.39e-02	2.20e-06	0.00e+00	0.00e+00	0.00e+00	0.00e+00	0.00e+00
 3.14426e+17	9.87e-01	1.30e-02	2.12e-06	0.00e+00	0.00e+00	0.00e+00	0.00e+00	0.00e+00
 3.14505e+17	9.87e-01	1.27e-02	2.10e-06	0.00e+00	0.00e+00	0.00e+00	0.00e+00	0.00e+00
 3.14573e+17	9.88e-01	1.22e-02	2.05e-06	0.00e+00	0.00e+00	0.00e+00	0.00e+00	0.00e+00
 3.14652e+17	9.89e-01	1.15e-02	1.98e-06	0.00e+00	0.00e+00	0.00e+00	0.00e+00	0.00e+00
 3.14727e+17	9.90e-01	1.05e-02	1.89e-06	0.00e+00	0.00e+00	0.00e+00	0.00e+00	0.00e+00
 3.14789e+17	9.96e-01	4.19e-03	9.48e-07	0.00e+00	0.00e+00	0.00e+00	0.00e+00	0.00e+00
 3.14846e+17	9.96e-01	3.97e-03	9.02e-07	0.00e+00	0.00e+00	0.00e+00	0.00e+00	0.00e+00
 3.14898e+17	9.96e-01	3.84e-03	8.75e-07	0.00e+00	0.00e+00	0.00e+00	0.00e+00	0.00e+00
 3.14945e+17	9.96e-01	3.73e-03	8.52e-07	0.00e+00	0.00e+00	0.00e+00	0.00e+00	0.00e+00
 3.14988e+17	9.96e-01	3.66e-03	8.37e-07	0.00e+00	0.00e+00	0.00e+00	0.00e+00	0.00e+00
 3.15027e+17	9.96e-01	3.60e-03	8.22e-07	0.00e+00	0.00e+00	0.00e+00	0.00e+00	0.00e+00
 3.15062e+17	9.96e-01	3.54e-03	8.09e-07	0.00e+00	0.00e+00	0.00e+00	0.00e+00	0.00e+00
 3.15098e+17	9.97e-01	3.48e-03	7.96e-07	0.00e+00	0.00e+00	0.00e+00	0.00e+00	0.00e+00
 3.15140e+17	9.97e-01	3.42e-03	7.84e-07	0.00e+00	0.00e+00	0.00e+00	0.00e+00	0.00e+00
 3.15195e+17	9.97e-01	3.32e-03	7.62e-07	0.00e+00	0.00e+00	0.00e+00	0.00e+00	0.00e+00
 3.15253e+17	9.97e-01	3.20e-03	7.39e-07	0.00e+00	0.00e+00	0.00e+00	0.00e+00	0.00e+00
 3.15306e+17	9.97e-01	3.11e-03	7.19e-07	0.00e+00	0.00e+00	0.00e+00	0.00e+00	0.00e+00
 3.15355e+17	9.97e-01	3.05e-03	7.06e-07	0.00e+00	0.00e+00	0.00e+00	0.00e+00	0.00e+00
 3.15399e+17	9.97e-01	3.00e-03	6.95e-07	0.00e+00	0.00e+00	0.00e+00	0.00e+00	0.00e+00
 3.15445e+17	9.97e-01	2.95e-03	6.84e-07	0.00e+00	0.00e+00	0.00e+00	0.00e+00	0.00e+00
 3.15503e+17	9.97e-01	2.88e-03	6.71e-07	0.00e+00	0.00e+00	0.00e+00	0.00e+00	0.00e+00
 3.15564e+17	9.97e-01	2.78e-03	6.49e-07	0.00e+00	0.00e+00	0.00e+00	0.00e+00	0.00e+00
 3.15620e+17	9.97e-01	2.70e-03	6.31e-07	0.00e+00	0.00e+00	0.00e+00	0.00e+00	0.00e+00
 3.15670e+17	9.97e-01	2.65e-03	6.21e-07	0.00e+00	0.00e+00	0.00e+00	0.00e+00	0.00e+00
 3.15721e+17	9.97e-01	2.60e-03	6.11e-07	0.00e+00	0.00e+00	0.00e+00	0.00e+00	0.00e+00
 3.15781e+17	9.97e-01	2.54e-03	5.99e-07	0.00e+00	0.00e+00	0.00e+00	0.00e+00	0.00e+00
 3.15843e+17	9.98e-01	2.45e-03	5.81e-07	0.00e+00	0.00e+00	0.00e+00	0.00e+00	0.00e+00
 3.15899e+17	9.98e-01	2.40e-03	5.70e-07	0.00e+00	0.00e+00	0.00e+00	0.00e+00	0.00e+00
 3.15950e+17	9.98e-01	2.35e-03	5.59e-07	0.00e+00	0.00e+00	0.00e+00	0.00e+00	0.00e+00
 3.16001e+17	9.98e-01	2.31e-03	5.50e-07	0.00e+00	0.00e+00	0.00e+00	0.00e+00	0.00e+00
 3.16058e+17	9.98e-01	2.26e-03	5.39e-07	0.00e+00	0.00e+00	0.00e+00	0.00e+00	0.00e+00
 3.16115e+17	9.98e-01	2.18e-03	5.24e-07	0.00e+00	0.00e+00	0.00e+00	0.00e+00	0.00e+00
 3.16167e+17	9.98e-01	2.14e-03	5.15e-07	0.00e+00	0.00e+00	0.00e+00	0.00e+00	0.00e+00
 3.16215e+17	9.98e-01	2.12e-03	5.11e-07	0.00e+00	0.00e+00	0.00e+00	0.00e+00	0.00e+00
 3.16267e+17	9.98e-01	2.07e-03	5.01e-07	0.00e+00	0.00e+00	0.00e+00	0.00e+00	0.00e+00
 3.16323e+17	9.98e-01	2.00e-03	4.87e-07	0.00e+00	0.00e+00	0.00e+00	0.00e+00	0.00e+00
