#depth	N  1	N  2	N  3	N  4	N  5	N  6	N  7	N  8
 9.16869e+13	1.70e-05	1.63e-02	5.12e-01	4.12e-01	5.64e-02	2.61e-03	0.00e+00	0.00e+00
 5.50121e+14	1.70e-05	1.64e-02	5.12e-01	4.12e-01	5.63e-02	2.60e-03	8.98e-07	0.00e+00
 2.38386e+15	1.71e-05	1.64e-02	5.14e-01	4.12e-01	5.58e-02	2.56e-03	0.00e+00	0.00e+00
 9.71881e+15	1.74e-05	1.65e-02	5.21e-01	4.07e-01	5.36e-02	2.42e-03	0.00e+00	0.00e+00
 2.32151e+16	1.81e-05	1.66e-02	5.32e-01	4.00e-01	4.95e-02	2.15e-03	0.00e+00	0.00e+00
 3.92250e+16	1.88e-05	1.67e-02	5.46e-01	3.90e-01	4.53e-02	1.90e-03	0.00e+00	0.00e+00
 5.82393e+16	1.98e-05	1.71e-02	5.64e-01	3.76e-01	4.08e-02	1.66e-03	0.00e+00	0.00e+00
 8.26946e+16	2.12e-05	1.77e-02	5.89e-01	3.57e-01	3.55e-02	1.39e-03	0.00e+00	0.00e+00
 1.09764e+17	2.24e-05	1.82e-02	6.16e-01	3.34e-01	3.03e-02	1.15e-03	0.00e+00	0.00e+00
 1.34640e+17	2.37e-05	1.88e-02	6.42e-01	3.12e-01	2.62e-02	9.62e-04	0.00e+00	0.00e+00
 1.57462e+17	2.56e-05	1.98e-02	6.67e-01	2.90e-01	2.24e-02	8.00e-04	0.00e+00	0.00e+00
 1.79596e+17	2.80e-05	2.11e-02	6.90e-01	2.69e-01	1.90e-02	6.60e-04	0.00e+00	0.00e+00
 2.01271e+17	3.11e-05	2.26e-02	7.12e-01	2.48e-01	1.60e-02	5.36e-04	0.00e+00	0.00e+00
 2.19686e+17	3.41e-05	2.41e-02	7.30e-01	2.32e-01	1.37e-02	4.46e-04	0.00e+00	0.00e+00
 2.34045e+17	3.77e-05	2.57e-02	7.44e-01	2.18e-01	1.19e-02	3.79e-04	0.00e+00	0.00e+00
 2.46606e+17	4.14e-05	2.73e-02	7.55e-01	2.06e-01	1.05e-02	3.26e-04	0.00e+00	0.00e+00
 2.60133e+17	4.66e-05	2.95e-02	7.67e-01	1.94e-01	9.07e-03	2.72e-04	0.00e+00	0.00e+00
 2.73920e+17	5.26e-05	3.18e-02	7.78e-01	1.82e-01	7.79e-03	2.27e-04	0.00e+00	0.00e+00
 2.85088e+17	5.84e-05	3.40e-02	7.86e-01	1.73e-01	6.88e-03	1.95e-04	0.00e+00	0.00e+00
 2.96649e+17	6.60e-05	3.66e-02	7.94e-01	1.63e-01	6.00e-03	1.65e-04	0.00e+00	0.00e+00
 3.08936e+17	7.46e-05	3.95e-02	8.01e-01	1.54e-01	5.21e-03	1.39e-04	0.00e+00	0.00e+00
 3.19831e+17	8.36e-05	4.24e-02	8.07e-01	1.46e-01	4.60e-03	1.20e-04	0.00e+00	0.00e+00
 3.31657e+17	9.54e-05	4.60e-02	8.12e-01	1.38e-01	4.00e-03	1.01e-04	0.00e+00	0.00e+00
 3.44195e+17	1.09e-04	4.98e-02	8.17e-01	1.30e-01	3.48e-03	8.58e-05	0.00e+00	0.00e+00
 3.55187e+17	1.23e-04	5.35e-02	8.20e-01	1.23e-01	3.08e-03	7.43e-05	0.00e+00	0.00e+00
 3.67006e+17	1.40e-04	5.80e-02	8.23e-01	1.16e-01	2.70e-03	6.35e-05	0.00e+00	0.00e+00
 3.79586e+17	1.60e-04	6.30e-02	8.25e-01	1.09e-01	2.37e-03	5.43e-05	0.00e+00	0.00e+00
 3.90631e+17	1.81e-04	6.77e-02	8.26e-01	1.04e-01	2.12e-03	4.74e-05	0.00e+00	0.00e+00
 4.00876e+17	2.02e-04	7.25e-02	8.27e-01	9.87e-02	1.91e-03	4.18e-05	0.00e+00	0.00e+00
 4.12606e+17	2.30e-04	7.85e-02	8.27e-01	9.30e-02	1.70e-03	3.62e-05	0.00e+00	0.00e+00
 4.25192e+17	2.64e-04	8.54e-02	8.26e-01	8.73e-02	1.51e-03	3.11e-05	0.00e+00	0.00e+00
 4.36216e+17	2.98e-04	9.19e-02	8.24e-01	8.24e-02	1.37e-03	2.73e-05	0.00e+00	0.00e+00
 4.46230e+17	3.34e-04	9.85e-02	8.22e-01	7.81e-02	1.25e-03	2.41e-05	0.00e+00	0.00e+00
 4.57606e+17	3.82e-04	1.07e-01	8.18e-01	7.30e-02	1.12e-03	2.09e-05	0.00e+00	0.00e+00
 4.69758e+17	4.41e-04	1.17e-01	8.14e-01	6.79e-02	9.99e-04	1.79e-05	0.00e+00	0.00e+00
 4.80280e+17	5.01e-04	1.26e-01	8.09e-01	6.35e-02	9.07e-04	1.56e-05	0.00e+00	0.00e+00
 4.89684e+17	5.64e-04	1.36e-01	8.03e-01	5.96e-02	8.29e-04	1.37e-05	0.00e+00	0.00e+00
 5.00271e+17	6.49e-04	1.47e-01	7.96e-01	5.52e-02	7.47e-04	1.17e-05	0.00e+00	0.00e+00
 5.11666e+17	7.54e-04	1.61e-01	7.87e-01	5.06e-02	6.68e-04	9.93e-06	0.00e+00	0.00e+00
 5.21662e+17	8.69e-04	1.76e-01	7.77e-01	4.65e-02	6.02e-04	8.46e-06	0.00e+00	0.00e+00
 5.30493e+17	9.89e-04	1.89e-01	7.66e-01	4.29e-02	5.47e-04	7.30e-06	0.00e+00	0.00e+00
 5.40259e+17	1.15e-03	2.07e-01	7.53e-01	3.90e-02	4.90e-04	6.13e-06	0.00e+00	0.00e+00
 5.50908e+17	1.36e-03	2.28e-01	7.36e-01	3.49e-02	4.32e-04	5.02e-06	0.00e+00	0.00e+00
 5.60344e+17	1.58e-03	2.49e-01	7.18e-01	3.13e-02	3.84e-04	4.14e-06	0.00e+00	0.00e+00
 5.68715e+17	1.83e-03	2.70e-01	7.00e-01	2.81e-02	3.43e-04	3.45e-06	0.00e+00	0.00e+00
 5.78063e+17	2.16e-03	2.96e-01	6.77e-01	2.47e-02	3.00e-04	2.78e-06	0.00e+00	0.00e+00
 5.88391e+17	2.62e-03	3.29e-01	6.47e-01	2.11e-02	2.56e-04	2.14e-06	0.00e+00	0.00e+00
 5.97633e+17	3.13e-03	3.63e-01	6.16e-01	1.80e-02	2.19e-04	1.65e-06	0.00e+00	0.00e+00
 6.05549e+17	3.68e-03	3.95e-01	5.86e-01	1.55e-02	1.89e-04	1.30e-06	0.00e+00	0.00e+00
 6.12981e+17	4.30e-03	4.28e-01	5.55e-01	1.32e-02	1.63e-04	1.01e-06	0.00e+00	0.00e+00
 6.21519e+17	5.16e-03	4.68e-01	5.16e-01	1.09e-02	1.36e-04	7.49e-07	0.00e+00	0.00e+00
 6.30612e+17	6.34e-03	5.16e-01	4.69e-01	8.54e-03	1.08e-04	0.00e+00	0.00e+00	0.00e+00
 6.38155e+17	7.59e-03	5.60e-01	4.26e-01	6.79e-03	8.75e-05	0.00e+00	0.00e+00	0.00e+00
 6.44328e+17	8.83e-03	5.98e-01	3.88e-01	5.51e-03	7.22e-05	0.00e+00	0.00e+00	0.00e+00
 6.50994e+17	1.04e-02	6.38e-01	3.47e-01	4.31e-03	5.77e-05	0.00e+00	0.00e+00	0.00e+00
 6.58507e+17	1.26e-02	6.86e-01	2.99e-01	3.15e-03	4.33e-05	0.00e+00	0.00e+00	0.00e+00
 6.64748e+17	1.50e-02	7.26e-01	2.56e-01	2.33e-03	3.28e-05	0.00e+00	0.00e+00	0.00e+00
 6.69058e+17	1.69e-02	7.54e-01	2.27e-01	1.85e-03	2.65e-05	0.00e+00	0.00e+00	0.00e+00
 6.73230e+17	1.90e-02	7.79e-01	2.01e-01	1.46e-03	2.14e-05	0.00e+00	0.00e+00	0.00e+00
 6.78654e+17	2.22e-02	8.08e-01	1.68e-01	1.06e-03	1.59e-05	0.00e+00	0.00e+00	0.00e+00
 6.83909e+17	2.63e-02	8.37e-01	1.36e-01	7.27e-04	1.12e-05	0.00e+00	0.00e+00	0.00e+00
 6.87519e+17	2.97e-02	8.54e-01	1.16e-01	5.53e-04	8.62e-06	0.00e+00	0.00e+00	0.00e+00
 6.90249e+17	3.26e-02	8.65e-01	1.02e-01	4.46e-04	7.01e-06	0.00e+00	0.00e+00	0.00e+00
 6.93259e+17	3.61e-02	8.76e-01	8.75e-02	3.48e-04	5.51e-06	0.00e+00	0.00e+00	0.00e+00
 6.97171e+17	4.16e-02	8.88e-01	7.07e-02	2.48e-04	3.95e-06	0.00e+00	0.00e+00	0.00e+00
 7.01047e+17	4.86e-02	8.96e-01	5.51e-02	1.71e-04	2.69e-06	0.00e+00	0.00e+00	0.00e+00
 7.03849e+17	5.49e-02	9.00e-01	4.50e-02	1.29e-04	1.98e-06	0.00e+00	0.00e+00	0.00e+00
 7.06033e+17	6.05e-02	9.01e-01	3.82e-02	1.03e-04	1.55e-06	0.00e+00	0.00e+00	0.00e+00
 7.08439e+17	6.75e-02	9.01e-01	3.17e-02	8.13e-05	1.18e-06	0.00e+00	0.00e+00	0.00e+00
 7.11568e+17	7.84e-02	8.97e-01	2.44e-02	5.94e-05	8.01e-07	0.00e+00	0.00e+00	0.00e+00
 7.14722e+17	9.32e-02	8.89e-01	1.78e-02	4.25e-05	0.00e+00	0.00e+00	0.00e+00	0.00e+00
 7.17083e+17	1.07e-01	8.79e-01	1.37e-02	3.32e-05	0.00e+00	0.00e+00	0.00e+00	0.00e+00
 7.18934e+17	1.20e-01	8.69e-01	1.11e-02	2.77e-05	0.00e+00	0.00e+00	0.00e+00	0.00e+00
 7.20742e+17	1.35e-01	8.57e-01	8.91e-03	2.34e-05	0.00e+00	0.00e+00	0.00e+00	0.00e+00
 7.22581e+17	1.52e-01	8.41e-01	7.00e-03	1.97e-05	0.00e+00	0.00e+00	0.00e+00	0.00e+00
 7.24237e+17	1.71e-01	8.24e-01	5.53e-03	1.68e-05	0.00e+00	0.00e+00	0.00e+00	0.00e+00
 7.25574e+17	1.88e-01	8.07e-01	4.52e-03	1.49e-05	0.00e+00	0.00e+00	0.00e+00	0.00e+00
 7.26705e+17	2.04e-01	7.92e-01	3.80e-03	1.35e-05	0.00e+00	0.00e+00	0.00e+00	0.00e+00
 7.27798e+17	2.21e-01	7.76e-01	3.19e-03	1.23e-05	0.00e+00	0.00e+00	0.00e+00	0.00e+00
 7.28696e+17	2.37e-01	7.61e-01	2.73e-03	1.13e-05	0.00e+00	0.00e+00	0.00e+00	0.00e+00
 7.29280e+17	2.47e-01	7.50e-01	2.47e-03	1.08e-05	0.00e+00	0.00e+00	0.00e+00	0.00e+00
 7.29795e+17	2.56e-01	7.42e-01	2.27e-03	1.04e-05	0.00e+00	0.00e+00	0.00e+00	0.00e+00
 7.30428e+17	2.68e-01	7.30e-01	2.03e-03	9.82e-06	0.00e+00	0.00e+00	0.00e+00	0.00e+00
 7.31152e+17	2.83e-01	7.15e-01	1.78e-03	9.21e-06	0.00e+00	0.00e+00	0.00e+00	0.00e+00
 7.31817e+17	2.98e-01	7.00e-01	1.56e-03	8.66e-06	0.00e+00	0.00e+00	0.00e+00	0.00e+00
 7.32373e+17	3.11e-01	6.88e-01	1.40e-03	8.23e-06	0.00e+00	0.00e+00	0.00e+00	0.00e+00
 7.32897e+17	3.23e-01	6.76e-01	1.27e-03	7.89e-06	0.00e+00	0.00e+00	0.00e+00	0.00e+00
 7.33484e+17	3.37e-01	6.62e-01	1.13e-03	7.47e-06	0.00e+00	0.00e+00	0.00e+00	0.00e+00
 7.34114e+17	3.53e-01	6.46e-01	9.96e-04	7.04e-06	0.00e+00	0.00e+00	0.00e+00	0.00e+00
 7.34695e+17	3.69e-01	6.30e-01	8.82e-04	6.66e-06	0.00e+00	0.00e+00	0.00e+00	0.00e+00
 7.35210e+17	3.83e-01	6.17e-01	7.92e-04	6.35e-06	0.00e+00	0.00e+00	0.00e+00	0.00e+00
 7.35726e+17	3.97e-01	6.03e-01	7.11e-04	6.05e-06	0.00e+00	0.00e+00	0.00e+00	0.00e+00
 7.36288e+17	4.13e-01	5.87e-01	6.30e-04	5.73e-06	0.00e+00	0.00e+00	0.00e+00	0.00e+00
 7.36863e+17	4.30e-01	5.70e-01	5.56e-04	5.42e-06	0.00e+00	0.00e+00	0.00e+00	0.00e+00
 7.37400e+17	4.45e-01	5.54e-01	4.93e-04	5.13e-06	0.00e+00	0.00e+00	0.00e+00	0.00e+00
 7.37903e+17	4.60e-01	5.39e-01	4.43e-04	4.90e-06	0.00e+00	0.00e+00	0.00e+00	0.00e+00
 7.38439e+17	4.76e-01	5.23e-01	3.93e-04	4.63e-06	0.00e+00	0.00e+00	0.00e+00	0.00e+00
 7.39002e+17	4.93e-01	5.06e-01	3.47e-04	4.38e-06	0.00e+00	0.00e+00	0.00e+00	0.00e+00
 7.39530e+17	5.10e-01	4.90e-01	3.08e-04	4.14e-06	0.00e+00	0.00e+00	0.00e+00	0.00e+00
 7.40030e+17	5.24e-01	4.75e-01	2.77e-04	3.96e-06	0.00e+00	0.00e+00	0.00e+00	0.00e+00
 7.40556e+17	5.40e-01	4.59e-01	2.46e-04	3.73e-06	0.00e+00	0.00e+00	0.00e+00	0.00e+00
 7.41103e+17	5.57e-01	4.43e-01	2.19e-04	3.54e-06	0.00e+00	0.00e+00	0.00e+00	0.00e+00
 7.41632e+17	5.73e-01	4.27e-01	1.95e-04	3.34e-06	0.00e+00	0.00e+00	0.00e+00	0.00e+00
 7.42142e+17	5.87e-01	4.13e-01	1.75e-04	3.18e-06	0.00e+00	0.00e+00	0.00e+00	0.00e+00
 7.42667e+17	6.02e-01	3.98e-01	1.57e-04	3.01e-06	0.00e+00	0.00e+00	0.00e+00	0.00e+00
 7.43217e+17	6.17e-01	3.83e-01	1.41e-04	2.86e-06	0.00e+00	0.00e+00	0.00e+00	0.00e+00
 7.43762e+17	6.32e-01	3.68e-01	1.26e-04	2.69e-06	0.00e+00	0.00e+00	0.00e+00	0.00e+00
 7.44308e+17	6.46e-01	3.54e-01	1.14e-04	2.56e-06	0.00e+00	0.00e+00	0.00e+00	0.00e+00
 7.44872e+17	6.60e-01	3.40e-01	1.03e-04	2.42e-06	0.00e+00	0.00e+00	0.00e+00	0.00e+00
 7.45451e+17	6.74e-01	3.26e-01	9.30e-05	2.29e-06	0.00e+00	0.00e+00	0.00e+00	0.00e+00
 7.45991e+17	6.86e-01	3.14e-01	8.54e-05	2.18e-06	0.00e+00	0.00e+00	0.00e+00	0.00e+00
 7.46520e+17	6.97e-01	3.03e-01	7.84e-05	2.08e-06	0.00e+00	0.00e+00	0.00e+00	0.00e+00
 7.47163e+17	7.09e-01	2.91e-01	7.17e-05	1.97e-06	0.00e+00	0.00e+00	0.00e+00	0.00e+00
 7.47886e+17	7.23e-01	2.76e-01	6.49e-05	1.85e-06	0.00e+00	0.00e+00	0.00e+00	0.00e+00
 7.48556e+17	7.35e-01	2.65e-01	5.99e-05	1.75e-06	0.00e+00	0.00e+00	0.00e+00	0.00e+00
 7.49204e+17	7.45e-01	2.55e-01	5.59e-05	1.67e-06	0.00e+00	0.00e+00	0.00e+00	0.00e+00
 7.49974e+17	7.56e-01	2.44e-01	5.16e-05	1.58e-06	0.00e+00	0.00e+00	0.00e+00	0.00e+00
 7.50822e+17	7.66e-01	2.34e-01	4.80e-05	1.50e-06	0.00e+00	0.00e+00	0.00e+00	0.00e+00
 7.51623e+17	7.75e-01	2.25e-01	4.51e-05	1.42e-06	0.00e+00	0.00e+00	0.00e+00	0.00e+00
 7.52517e+17	7.84e-01	2.16e-01	4.26e-05	1.37e-06	0.00e+00	0.00e+00	0.00e+00	0.00e+00
 7.53679e+17	7.93e-01	2.07e-01	4.00e-05	1.29e-06	0.00e+00	0.00e+00	0.00e+00	0.00e+00
 7.54976e+17	8.02e-01	1.98e-01	3.77e-05	1.23e-06	0.00e+00	0.00e+00	0.00e+00	0.00e+00
 7.56244e+17	8.09e-01	1.91e-01	3.62e-05	1.18e-06	0.00e+00	0.00e+00	0.00e+00	0.00e+00
 7.57487e+17	8.14e-01	1.86e-01	3.49e-05	1.14e-06	0.00e+00	0.00e+00	0.00e+00	0.00e+00
 7.58906e+17	8.19e-01	1.81e-01	3.37e-05	1.10e-06	0.00e+00	0.00e+00	0.00e+00	0.00e+00
 7.60751e+17	8.25e-01	1.75e-01	3.23e-05	1.06e-06	0.00e+00	0.00e+00	0.00e+00	0.00e+00
 7.63148e+17	8.33e-01	1.67e-01	3.08e-05	1.00e-06	0.00e+00	0.00e+00	0.00e+00	0.00e+00
 7.66266e+17	8.40e-01	1.60e-01	2.94e-05	9.53e-07	0.00e+00	0.00e+00	0.00e+00	0.00e+00
 7.70036e+17	8.48e-01	1.52e-01	2.78e-05	0.00e+00	0.00e+00	0.00e+00	0.00e+00	0.00e+00
 7.74428e+17	8.57e-01	1.43e-01	2.62e-05	0.00e+00	0.00e+00	0.00e+00	0.00e+00	0.00e+00
 7.79328e+17	8.67e-01	1.33e-01	2.47e-05	0.00e+00	0.00e+00	0.00e+00	0.00e+00	0.00e+00
 7.83607e+17	8.75e-01	1.25e-01	2.34e-05	0.00e+00	0.00e+00	0.00e+00	0.00e+00	0.00e+00
 7.86738e+17	8.80e-01	1.20e-01	2.25e-05	0.00e+00	0.00e+00	0.00e+00	0.00e+00	0.00e+00
 7.89520e+17	8.85e-01	1.15e-01	2.18e-05	0.00e+00	0.00e+00	0.00e+00	0.00e+00	0.00e+00
 7.92369e+17	8.90e-01	1.10e-01	2.10e-05	0.00e+00	0.00e+00	0.00e+00	0.00e+00	0.00e+00
 7.95255e+17	8.96e-01	1.04e-01	2.02e-05	0.00e+00	0.00e+00	0.00e+00	0.00e+00	0.00e+00
 7.97969e+17	9.00e-01	9.98e-02	1.96e-05	0.00e+00	0.00e+00	0.00e+00	0.00e+00	0.00e+00
 8.00434e+17	9.04e-01	9.56e-02	1.90e-05	0.00e+00	0.00e+00	0.00e+00	0.00e+00	0.00e+00
 8.02805e+17	9.09e-01	9.13e-02	1.84e-05	0.00e+00	0.00e+00	0.00e+00	0.00e+00	0.00e+00
 8.05069e+17	9.13e-01	8.75e-02	1.79e-05	0.00e+00	0.00e+00	0.00e+00	0.00e+00	0.00e+00
 8.07164e+17	9.16e-01	8.40e-02	1.74e-05	0.00e+00	0.00e+00	0.00e+00	0.00e+00	0.00e+00
 8.09193e+17	9.19e-01	8.05e-02	1.69e-05	0.00e+00	0.00e+00	0.00e+00	0.00e+00	0.00e+00
 8.11165e+17	9.22e-01	7.75e-02	1.66e-05	0.00e+00	0.00e+00	0.00e+00	0.00e+00	0.00e+00
 8.13126e+17	9.26e-01	7.37e-02	1.61e-05	0.00e+00	0.00e+00	0.00e+00	0.00e+00	0.00e+00
 8.14917e+17	9.29e-01	7.07e-02	1.57e-05	0.00e+00	0.00e+00	0.00e+00	0.00e+00	0.00e+00
 8.16354e+17	9.31e-01	6.86e-02	1.54e-05	0.00e+00	0.00e+00	0.00e+00	0.00e+00	0.00e+00
 8.17885e+17	9.34e-01	6.58e-02	1.50e-05	0.00e+00	0.00e+00	0.00e+00	0.00e+00	0.00e+00
 8.19481e+17	9.37e-01	6.35e-02	1.47e-05	0.00e+00	0.00e+00	0.00e+00	0.00e+00	0.00e+00
 8.20852e+17	9.38e-01	6.23e-02	1.44e-05	0.00e+00	0.00e+00	0.00e+00	0.00e+00	0.00e+00
 8.22288e+17	9.40e-01	5.99e-02	1.41e-05	0.00e+00	0.00e+00	0.00e+00	0.00e+00	0.00e+00
 8.23719e+17	9.43e-01	5.72e-02	1.37e-05	0.00e+00	0.00e+00	0.00e+00	0.00e+00	0.00e+00
 8.24835e+17	9.44e-01	5.58e-02	1.35e-05	0.00e+00	0.00e+00	0.00e+00	0.00e+00	0.00e+00
 8.25925e+17	9.46e-01	5.37e-02	1.32e-05	0.00e+00	0.00e+00	0.00e+00	0.00e+00	0.00e+00
 8.27039e+17	9.48e-01	5.16e-02	1.29e-05	0.00e+00	0.00e+00	0.00e+00	0.00e+00	0.00e+00
 8.27952e+17	9.50e-01	5.04e-02	1.28e-05	0.00e+00	0.00e+00	0.00e+00	0.00e+00	0.00e+00
 8.28875e+17	9.51e-01	4.85e-02	1.25e-05	0.00e+00	0.00e+00	0.00e+00	0.00e+00	0.00e+00
 8.29816e+17	9.53e-01	4.71e-02	1.23e-05	0.00e+00	0.00e+00	0.00e+00	0.00e+00	0.00e+00
 8.30696e+17	9.53e-01	4.69e-02	1.23e-05	0.00e+00	0.00e+00	0.00e+00	0.00e+00	0.00e+00
 8.31748e+17	9.54e-01	4.57e-02	1.21e-05	0.00e+00	0.00e+00	0.00e+00	0.00e+00	0.00e+00
 8.33026e+17	9.57e-01	4.33e-02	1.18e-05	0.00e+00	0.00e+00	0.00e+00	0.00e+00	0.00e+00
 8.34121e+17	9.58e-01	4.15e-02	1.15e-05	0.00e+00	0.00e+00	0.00e+00	0.00e+00	0.00e+00
 8.34825e+17	9.59e-01	4.07e-02	1.14e-05	0.00e+00	0.00e+00	0.00e+00	0.00e+00	0.00e+00
 8.35496e+17	9.60e-01	3.99e-02	1.13e-05	0.00e+00	0.00e+00	0.00e+00	0.00e+00	0.00e+00
 8.36367e+17	9.62e-01	3.80e-02	1.10e-05	0.00e+00	0.00e+00	0.00e+00	0.00e+00	0.00e+00
 8.37156e+17	9.64e-01	3.63e-02	1.07e-05	0.00e+00	0.00e+00	0.00e+00	0.00e+00	0.00e+00
 8.37635e+17	9.64e-01	3.58e-02	1.07e-05	0.00e+00	0.00e+00	0.00e+00	0.00e+00	0.00e+00
 8.38055e+17	9.64e-01	3.56e-02	1.06e-05	0.00e+00	0.00e+00	0.00e+00	0.00e+00	0.00e+00
 8.38600e+17	9.66e-01	3.41e-02	1.04e-05	0.00e+00	0.00e+00	0.00e+00	0.00e+00	0.00e+00
 8.39116e+17	9.67e-01	3.32e-02	1.02e-05	0.00e+00	0.00e+00	0.00e+00	0.00e+00	0.00e+00
 8.39545e+17	9.67e-01	3.27e-02	1.01e-05	0.00e+00	0.00e+00	0.00e+00	0.00e+00	0.00e+00
 8.40053e+17	9.69e-01	3.12e-02	9.91e-06	0.00e+00	0.00e+00	0.00e+00	0.00e+00	0.00e+00
 8.40518e+17	9.70e-01	3.04e-02	9.80e-06	0.00e+00	0.00e+00	0.00e+00	0.00e+00	0.00e+00
 8.40873e+17	9.70e-01	2.99e-02	9.69e-06	0.00e+00	0.00e+00	0.00e+00	0.00e+00	0.00e+00
 8.41281e+17	9.71e-01	2.92e-02	9.58e-06	0.00e+00	0.00e+00	0.00e+00	0.00e+00	0.00e+00
 8.41751e+17	9.73e-01	2.73e-02	9.24e-06	0.00e+00	0.00e+00	0.00e+00	0.00e+00	0.00e+00
 8.42091e+17	9.73e-01	2.66e-02	9.14e-06	0.00e+00	0.00e+00	0.00e+00	0.00e+00	0.00e+00
 8.42300e+17	9.73e-01	2.66e-02	9.08e-06	0.00e+00	0.00e+00	0.00e+00	0.00e+00	0.00e+00
 8.42550e+17	9.74e-01	2.62e-02	9.02e-06	0.00e+00	0.00e+00	0.00e+00	0.00e+00	0.00e+00
 8.42873e+17	9.75e-01	2.51e-02	8.83e-06	0.00e+00	0.00e+00	0.00e+00	0.00e+00	0.00e+00
 8.43172e+17	9.77e-01	2.34e-02	8.53e-06	0.00e+00	0.00e+00	0.00e+00	0.00e+00	0.00e+00
 8.43338e+17	9.77e-01	2.32e-02	8.47e-06	0.00e+00	0.00e+00	0.00e+00	0.00e+00	0.00e+00
 8.43453e+17	9.77e-01	2.33e-02	8.45e-06	0.00e+00	0.00e+00	0.00e+00	0.00e+00	0.00e+00
 8.43603e+17	9.77e-01	2.32e-02	8.41e-06	0.00e+00	0.00e+00	0.00e+00	0.00e+00	0.00e+00
 8.43797e+17	9.77e-01	2.28e-02	8.36e-06	0.00e+00	0.00e+00	0.00e+00	0.00e+00	0.00e+00
 8.44050e+17	9.78e-01	2.18e-02	8.19e-06	0.00e+00	0.00e+00	0.00e+00	0.00e+00	0.00e+00
 8.44288e+17	9.80e-01	1.99e-02	7.81e-06	0.00e+00	0.00e+00	0.00e+00	0.00e+00	0.00e+00
 8.44419e+17	9.80e-01	1.97e-02	7.76e-06	0.00e+00	0.00e+00	0.00e+00	0.00e+00	0.00e+00
 8.44503e+17	9.80e-01	1.97e-02	7.73e-06	0.00e+00	0.00e+00	0.00e+00	0.00e+00	0.00e+00
 8.44611e+17	9.80e-01	1.96e-02	7.70e-06	0.00e+00	0.00e+00	0.00e+00	0.00e+00	0.00e+00
 8.44753e+17	9.81e-01	1.94e-02	7.66e-06	0.00e+00	0.00e+00	0.00e+00	0.00e+00	0.00e+00
 8.44936e+17	9.81e-01	1.90e-02	7.58e-06	0.00e+00	0.00e+00	0.00e+00	0.00e+00	0.00e+00
 8.45175e+17	9.93e-01	7.03e-03	3.62e-06	0.00e+00	0.00e+00	0.00e+00	0.00e+00	0.00e+00
 8.45433e+17	9.94e-01	6.16e-03	3.19e-06	0.00e+00	0.00e+00	0.00e+00	0.00e+00	0.00e+00
 8.45668e+17	9.94e-01	5.78e-03	3.03e-06	0.00e+00	0.00e+00	0.00e+00	0.00e+00	0.00e+00
 8.45881e+17	9.94e-01	5.58e-03	2.93e-06	0.00e+00	0.00e+00	0.00e+00	0.00e+00	0.00e+00
 8.46076e+17	9.95e-01	5.46e-03	2.87e-06	0.00e+00	0.00e+00	0.00e+00	0.00e+00	0.00e+00
 8.46252e+17	9.95e-01	5.35e-03	2.82e-06	0.00e+00	0.00e+00	0.00e+00	0.00e+00	0.00e+00
 8.46413e+17	9.95e-01	5.26e-03	2.77e-06	0.00e+00	0.00e+00	0.00e+00	0.00e+00	0.00e+00
 8.46578e+17	9.95e-01	5.16e-03	2.72e-06	0.00e+00	0.00e+00	0.00e+00	0.00e+00	0.00e+00
 8.46752e+17	9.95e-01	5.00e-03	2.65e-06	0.00e+00	0.00e+00	0.00e+00	0.00e+00	0.00e+00
 8.46918e+17	9.95e-01	4.91e-03	2.60e-06	0.00e+00	0.00e+00	0.00e+00	0.00e+00	0.00e+00
 8.47075e+17	9.95e-01	4.82e-03	2.56e-06	0.00e+00	0.00e+00	0.00e+00	0.00e+00	0.00e+00
 8.47240e+17	9.95e-01	4.73e-03	2.52e-06	0.00e+00	0.00e+00	0.00e+00	0.00e+00	0.00e+00
 8.47415e+17	9.95e-01	4.63e-03	2.47e-06	0.00e+00	0.00e+00	0.00e+00	0.00e+00	0.00e+00
 8.47580e+17	9.95e-01	4.53e-03	2.42e-06	0.00e+00	0.00e+00	0.00e+00	0.00e+00	0.00e+00
 8.47728e+17	9.96e-01	4.46e-03	2.39e-06	0.00e+00	0.00e+00	0.00e+00	0.00e+00	0.00e+00
 8.47874e+17	9.96e-01	4.42e-03	2.37e-06	0.00e+00	0.00e+00	0.00e+00	0.00e+00	0.00e+00
 8.48049e+17	9.96e-01	4.32e-03	2.32e-06	0.00e+00	0.00e+00	0.00e+00	0.00e+00	0.00e+00
 8.48237e+17	9.96e-01	4.19e-03	2.27e-06	0.00e+00	0.00e+00	0.00e+00	0.00e+00	0.00e+00
 8.48409e+17	9.96e-01	4.11e-03	2.23e-06	0.00e+00	0.00e+00	0.00e+00	0.00e+00	0.00e+00
 8.48561e+17	9.96e-01	4.04e-03	2.19e-06	0.00e+00	0.00e+00	0.00e+00	0.00e+00	0.00e+00
 8.48698e+17	9.96e-01	4.01e-03	2.18e-06	0.00e+00	0.00e+00	0.00e+00	0.00e+00	0.00e+00
 8.48851e+17	9.96e-01	3.94e-03	2.14e-06	0.00e+00	0.00e+00	0.00e+00	0.00e+00	0.00e+00
 8.49021e+17	9.96e-01	3.84e-03	2.10e-06	0.00e+00	0.00e+00	0.00e+00	0.00e+00	0.00e+00
 8.49179e+17	9.96e-01	3.77e-03	2.07e-06	0.00e+00	0.00e+00	0.00e+00	0.00e+00	0.00e+00
 8.49320e+17	9.96e-01	3.73e-03	2.05e-06	0.00e+00	0.00e+00	0.00e+00	0.00e+00	0.00e+00
 8.49467e+17	9.96e-01	3.70e-03	2.03e-06	0.00e+00	0.00e+00	0.00e+00	0.00e+00	0.00e+00
 8.49654e+17	9.96e-01	3.59e-03	1.98e-06	0.00e+00	0.00e+00	0.00e+00	0.00e+00	0.00e+00
 8.49855e+17	9.97e-01	3.48e-03	1.94e-06	0.00e+00	0.00e+00	0.00e+00	0.00e+00	0.00e+00
 8.50039e+17	9.97e-01	3.41e-03	1.90e-06	0.00e+00	0.00e+00	0.00e+00	0.00e+00	0.00e+00
 8.50188e+17	9.97e-01	3.37e-03	1.89e-06	0.00e+00	0.00e+00	0.00e+00	0.00e+00	0.00e+00
 8.50312e+17	9.97e-01	3.36e-03	1.87e-06	0.00e+00	0.00e+00	0.00e+00	0.00e+00	0.00e+00
 8.50456e+17	9.97e-01	3.32e-03	1.85e-06	0.00e+00	0.00e+00	0.00e+00	0.00e+00	0.00e+00
 8.50633e+17	9.97e-01	3.23e-03	1.82e-06	0.00e+00	0.00e+00	0.00e+00	0.00e+00	0.00e+00
 8.50815e+17	9.97e-01	3.14e-03	1.78e-06	0.00e+00	0.00e+00	0.00e+00	0.00e+00	0.00e+00
 8.50980e+17	9.97e-01	3.09e-03	1.75e-06	0.00e+00	0.00e+00	0.00e+00	0.00e+00	0.00e+00
 8.51118e+17	9.97e-01	3.06e-03	1.74e-06	0.00e+00	0.00e+00	0.00e+00	0.00e+00	0.00e+00
 8.51241e+17	9.97e-01	3.05e-03	1.73e-06	0.00e+00	0.00e+00	0.00e+00	0.00e+00	0.00e+00
 8.51390e+17	9.97e-01	3.01e-03	1.71e-06	0.00e+00	0.00e+00	0.00e+00	0.00e+00	0.00e+00
###########################
 9.16869e+13	1.69e-05	1.63e-02	5.11e-01	4.13e-01	5.66e-02	2.62e-03	0.00e+00	0.00e+00
 5.50121e+14	1.69e-05	1.63e-02	5.12e-01	4.13e-01	5.65e-02	2.61e-03	9.06e-07	0.00e+00
 2.38386e+15	1.68e-05	1.62e-02	5.13e-01	4.12e-01	5.60e-02	2.58e-03	0.00e+00	0.00e+00
 9.71881e+15	1.67e-05	1.60e-02	5.19e-01	4.08e-01	5.41e-02	2.46e-03	0.00e+00	0.00e+00
 2.32151e+16	1.66e-05	1.56e-02	5.30e-01	4.02e-01	5.03e-02	2.23e-03	0.00e+00	0.00e+00
 3.98993e+16	1.68e-05	1.55e-02	5.44e-01	3.93e-01	4.62e-02	1.99e-03	0.00e+00	0.00e+00
 6.07279e+16	1.74e-05	1.57e-02	5.63e-01	3.78e-01	4.14e-02	1.72e-03	0.00e+00	0.00e+00
 8.78049e+16	1.87e-05	1.63e-02	5.90e-01	3.57e-01	3.56e-02	1.43e-03	0.00e+00	0.00e+00
 1.16502e+17	1.99e-05	1.70e-02	6.18e-01	3.33e-01	3.02e-02	1.17e-03	0.00e+00	0.00e+00
 1.41002e+17	2.15e-05	1.79e-02	6.44e-01	3.11e-01	2.60e-02	9.81e-04	0.00e+00	0.00e+00
 1.62695e+17	2.44e-05	1.95e-02	6.70e-01	2.88e-01	2.20e-02	7.98e-04	0.00e+00	0.00e+00
 1.82622e+17	2.72e-05	2.11e-02	6.91e-01	2.68e-01	1.89e-02	6.64e-04	0.00e+00	0.00e+00
 2.01194e+17	3.09e-05	2.30e-02	7.11e-01	2.49e-01	1.61e-02	5.49e-04	0.00e+00	0.00e+00
 2.16603e+17	3.44e-05	2.47e-02	7.27e-01	2.34e-01	1.41e-02	4.67e-04	0.00e+00	0.00e+00
 2.27936e+17	3.77e-05	2.63e-02	7.38e-01	2.23e-01	1.27e-02	4.12e-04	0.00e+00	0.00e+00
 2.39793e+17	4.25e-05	2.84e-02	7.49e-01	2.11e-01	1.12e-02	3.52e-04	0.00e+00	0.00e+00
 2.51891e+17	4.77e-05	3.06e-02	7.60e-01	1.99e-01	9.82e-03	3.01e-04	0.00e+00	0.00e+00
 2.61841e+17	5.30e-05	3.28e-02	7.68e-01	1.90e-01	8.80e-03	2.62e-04	0.00e+00	0.00e+00
 2.70879e+17	5.87e-05	3.50e-02	7.75e-01	1.82e-01	7.92e-03	2.30e-04	0.00e+00	0.00e+00
 2.81194e+17	6.67e-05	3.79e-02	7.83e-01	1.72e-01	6.97e-03	1.97e-04	0.00e+00	0.00e+00
 2.91919e+17	7.72e-05	4.15e-02	7.91e-01	1.61e-01	6.04e-03	1.64e-04	0.00e+00	0.00e+00
 3.00539e+17	8.55e-05	4.43e-02	7.95e-01	1.55e-01	5.46e-03	1.45e-04	0.00e+00	0.00e+00
 3.09108e+17	9.59e-05	4.75e-02	8.00e-01	1.47e-01	4.88e-03	1.26e-04	0.00e+00	0.00e+00
 3.20248e+17	1.12e-04	5.22e-02	8.05e-01	1.38e-01	4.21e-03	1.05e-04	0.00e+00	0.00e+00
 3.31338e+17	1.28e-04	5.68e-02	8.09e-01	1.30e-01	3.69e-03	8.97e-05	0.00e+00	0.00e+00
 3.40239e+17	1.44e-04	6.09e-02	8.11e-01	1.24e-01	3.31e-03	7.86e-05	0.00e+00	0.00e+00
 3.49683e+17	1.64e-04	6.59e-02	8.13e-01	1.18e-01	2.94e-03	6.79e-05	0.00e+00	0.00e+00
 3.60017e+17	1.87e-04	7.14e-02	8.15e-01	1.11e-01	2.60e-03	5.84e-05	0.00e+00	0.00e+00
 3.69504e+17	2.11e-04	7.67e-02	8.15e-01	1.06e-01	2.33e-03	5.12e-05	0.00e+00	0.00e+00
 3.79837e+17	2.43e-04	8.36e-02	8.15e-01	9.93e-02	2.06e-03	4.38e-05	0.00e+00	0.00e+00
 3.90633e+17	2.79e-04	9.09e-02	8.14e-01	9.33e-02	1.82e-03	3.76e-05	0.00e+00	0.00e+00
 3.99842e+17	3.15e-04	9.76e-02	8.12e-01	8.85e-02	1.65e-03	3.30e-05	0.00e+00	0.00e+00
 4.09626e+17	3.59e-04	1.06e-01	8.09e-01	8.32e-02	1.47e-03	2.86e-05	0.00e+00	0.00e+00
 4.20211e+17	4.13e-04	1.15e-01	8.05e-01	7.78e-02	1.31e-03	2.46e-05	0.00e+00	0.00e+00
 4.29589e+17	4.68e-04	1.24e-01	8.01e-01	7.31e-02	1.19e-03	2.14e-05	0.00e+00	0.00e+00
 4.38125e+17	5.27e-04	1.33e-01	7.96e-01	6.89e-02	1.08e-03	1.89e-05	0.00e+00	0.00e+00
 4.47815e+17	6.06e-04	1.45e-01	7.90e-01	6.40e-02	9.65e-04	1.62e-05	0.00e+00	0.00e+00
 4.58124e+17	7.01e-04	1.58e-01	7.81e-01	5.92e-02	8.61e-04	1.38e-05	0.00e+00	0.00e+00
 4.67093e+17	8.01e-04	1.71e-01	7.73e-01	5.48e-02	7.75e-04	1.18e-05	0.00e+00	0.00e+00
 4.75162e+17	9.06e-04	1.84e-01	7.64e-01	5.10e-02	7.04e-04	1.03e-05	0.00e+00	0.00e+00
 4.84206e+17	1.05e-03	2.00e-01	7.51e-01	4.67e-02	6.28e-04	8.69e-06	0.00e+00	0.00e+00
 4.93997e+17	1.23e-03	2.20e-01	7.36e-01	4.21e-02	5.52e-04	7.15e-06	0.00e+00	0.00e+00
 5.02545e+17	1.42e-03	2.39e-01	7.21e-01	3.82e-02	4.93e-04	6.01e-06	0.00e+00	0.00e+00
 5.10197e+17	1.63e-03	2.58e-01	7.05e-01	3.47e-02	4.41e-04	5.07e-06	0.00e+00	0.00e+00
 5.18902e+17	1.92e-03	2.83e-01	6.84e-01	3.07e-02	3.84e-04	4.09e-06	0.00e+00	0.00e+00
 5.28226e+17	2.29e-03	3.12e-01	6.58e-01	2.67e-02	3.31e-04	3.23e-06	0.00e+00	0.00e+00
 5.36474e+17	2.71e-03	3.42e-01	6.32e-01	2.32e-02	2.85e-04	2.55e-06	0.00e+00	0.00e+00
 5.44019e+17	3.18e-03	3.72e-01	6.04e-01	2.02e-02	2.46e-04	2.02e-06	0.00e+00	0.00e+00
 5.51207e+17	3.72e-03	4.04e-01	5.75e-01	1.74e-02	2.12e-04	1.59e-06	0.00e+00	0.00e+00
 5.59227e+17	4.48e-03	4.43e-01	5.38e-01	1.44e-02	1.76e-04	1.18e-06	0.00e+00	0.00e+00
 5.67736e+17	5.47e-03	4.88e-01	4.95e-01	1.16e-02	1.41e-04	8.41e-07	0.00e+00	0.00e+00
 5.74880e+17	6.52e-03	5.30e-01	4.54e-01	9.38e-03	1.15e-04	0.00e+00	0.00e+00	0.00e+00
 5.80958e+17	7.63e-03	5.67e-01	4.17e-01	7.67e-03	9.52e-05	0.00e+00	0.00e+00	0.00e+00
 5.87651e+17	9.12e-03	6.11e-01	3.73e-01	5.98e-03	7.52e-05	0.00e+00	0.00e+00	0.00e+00
 5.94886e+17	1.11e-02	6.60e-01	3.24e-01	4.42e-03	5.65e-05	0.00e+00	0.00e+00	0.00e+00
 6.01136e+17	1.33e-02	7.03e-01	2.80e-01	3.28e-03	4.26e-05	0.00e+00	0.00e+00	0.00e+00
 6.05972e+17	1.54e-02	7.36e-01	2.46e-01	2.53e-03	3.34e-05	0.00e+00	0.00e+00	0.00e+00
 6.09806e+17	1.73e-02	7.62e-01	2.19e-01	2.02e-03	2.70e-05	0.00e+00	0.00e+00	0.00e+00
 6.13933e+17	1.97e-02	7.89e-01	1.90e-01	1.55e-03	2.11e-05	0.00e+00	0.00e+00	0.00e+00
 6.18352e+17	2.28e-02	8.15e-01	1.61e-01	1.14e-03	1.59e-05	0.00e+00	0.00e+00	0.00e+00
 6.22066e+17	2.58e-02	8.36e-01	1.38e-01	8.66e-04	1.22e-05	0.00e+00	0.00e+00	0.00e+00
 6.25109e+17	2.88e-02	8.51e-01	1.20e-01	6.78e-04	9.63e-06	0.00e+00	0.00e+00	0.00e+00
 6.28363e+17	3.25e-02	8.66e-01	1.01e-01	5.08e-04	7.30e-06	0.00e+00	0.00e+00	0.00e+00
 6.31784e+17	3.70e-02	8.79e-01	8.34e-02	3.71e-04	5.37e-06	0.00e+00	0.00e+00	0.00e+00
 6.34606e+17	4.15e-02	8.88e-01	7.02e-02	2.82e-04	4.09e-06	0.00e+00	0.00e+00	0.00e+00
 6.36966e+17	4.58e-02	8.94e-01	6.02e-02	2.23e-04	3.22e-06	0.00e+00	0.00e+00	0.00e+00
 6.39548e+17	5.14e-02	8.99e-01	4.99e-02	1.69e-04	2.41e-06	0.00e+00	0.00e+00	0.00e+00
 6.42310e+17	5.84e-02	9.01e-01	4.04e-02	1.25e-04	1.75e-06	0.00e+00	0.00e+00	0.00e+00
 6.44667e+17	6.55e-02	9.01e-01	3.32e-02	9.64e-05	1.30e-06	0.00e+00	0.00e+00	0.00e+00
 6.46698e+17	7.26e-02	9.00e-01	2.78e-02	7.68e-05	9.95e-07	0.00e+00	0.00e+00	0.00e+00
 6.48940e+17	8.20e-02	8.96e-01	2.24e-02	5.95e-05	0.00e+00	0.00e+00	0.00e+00	0.00e+00
 6.51373e+17	9.40e-02	8.88e-01	1.75e-02	4.54e-05	0.00e+00	0.00e+00	0.00e+00	0.00e+00
 6.53511e+17	1.07e-01	8.79e-01	1.39e-02	3.60e-05	0.00e+00	0.00e+00	0.00e+00	0.00e+00
 6.55402e+17	1.20e-01	8.69e-01	1.11e-02	2.95e-05	0.00e+00	0.00e+00	0.00e+00	0.00e+00
 6.57227e+17	1.35e-01	8.56e-01	8.86e-03	2.44e-05	0.00e+00	0.00e+00	0.00e+00	0.00e+00
 6.58959e+17	1.52e-01	8.41e-01	7.06e-03	2.06e-05	0.00e+00	0.00e+00	0.00e+00	0.00e+00
 6.60491e+17	1.68e-01	8.26e-01	5.72e-03	1.78e-05	0.00e+00	0.00e+00	0.00e+00	0.00e+00
 6.61823e+17	1.85e-01	8.11e-01	4.73e-03	1.58e-05	0.00e+00	0.00e+00	0.00e+00	0.00e+00
 6.63041e+17	2.01e-01	7.95e-01	3.94e-03	1.41e-05	0.00e+00	0.00e+00	0.00e+00	0.00e+00
 6.64202e+17	2.19e-01	7.78e-01	3.29e-03	1.27e-05	0.00e+00	0.00e+00	0.00e+00	0.00e+00
 6.65106e+17	2.33e-01	7.64e-01	2.86e-03	1.18e-05	0.00e+00	0.00e+00	0.00e+00	0.00e+00
 6.65694e+17	2.42e-01	7.55e-01	2.62e-03	1.13e-05	0.00e+00	0.00e+00	0.00e+00	0.00e+00
 6.66261e+17	2.52e-01	7.45e-01	2.38e-03	1.07e-05	0.00e+00	0.00e+00	0.00e+00	0.00e+00
 6.66927e+17	2.65e-01	7.33e-01	2.12e-03	1.01e-05	0.00e+00	0.00e+00	0.00e+00	0.00e+00
 6.67624e+17	2.78e-01	7.20e-01	1.88e-03	9.55e-06	0.00e+00	0.00e+00	0.00e+00	0.00e+00
 6.68278e+17	2.91e-01	7.07e-01	1.68e-03	9.03e-06	0.00e+00	0.00e+00	0.00e+00	0.00e+00
 6.68886e+17	3.04e-01	6.94e-01	1.51e-03	8.58e-06	0.00e+00	0.00e+00	0.00e+00	0.00e+00
 6.69487e+17	3.17e-01	6.81e-01	1.35e-03	8.13e-06	0.00e+00	0.00e+00	0.00e+00	0.00e+00
 6.70100e+17	3.31e-01	6.68e-01	1.21e-03	7.75e-06	0.00e+00	0.00e+00	0.00e+00	0.00e+00
 6.70720e+17	3.46e-01	6.53e-01	1.08e-03	7.32e-06	0.00e+00	0.00e+00	0.00e+00	0.00e+00
 6.71329e+17	3.60e-01	6.39e-01	9.60e-04	6.95e-06	0.00e+00	0.00e+00	0.00e+00	0.00e+00
 6.71917e+17	3.75e-01	6.24e-01	8.58e-04	6.60e-06	0.00e+00	0.00e+00	0.00e+00	0.00e+00
 6.72503e+17	3.90e-01	6.10e-01	7.66e-04	6.27e-06	0.00e+00	0.00e+00	0.00e+00	0.00e+00
 6.73096e+17	4.05e-01	5.94e-01	6.82e-04	5.95e-06	0.00e+00	0.00e+00	0.00e+00	0.00e+00
 6.73690e+17	4.20e-01	5.79e-01	6.07e-04	5.65e-06	0.00e+00	0.00e+00	0.00e+00	0.00e+00
 6.74279e+17	4.36e-01	5.63e-01	5.40e-04	5.36e-06	0.00e+00	0.00e+00	0.00e+00	0.00e+00
 6.74863e+17	4.52e-01	5.48e-01	4.81e-04	5.09e-06	0.00e+00	0.00e+00	0.00e+00	0.00e+00
 6.75451e+17	4.68e-01	5.32e-01	4.27e-04	4.82e-06	0.00e+00	0.00e+00	0.00e+00	0.00e+00
 6.76043e+17	4.83e-01	5.16e-01	3.81e-04	4.59e-06	0.00e+00	0.00e+00	0.00e+00	0.00e+00
 6.76640e+17	5.00e-01	5.00e-01	3.37e-04	4.33e-06	0.00e+00	0.00e+00	0.00e+00	0.00e+00
 6.77239e+17	5.16e-01	4.84e-01	3.01e-04	4.12e-06	0.00e+00	0.00e+00	0.00e+00	0.00e+00
 6.77841e+17	5.32e-01	4.67e-01	2.67e-04	3.88e-06	0.00e+00	0.00e+00	0.00e+00	0.00e+00
 6.78441e+17	5.48e-01	4.52e-01	2.38e-04	3.69e-06	0.00e+00	0.00e+00	0.00e+00	0.00e+00
 6.79048e+17	5.64e-01	4.36e-01	2.11e-04	3.49e-06	0.00e+00	0.00e+00	0.00e+00	0.00e+00
 6.79658e+17	5.79e-01	4.21e-01	1.89e-04	3.31e-06	0.00e+00	0.00e+00	0.00e+00	0.00e+00
 6.80275e+17	5.95e-01	4.05e-01	1.69e-04	3.13e-06	0.00e+00	0.00e+00	0.00e+00	0.00e+00
 6.80896e+17	6.09e-01	3.90e-01	1.52e-04	2.97e-06	0.00e+00	0.00e+00	0.00e+00	0.00e+00
 6.81530e+17	6.24e-01	3.76e-01	1.36e-04	2.81e-06	0.00e+00	0.00e+00	0.00e+00	0.00e+00
 6.82173e+17	6.38e-01	3.62e-01	1.23e-04	2.67e-06	0.00e+00	0.00e+00	0.00e+00	0.00e+00
 6.82834e+17	6.52e-01	3.48e-01	1.10e-04	2.52e-06	0.00e+00	0.00e+00	0.00e+00	0.00e+00
 6.83512e+17	6.66e-01	3.34e-01	1.00e-04	2.40e-06	0.00e+00	0.00e+00	0.00e+00	0.00e+00
 6.84162e+17	6.78e-01	3.22e-01	9.18e-05	2.28e-06	0.00e+00	0.00e+00	0.00e+00	0.00e+00
 6.84847e+17	6.90e-01	3.10e-01	8.38e-05	2.17e-06	0.00e+00	0.00e+00	0.00e+00	0.00e+00
 6.85603e+17	7.02e-01	2.98e-01	7.69e-05	2.06e-06	0.00e+00	0.00e+00	0.00e+00	0.00e+00
 6.86461e+17	7.15e-01	2.85e-01	7.01e-05	1.95e-06	0.00e+00	0.00e+00	0.00e+00	0.00e+00
 6.87317e+17	7.26e-01	2.74e-01	6.47e-05	1.85e-06	0.00e+00	0.00e+00	0.00e+00	0.00e+00
 6.88163e+17	7.36e-01	2.64e-01	6.04e-05	1.77e-06	0.00e+00	0.00e+00	0.00e+00	0.00e+00
 6.89216e+17	7.47e-01	2.53e-01	5.56e-05	1.67e-06	0.00e+00	0.00e+00	0.00e+00	0.00e+00
 6.90445e+17	7.58e-01	2.42e-01	5.16e-05	1.59e-06	0.00e+00	0.00e+00	0.00e+00	0.00e+00
 6.91662e+17	7.67e-01	2.33e-01	4.86e-05	1.52e-06	0.00e+00	0.00e+00	0.00e+00	0.00e+00
 6.92932e+17	7.75e-01	2.25e-01	4.59e-05	1.45e-06	0.00e+00	0.00e+00	0.00e+00	0.00e+00
 6.94293e+17	7.82e-01	2.18e-01	4.39e-05	1.40e-06	0.00e+00	0.00e+00	0.00e+00	0.00e+00
 6.95628e+17	7.87e-01	2.13e-01	4.23e-05	1.36e-06	0.00e+00	0.00e+00	0.00e+00	0.00e+00
 6.97150e+17	7.93e-01	2.07e-01	4.07e-05	1.32e-06	0.00e+00	0.00e+00	0.00e+00	0.00e+00
 6.99129e+17	7.99e-01	2.01e-01	3.91e-05	1.27e-06	0.00e+00	0.00e+00	0.00e+00	0.00e+00
 7.01701e+17	8.06e-01	1.94e-01	3.71e-05	1.21e-06	0.00e+00	0.00e+00	0.00e+00	0.00e+00
 7.05046e+17	8.14e-01	1.86e-01	3.52e-05	1.15e-06	0.00e+00	0.00e+00	0.00e+00	0.00e+00
 7.09091e+17	8.23e-01	1.77e-01	3.33e-05	1.08e-06	0.00e+00	0.00e+00	0.00e+00	0.00e+00
 7.13933e+17	8.34e-01	1.66e-01	3.11e-05	1.01e-06	0.00e+00	0.00e+00	0.00e+00	0.00e+00
 7.19754e+17	8.45e-01	1.55e-01	2.87e-05	9.21e-07	0.00e+00	0.00e+00	0.00e+00	0.00e+00
 7.25616e+17	8.56e-01	1.44e-01	2.67e-05	0.00e+00	0.00e+00	0.00e+00	0.00e+00	0.00e+00
 7.30870e+17	8.66e-01	1.34e-01	2.50e-05	0.00e+00	0.00e+00	0.00e+00	0.00e+00	0.00e+00
 7.35120e+17	8.74e-01	1.26e-01	2.38e-05	0.00e+00	0.00e+00	0.00e+00	0.00e+00	0.00e+00
 7.38265e+17	8.79e-01	1.21e-01	2.30e-05	0.00e+00	0.00e+00	0.00e+00	0.00e+00	0.00e+00
 7.41257e+17	8.84e-01	1.16e-01	2.22e-05	0.00e+00	0.00e+00	0.00e+00	0.00e+00	0.00e+00
 7.44353e+17	8.90e-01	1.10e-01	2.13e-05	0.00e+00	0.00e+00	0.00e+00	0.00e+00	0.00e+00
 7.47240e+17	8.95e-01	1.05e-01	2.06e-05	0.00e+00	0.00e+00	0.00e+00	0.00e+00	0.00e+00
 7.49891e+17	8.99e-01	1.01e-01	1.99e-05	0.00e+00	0.00e+00	0.00e+00	0.00e+00	0.00e+00
 7.52443e+17	9.03e-01	9.65e-02	1.93e-05	0.00e+00	0.00e+00	0.00e+00	0.00e+00	0.00e+00
 7.54947e+17	9.08e-01	9.20e-02	1.87e-05	0.00e+00	0.00e+00	0.00e+00	0.00e+00	0.00e+00
 7.57250e+17	9.12e-01	8.82e-02	1.82e-05	0.00e+00	0.00e+00	0.00e+00	0.00e+00	0.00e+00
 7.59340e+17	9.15e-01	8.48e-02	1.77e-05	0.00e+00	0.00e+00	0.00e+00	0.00e+00	0.00e+00
 7.61354e+17	9.19e-01	8.14e-02	1.72e-05	0.00e+00	0.00e+00	0.00e+00	0.00e+00	0.00e+00
 7.63293e+17	9.21e-01	7.87e-02	1.68e-05	0.00e+00	0.00e+00	0.00e+00	0.00e+00	0.00e+00
 7.65186e+17	9.24e-01	7.60e-02	1.64e-05	0.00e+00	0.00e+00	0.00e+00	0.00e+00	0.00e+00
 7.67006e+17	9.27e-01	7.34e-02	1.60e-05	0.00e+00	0.00e+00	0.00e+00	0.00e+00	0.00e+00
 7.68748e+17	9.29e-01	7.06e-02	1.56e-05	0.00e+00	0.00e+00	0.00e+00	0.00e+00	0.00e+00
 7.70421e+17	9.32e-01	6.79e-02	1.53e-05	0.00e+00	0.00e+00	0.00e+00	0.00e+00	0.00e+00
 7.71982e+17	9.35e-01	6.52e-02	1.49e-05	0.00e+00	0.00e+00	0.00e+00	0.00e+00	0.00e+00
 7.73397e+17	9.37e-01	6.33e-02	1.47e-05	0.00e+00	0.00e+00	0.00e+00	0.00e+00	0.00e+00
 7.74828e+17	9.39e-01	6.06e-02	1.43e-05	0.00e+00	0.00e+00	0.00e+00	0.00e+00	0.00e+00
 7.76187e+17	9.42e-01	5.82e-02	1.39e-05	0.00e+00	0.00e+00	0.00e+00	0.00e+00	0.00e+00
 7.77275e+17	9.43e-01	5.68e-02	1.38e-05	0.00e+00	0.00e+00	0.00e+00	0.00e+00	0.00e+00
 7.78411e+17	9.45e-01	5.46e-02	1.34e-05	0.00e+00	0.00e+00	0.00e+00	0.00e+00	0.00e+00
 7.79581e+17	9.48e-01	5.24e-02	1.31e-05	0.00e+00	0.00e+00	0.00e+00	0.00e+00	0.00e+00
 7.80525e+17	9.49e-01	5.11e-02	1.30e-05	0.00e+00	0.00e+00	0.00e+00	0.00e+00	0.00e+00
 7.81471e+17	9.51e-01	4.93e-02	1.27e-05	0.00e+00	0.00e+00	0.00e+00	0.00e+00	0.00e+00
 7.82429e+17	9.53e-01	4.73e-02	1.24e-05	0.00e+00	0.00e+00	0.00e+00	0.00e+00	0.00e+00
 7.83192e+17	9.53e-01	4.68e-02	1.23e-05	0.00e+00	0.00e+00	0.00e+00	0.00e+00	0.00e+00
 7.83962e+17	9.53e-01	4.68e-02	1.23e-05	0.00e+00	0.00e+00	0.00e+00	0.00e+00	0.00e+00
 7.84962e+17	9.55e-01	4.54e-02	1.22e-05	0.00e+00	0.00e+00	0.00e+00	0.00e+00	0.00e+00
 7.86186e+17	9.57e-01	4.32e-02	1.18e-05	0.00e+00	0.00e+00	0.00e+00	0.00e+00	0.00e+00
 7.87250e+17	9.59e-01	4.12e-02	1.15e-05	0.00e+00	0.00e+00	0.00e+00	0.00e+00	0.00e+00
 7.87918e+17	9.59e-01	4.07e-02	1.15e-05	0.00e+00	0.00e+00	0.00e+00	0.00e+00	0.00e+00
 7.88519e+17	9.60e-01	4.00e-02	1.14e-05	0.00e+00	0.00e+00	0.00e+00	0.00e+00	0.00e+00
 7.89300e+17	9.62e-01	3.82e-02	1.11e-05	0.00e+00	0.00e+00	0.00e+00	0.00e+00	0.00e+00
 7.90042e+17	9.63e-01	3.66e-02	1.08e-05	0.00e+00	0.00e+00	0.00e+00	0.00e+00	0.00e+00
 7.90536e+17	9.64e-01	3.59e-02	1.07e-05	0.00e+00	0.00e+00	0.00e+00	0.00e+00	0.00e+00
 7.90984e+17	9.64e-01	3.56e-02	1.07e-05	0.00e+00	0.00e+00	0.00e+00	0.00e+00	0.00e+00
 7.91565e+17	9.66e-01	3.41e-02	1.04e-05	0.00e+00	0.00e+00	0.00e+00	0.00e+00	0.00e+00
 7.92115e+17	9.67e-01	3.27e-02	1.02e-05	0.00e+00	0.00e+00	0.00e+00	0.00e+00	0.00e+00
 7.92494e+17	9.68e-01	3.22e-02	1.01e-05	0.00e+00	0.00e+00	0.00e+00	0.00e+00	0.00e+00
 7.92858e+17	9.68e-01	3.19e-02	1.01e-05	0.00e+00	0.00e+00	0.00e+00	0.00e+00	0.00e+00
 7.93333e+17	9.70e-01	3.05e-02	9.84e-06	0.00e+00	0.00e+00	0.00e+00	0.00e+00	0.00e+00
 7.93783e+17	9.71e-01	2.92e-02	9.63e-06	0.00e+00	0.00e+00	0.00e+00	0.00e+00	0.00e+00
 7.94081e+17	9.71e-01	2.89e-02	9.57e-06	0.00e+00	0.00e+00	0.00e+00	0.00e+00	0.00e+00
 7.94350e+17	9.71e-01	2.85e-02	9.49e-06	0.00e+00	0.00e+00	0.00e+00	0.00e+00	0.00e+00
 7.94699e+17	9.72e-01	2.78e-02	9.38e-06	0.00e+00	0.00e+00	0.00e+00	0.00e+00	0.00e+00
 7.95104e+17	9.74e-01	2.60e-02	9.06e-06	0.00e+00	0.00e+00	0.00e+00	0.00e+00	0.00e+00
 7.95402e+17	9.75e-01	2.54e-02	8.97e-06	0.00e+00	0.00e+00	0.00e+00	0.00e+00	0.00e+00
 7.95592e+17	9.75e-01	2.53e-02	8.91e-06	0.00e+00	0.00e+00	0.00e+00	0.00e+00	0.00e+00
 7.95825e+17	9.75e-01	2.49e-02	8.83e-06	0.00e+00	0.00e+00	0.00e+00	0.00e+00	0.00e+00
 7.96128e+17	9.77e-01	2.33e-02	8.53e-06	0.00e+00	0.00e+00	0.00e+00	0.00e+00	0.00e+00
 7.96375e+17	9.78e-01	2.19e-02	8.26e-06	0.00e+00	0.00e+00	0.00e+00	0.00e+00	0.00e+00
 7.96490e+17	9.78e-01	2.18e-02	8.22e-06	0.00e+00	0.00e+00	0.00e+00	0.00e+00	0.00e+00
 7.96578e+17	9.78e-01	2.17e-02	8.19e-06	0.00e+00	0.00e+00	0.00e+00	0.00e+00	0.00e+00
 7.96694e+17	9.78e-01	2.16e-02	8.16e-06	0.00e+00	0.00e+00	0.00e+00	0.00e+00	0.00e+00
 7.96844e+17	9.79e-01	2.12e-02	8.10e-06	0.00e+00	0.00e+00	0.00e+00	0.00e+00	0.00e+00
 7.97039e+17	9.79e-01	2.08e-02	8.02e-06	0.00e+00	0.00e+00	0.00e+00	0.00e+00	0.00e+00
 7.97292e+17	9.81e-01	1.89e-02	7.63e-06	0.00e+00	0.00e+00	0.00e+00	0.00e+00	0.00e+00
 7.97491e+17	9.93e-01	6.83e-03	3.52e-06	0.00e+00	0.00e+00	0.00e+00	0.00e+00	0.00e+00
 7.97599e+17	9.93e-01	6.73e-03	3.45e-06	0.00e+00	0.00e+00	0.00e+00	0.00e+00	0.00e+00
 7.97716e+17	9.93e-01	6.50e-03	3.35e-06	0.00e+00	0.00e+00	0.00e+00	0.00e+00	0.00e+00
 7.97843e+17	9.94e-01	6.28e-03	3.25e-06	0.00e+00	0.00e+00	0.00e+00	0.00e+00	0.00e+00
 7.97959e+17	9.94e-01	6.16e-03	3.19e-06	0.00e+00	0.00e+00	0.00e+00	0.00e+00	0.00e+00
 7.98070e+17	9.94e-01	6.05e-03	3.14e-06	0.00e+00	0.00e+00	0.00e+00	0.00e+00	0.00e+00
 7.98195e+17	9.94e-01	5.94e-03	3.09e-06	0.00e+00	0.00e+00	0.00e+00	0.00e+00	0.00e+00
 7.98348e+17	9.94e-01	5.75e-03	3.00e-06	0.00e+00	0.00e+00	0.00e+00	0.00e+00	0.00e+00
 7.98506e+17	9.94e-01	5.56e-03	2.91e-06	0.00e+00	0.00e+00	0.00e+00	0.00e+00	0.00e+00
 7.98650e+17	9.95e-01	5.47e-03	2.86e-06	0.00e+00	0.00e+00	0.00e+00	0.00e+00	0.00e+00
 7.98796e+17	9.95e-01	5.37e-03	2.82e-06	0.00e+00	0.00e+00	0.00e+00	0.00e+00	0.00e+00
 7.98956e+17	9.95e-01	5.25e-03	2.76e-06	0.00e+00	0.00e+00	0.00e+00	0.00e+00	0.00e+00
 7.99114e+17	9.95e-01	5.13e-03	2.71e-06	0.00e+00	0.00e+00	0.00e+00	0.00e+00	0.00e+00
 7.99259e+17	9.95e-01	5.04e-03	2.66e-06	0.00e+00	0.00e+00	0.00e+00	0.00e+00	0.00e+00
 7.99398e+17	9.95e-01	4.95e-03	2.62e-06	0.00e+00	0.00e+00	0.00e+00	0.00e+00	0.00e+00
 7.99548e+17	9.95e-01	4.86e-03	2.57e-06	0.00e+00	0.00e+00	0.00e+00	0.00e+00	0.00e+00
 7.99706e+17	9.95e-01	4.75e-03	2.52e-06	0.00e+00	0.00e+00	0.00e+00	0.00e+00	0.00e+00
 7.99856e+17	9.95e-01	4.66e-03	2.48e-06	0.00e+00	0.00e+00	0.00e+00	0.00e+00	0.00e+00
 7.99995e+17	9.95e-01	4.59e-03	2.44e-06	0.00e+00	0.00e+00	0.00e+00	0.00e+00	0.00e+00
 8.00138e+17	9.95e-01	4.51e-03	2.40e-06	0.00e+00	0.00e+00	0.00e+00	0.00e+00	0.00e+00
 8.00301e+17	9.96e-01	4.41e-03	2.36e-06	0.00e+00	0.00e+00	0.00e+00	0.00e+00	0.00e+00
 8.00463e+17	9.96e-01	4.31e-03	2.32e-06	0.00e+00	0.00e+00	0.00e+00	0.00e+00	0.00e+00
 8.00605e+17	9.96e-01	4.25e-03	2.28e-06	0.00e+00	0.00e+00	0.00e+00	0.00e+00	0.00e+00
 8.00744e+17	9.96e-01	4.21e-03	2.26e-06	0.00e+00	0.00e+00	0.00e+00	0.00e+00	0.00e+00
 8.00908e+17	9.96e-01	4.12e-03	2.22e-06	0.00e+00	0.00e+00	0.00e+00	0.00e+00	0.00e+00
 8.01085e+17	9.96e-01	4.01e-03	2.17e-06	0.00e+00	0.00e+00	0.00e+00	0.00e+00	0.00e+00
 8.01246e+17	9.96e-01	3.93e-03	2.14e-06	0.00e+00	0.00e+00	0.00e+00	0.00e+00	0.00e+00
 8.01390e+17	9.96e-01	3.87e-03	2.10e-06	0.00e+00	0.00e+00	0.00e+00	0.00e+00	0.00e+00
 8.01519e+17	9.96e-01	3.84e-03	2.09e-06	0.00e+00	0.00e+00	0.00e+00	0.00e+00	0.00e+00
 8.01663e+17	9.96e-01	3.77e-03	2.05e-06	0.00e+00	0.00e+00	0.00e+00	0.00e+00	0.00e+00
 8.01824e+17	9.96e-01	3.68e-03	2.02e-06	0.00e+00	0.00e+00	0.00e+00	0.00e+00	0.00e+00
 8.01977e+17	9.96e-01	3.61e-03	1.98e-06	0.00e+00	0.00e+00	0.00e+00	0.00e+00	0.00e+00
 8.02112e+17	9.96e-01	3.57e-03	1.97e-06	0.00e+00	0.00e+00	0.00e+00	0.00e+00	0.00e+00
 8.02246e+17	9.96e-01	3.54e-03	1.95e-06	0.00e+00	0.00e+00	0.00e+00	0.00e+00	0.00e+00
 8.02414e+17	9.97e-01	3.45e-03	1.91e-06	0.00e+00	0.00e+00	0.00e+00	0.00e+00	0.00e+00
 8.02595e+17	9.97e-01	3.35e-03	1.87e-06	0.00e+00	0.00e+00	0.00e+00	0.00e+00	0.00e+00
 8.02759e+17	9.97e-01	3.29e-03	1.83e-06	0.00e+00	0.00e+00	0.00e+00	0.00e+00	0.00e+00
 8.02893e+17	9.97e-01	3.26e-03	1.82e-06	0.00e+00	0.00e+00	0.00e+00	0.00e+00	0.00e+00
 8.03010e+17	9.97e-01	3.24e-03	1.81e-06	0.00e+00	0.00e+00	0.00e+00	0.00e+00	0.00e+00
 8.03152e+17	9.97e-01	3.18e-03	1.78e-06	0.00e+00	0.00e+00	0.00e+00	0.00e+00	0.00e+00
 8.03292e+17	9.97e-01	3.11e-03	1.75e-06	0.00e+00	0.00e+00	0.00e+00	0.00e+00	0.00e+00
 8.03395e+17	9.97e-01	3.09e-03	1.74e-06	0.00e+00	0.00e+00	0.00e+00	0.00e+00	0.00e+00
 8.03494e+17	9.97e-01	3.09e-03	1.73e-06	0.00e+00	0.00e+00	0.00e+00	0.00e+00	0.00e+00
 8.03623e+17	9.97e-01	3.02e-03	1.70e-06	0.00e+00	0.00e+00	0.00e+00	0.00e+00	0.00e+00
###########################
 9.16869e+13	1.69e-05	1.63e-02	5.11e-01	4.13e-01	5.66e-02	2.62e-03	0.00e+00	0.00e+00
 5.50121e+14	1.69e-05	1.63e-02	5.12e-01	4.13e-01	5.65e-02	2.61e-03	9.06e-07	0.00e+00
 2.38386e+15	1.68e-05	1.62e-02	5.13e-01	4.12e-01	5.60e-02	2.58e-03	0.00e+00	0.00e+00
 9.71881e+15	1.67e-05	1.60e-02	5.19e-01	4.08e-01	5.40e-02	2.46e-03	0.00e+00	0.00e+00
 2.32151e+16	1.66e-05	1.56e-02	5.30e-01	4.02e-01	5.03e-02	2.23e-03	0.00e+00	0.00e+00
 3.98942e+16	1.68e-05	1.55e-02	5.44e-01	3.93e-01	4.62e-02	1.99e-03	0.00e+00	0.00e+00
 6.07110e+16	1.74e-05	1.57e-02	5.63e-01	3.78e-01	4.14e-02	1.72e-03	0.00e+00	0.00e+00
 8.77728e+16	1.87e-05	1.63e-02	5.90e-01	3.57e-01	3.56e-02	1.43e-03	0.00e+00	0.00e+00
 1.16452e+17	2.00e-05	1.70e-02	6.19e-01	3.33e-01	3.02e-02	1.17e-03	0.00e+00	0.00e+00
 1.40932e+17	2.16e-05	1.79e-02	6.44e-01	3.11e-01	2.60e-02	9.81e-04	0.00e+00	0.00e+00
 1.62608e+17	2.44e-05	1.95e-02	6.70e-01	2.88e-01	2.20e-02	7.97e-04	0.00e+00	0.00e+00
 1.82508e+17	2.73e-05	2.11e-02	6.91e-01	2.68e-01	1.89e-02	6.64e-04	0.00e+00	0.00e+00
 2.01047e+17	3.10e-05	2.30e-02	7.11e-01	2.49e-01	1.61e-02	5.48e-04	0.00e+00	0.00e+00
 2.16436e+17	3.44e-05	2.47e-02	7.27e-01	2.34e-01	1.41e-02	4.66e-04	0.00e+00	0.00e+00
 2.27760e+17	3.78e-05	2.63e-02	7.38e-01	2.23e-01	1.27e-02	4.11e-04	0.00e+00	0.00e+00
 2.38038e+17	4.16e-05	2.80e-02	7.48e-01	2.13e-01	1.14e-02	3.61e-04	0.00e+00	0.00e+00
 2.49829e+17	4.72e-05	3.04e-02	7.58e-01	2.01e-01	9.99e-03	3.07e-04	0.00e+00	0.00e+00
 2.61705e+17	5.33e-05	3.29e-02	7.68e-01	1.90e-01	8.77e-03	2.61e-04	0.00e+00	0.00e+00
 2.71284e+17	5.92e-05	3.52e-02	7.76e-01	1.81e-01	7.87e-03	2.28e-04	0.00e+00	0.00e+00
 2.81332e+17	6.76e-05	3.82e-02	7.83e-01	1.71e-01	6.91e-03	1.94e-04	0.00e+00	0.00e+00
 2.91651e+17	7.73e-05	4.16e-02	7.91e-01	1.62e-01	6.05e-03	1.64e-04	0.00e+00	0.00e+00
 3.00143e+17	8.55e-05	4.43e-02	7.95e-01	1.55e-01	5.47e-03	1.45e-04	0.00e+00	0.00e+00
 3.09003e+17	9.63e-05	4.76e-02	8.00e-01	1.47e-01	4.87e-03	1.26e-04	0.00e+00	0.00e+00
 3.18952e+17	1.10e-04	5.15e-02	8.05e-01	1.39e-01	4.30e-03	1.08e-04	0.00e+00	0.00e+00
 3.28425e+17	1.24e-04	5.56e-02	8.08e-01	1.32e-01	3.82e-03	9.36e-05	0.00e+00	0.00e+00
 3.37365e+17	1.39e-04	5.97e-02	8.11e-01	1.26e-01	3.42e-03	8.17e-05	0.00e+00	0.00e+00
 3.47502e+17	1.60e-04	6.49e-02	8.13e-01	1.19e-01	3.01e-03	6.98e-05	0.00e+00	0.00e+00
 3.58198e+17	1.84e-04	7.05e-02	8.14e-01	1.12e-01	2.65e-03	5.97e-05	0.00e+00	0.00e+00
 3.67484e+17	2.06e-04	7.57e-02	8.15e-01	1.07e-01	2.38e-03	5.25e-05	0.00e+00	0.00e+00
 3.77416e+17	2.37e-04	8.22e-02	8.15e-01	1.01e-01	2.11e-03	4.51e-05	0.00e+00	0.00e+00
 3.87991e+17	2.71e-04	8.93e-02	8.14e-01	9.46e-02	1.87e-03	3.88e-05	0.00e+00	0.00e+00
 3.97281e+17	3.06e-04	9.59e-02	8.12e-01	8.96e-02	1.69e-03	3.41e-05	0.00e+00	0.00e+00
 4.07235e+17	3.50e-04	1.04e-01	8.10e-01	8.42e-02	1.51e-03	2.95e-05	0.00e+00	0.00e+00
 4.17915e+17	4.02e-04	1.13e-01	8.06e-01	7.88e-02	1.34e-03	2.53e-05	0.00e+00	0.00e+00
 4.27272e+17	4.56e-04	1.22e-01	8.02e-01	7.41e-02	1.21e-03	2.21e-05	0.00e+00	0.00e+00
 4.35791e+17	5.12e-04	1.31e-01	7.98e-01	6.99e-02	1.10e-03	1.94e-05	0.00e+00	0.00e+00
 4.45491e+17	5.89e-04	1.42e-01	7.91e-01	6.50e-02	9.87e-04	1.67e-05	0.00e+00	0.00e+00
 4.55820e+17	6.82e-04	1.55e-01	7.83e-01	6.00e-02	8.78e-04	1.42e-05	0.00e+00	0.00e+00
 4.64749e+17	7.77e-04	1.68e-01	7.75e-01	5.58e-02	7.93e-04	1.22e-05	0.00e+00	0.00e+00
 4.72809e+17	8.79e-04	1.81e-01	7.66e-01	5.19e-02	7.21e-04	1.06e-05	0.00e+00	0.00e+00
 4.81959e+17	1.02e-03	1.97e-01	7.54e-01	4.75e-02	6.42e-04	8.96e-06	0.00e+00	0.00e+00
 4.91753e+17	1.19e-03	2.16e-01	7.40e-01	4.30e-02	5.68e-04	7.45e-06	0.00e+00	0.00e+00
 5.00335e+17	1.38e-03	2.35e-01	7.25e-01	3.90e-02	5.05e-04	6.23e-06	0.00e+00	0.00e+00
 5.08031e+17	1.58e-03	2.54e-01	7.09e-01	3.55e-02	4.52e-04	5.26e-06	0.00e+00	0.00e+00
 5.16628e+17	1.85e-03	2.78e-01	6.89e-01	3.15e-02	3.96e-04	4.28e-06	0.00e+00	0.00e+00
 5.25954e+17	2.21e-03	3.06e-01	6.64e-01	2.75e-02	3.41e-04	3.39e-06	0.00e+00	0.00e+00
 5.34316e+17	2.61e-03	3.35e-01	6.38e-01	2.40e-02	2.94e-04	2.69e-06	0.00e+00	0.00e+00
 5.41945e+17	3.07e-03	3.65e-01	6.11e-01	2.08e-02	2.54e-04	2.13e-06	0.00e+00	0.00e+00
 5.49152e+17	3.58e-03	3.96e-01	5.82e-01	1.80e-02	2.19e-04	1.69e-06	0.00e+00	0.00e+00
 5.57139e+17	4.30e-03	4.34e-01	5.46e-01	1.50e-02	1.83e-04	1.26e-06	0.00e+00	0.00e+00
 5.65667e+17	5.25e-03	4.78e-01	5.04e-01	1.21e-02	1.48e-04	9.03e-07	0.00e+00	0.00e+00
 5.72903e+17	6.26e-03	5.20e-01	4.64e-01	9.86e-03	1.21e-04	0.00e+00	0.00e+00	0.00e+00
 5.79073e+17	7.33e-03	5.58e-01	4.27e-01	8.08e-03	1.00e-04	0.00e+00	0.00e+00	0.00e+00
 5.85853e+17	8.77e-03	6.02e-01	3.83e-01	6.32e-03	7.92e-05	0.00e+00	0.00e+00	0.00e+00
 5.93164e+17	1.07e-02	6.50e-01	3.34e-01	4.70e-03	5.99e-05	0.00e+00	0.00e+00	0.00e+00
 5.99459e+17	1.28e-02	6.94e-01	2.90e-01	3.50e-03	4.54e-05	0.00e+00	0.00e+00	0.00e+00
 6.04829e+17	1.50e-02	7.31e-01	2.52e-01	2.64e-03	3.48e-05	0.00e+00	0.00e+00	0.00e+00
 6.09413e+17	1.73e-02	7.61e-01	2.19e-01	2.03e-03	2.71e-05	0.00e+00	0.00e+00	0.00e+00
 6.13215e+17	1.95e-02	7.86e-01	1.93e-01	1.59e-03	2.16e-05	0.00e+00	0.00e+00	0.00e+00
 6.16743e+17	2.18e-02	8.07e-01	1.69e-01	1.25e-03	1.73e-05	0.00e+00	0.00e+00	0.00e+00
 6.20778e+17	2.50e-02	8.31e-01	1.43e-01	9.30e-04	1.30e-05	0.00e+00	0.00e+00	0.00e+00
 6.24891e+17	2.89e-02	8.52e-01	1.19e-01	6.68e-04	9.50e-06	0.00e+00	0.00e+00	0.00e+00
 6.28058e+17	3.24e-02	8.66e-01	1.01e-01	5.11e-04	7.34e-06	0.00e+00	0.00e+00	0.00e+00
 6.30615e+17	3.58e-02	8.76e-01	8.79e-02	4.05e-04	5.85e-06	0.00e+00	0.00e+00	0.00e+00
 6.33426e+17	4.01e-02	8.86e-01	7.40e-02	3.07e-04	4.45e-06	0.00e+00	0.00e+00	0.00e+00
 6.36456e+17	4.55e-02	8.93e-01	6.08e-02	2.27e-04	3.27e-06	0.00e+00	0.00e+00	0.00e+00
 6.39062e+17	5.09e-02	8.98e-01	5.06e-02	1.72e-04	2.46e-06	0.00e+00	0.00e+00	0.00e+00
 6.41283e+17	5.64e-02	9.01e-01	4.28e-02	1.36e-04	1.90e-06	0.00e+00	0.00e+00	0.00e+00
 6.43709e+17	6.35e-02	9.01e-01	3.51e-02	1.03e-04	1.41e-06	0.00e+00	0.00e+00	0.00e+00
 6.46312e+17	7.24e-02	9.00e-01	2.80e-02	7.74e-05	1.01e-06	0.00e+00	0.00e+00	0.00e+00
 6.48546e+17	8.15e-02	8.96e-01	2.26e-02	6.01e-05	7.36e-07	0.00e+00	0.00e+00	0.00e+00
 6.50479e+17	9.09e-02	8.90e-01	1.86e-02	4.85e-05	0.00e+00	0.00e+00	0.00e+00	0.00e+00
 6.52617e+17	1.03e-01	8.82e-01	1.48e-02	3.83e-05	0.00e+00	0.00e+00	0.00e+00	0.00e+00
 6.54969e+17	1.19e-01	8.70e-01	1.13e-02	2.98e-05	0.00e+00	0.00e+00	0.00e+00	0.00e+00
 6.57031e+17	1.36e-01	8.55e-01	8.74e-03	2.41e-05	0.00e+00	0.00e+00	0.00e+00	0.00e+00
 6.58681e+17	1.52e-01	8.41e-01	7.04e-03	2.05e-05	0.00e+00	0.00e+00	0.00e+00	0.00e+00
 6.60073e+17	1.67e-01	8.27e-01	5.82e-03	1.80e-05	0.00e+00	0.00e+00	0.00e+00	0.00e+00
 6.61391e+17	1.83e-01	8.12e-01	4.82e-03	1.59e-05	0.00e+00	0.00e+00	0.00e+00	0.00e+00
 6.62679e+17	2.00e-01	7.96e-01	3.98e-03	1.42e-05	0.00e+00	0.00e+00	0.00e+00	0.00e+00
 6.63880e+17	2.18e-01	7.79e-01	3.30e-03	1.28e-05	0.00e+00	0.00e+00	0.00e+00	0.00e+00
 6.64778e+17	2.32e-01	7.65e-01	2.87e-03	1.18e-05	0.00e+00	0.00e+00	0.00e+00	0.00e+00
 6.65354e+17	2.41e-01	7.56e-01	2.63e-03	1.13e-05	0.00e+00	0.00e+00	0.00e+00	0.00e+00
 6.65913e+17	2.51e-01	7.47e-01	2.40e-03	1.08e-05	0.00e+00	0.00e+00	0.00e+00	0.00e+00
 6.66602e+17	2.64e-01	7.34e-01	2.13e-03	1.02e-05	0.00e+00	0.00e+00	0.00e+00	0.00e+00
 6.67324e+17	2.78e-01	7.20e-01	1.88e-03	9.53e-06	0.00e+00	0.00e+00	0.00e+00	0.00e+00
 6.67961e+17	2.91e-01	7.08e-01	1.69e-03	9.06e-06	0.00e+00	0.00e+00	0.00e+00	0.00e+00
 6.68555e+17	3.03e-01	6.95e-01	1.52e-03	8.60e-06	0.00e+00	0.00e+00	0.00e+00	0.00e+00
 6.69164e+17	3.17e-01	6.82e-01	1.36e-03	8.16e-06	0.00e+00	0.00e+00	0.00e+00	0.00e+00
 6.69786e+17	3.31e-01	6.68e-01	1.21e-03	7.73e-06	0.00e+00	0.00e+00	0.00e+00	0.00e+00
 6.70401e+17	3.45e-01	6.54e-01	1.08e-03	7.33e-06	0.00e+00	0.00e+00	0.00e+00	0.00e+00
 6.71000e+17	3.60e-01	6.39e-01	9.65e-04	6.96e-06	0.00e+00	0.00e+00	0.00e+00	0.00e+00
 6.71591e+17	3.74e-01	6.25e-01	8.62e-04	6.61e-06	0.00e+00	0.00e+00	0.00e+00	0.00e+00
 6.72184e+17	3.89e-01	6.10e-01	7.68e-04	6.28e-06	0.00e+00	0.00e+00	0.00e+00	0.00e+00
 6.72778e+17	4.04e-01	5.95e-01	6.84e-04	5.96e-06	0.00e+00	0.00e+00	0.00e+00	0.00e+00
 6.73368e+17	4.20e-01	5.79e-01	6.09e-04	5.66e-06	0.00e+00	0.00e+00	0.00e+00	0.00e+00
 6.73955e+17	4.36e-01	5.64e-01	5.43e-04	5.37e-06	0.00e+00	0.00e+00	0.00e+00	0.00e+00
 6.74541e+17	4.51e-01	5.48e-01	4.83e-04	5.10e-06	0.00e+00	0.00e+00	0.00e+00	0.00e+00
 6.75129e+17	4.67e-01	5.32e-01	4.29e-04	4.83e-06	0.00e+00	0.00e+00	0.00e+00	0.00e+00
 6.75720e+17	4.83e-01	5.17e-01	3.82e-04	4.59e-06	0.00e+00	0.00e+00	0.00e+00	0.00e+00
 6.76316e+17	4.99e-01	5.00e-01	3.39e-04	4.34e-06	0.00e+00	0.00e+00	0.00e+00	0.00e+00
 6.76915e+17	5.15e-01	4.84e-01	3.02e-04	4.12e-06	0.00e+00	0.00e+00	0.00e+00	0.00e+00
 6.77517e+17	5.32e-01	4.68e-01	2.68e-04	3.89e-06	0.00e+00	0.00e+00	0.00e+00	0.00e+00
 6.78118e+17	5.47e-01	4.52e-01	2.39e-04	3.70e-06	0.00e+00	0.00e+00	0.00e+00	0.00e+00
 6.78726e+17	5.63e-01	4.36e-01	2.12e-04	3.49e-06	0.00e+00	0.00e+00	0.00e+00	0.00e+00
 6.79335e+17	5.79e-01	4.21e-01	1.90e-04	3.32e-06	0.00e+00	0.00e+00	0.00e+00	0.00e+00
 6.79952e+17	5.94e-01	4.06e-01	1.69e-04	3.13e-06	0.00e+00	0.00e+00	0.00e+00	0.00e+00
 6.80572e+17	6.09e-01	3.91e-01	1.52e-04	2.98e-06	0.00e+00	0.00e+00	0.00e+00	0.00e+00
 6.81206e+17	6.24e-01	3.76e-01	1.36e-04	2.81e-06	0.00e+00	0.00e+00	0.00e+00	0.00e+00
 6.81848e+17	6.38e-01	3.62e-01	1.23e-04	2.67e-06	0.00e+00	0.00e+00	0.00e+00	0.00e+00
 6.82509e+17	6.52e-01	3.48e-01	1.11e-04	2.53e-06	0.00e+00	0.00e+00	0.00e+00	0.00e+00
 6.83186e+17	6.65e-01	3.35e-01	1.01e-04	2.41e-06	0.00e+00	0.00e+00	0.00e+00	0.00e+00
 6.83835e+17	6.77e-01	3.22e-01	9.20e-05	2.29e-06	0.00e+00	0.00e+00	0.00e+00	0.00e+00
 6.84519e+17	6.90e-01	3.10e-01	8.41e-05	2.17e-06	0.00e+00	0.00e+00	0.00e+00	0.00e+00
 6.85274e+17	7.02e-01	2.98e-01	7.71e-05	2.07e-06	0.00e+00	0.00e+00	0.00e+00	0.00e+00
 6.86131e+17	7.14e-01	2.86e-01	7.03e-05	1.95e-06	0.00e+00	0.00e+00	0.00e+00	0.00e+00
 6.86987e+17	7.26e-01	2.74e-01	6.48e-05	1.85e-06	0.00e+00	0.00e+00	0.00e+00	0.00e+00
 6.87833e+17	7.35e-01	2.65e-01	6.05e-05	1.78e-06	0.00e+00	0.00e+00	0.00e+00	0.00e+00
 6.88883e+17	7.47e-01	2.53e-01	5.57e-05	1.68e-06	0.00e+00	0.00e+00	0.00e+00	0.00e+00
 6.90109e+17	7.58e-01	2.42e-01	5.17e-05	1.59e-06	0.00e+00	0.00e+00	0.00e+00	0.00e+00
 6.91323e+17	7.66e-01	2.33e-01	4.87e-05	1.52e-06	0.00e+00	0.00e+00	0.00e+00	0.00e+00
 6.92591e+17	7.75e-01	2.25e-01	4.60e-05	1.45e-06	0.00e+00	0.00e+00	0.00e+00	0.00e+00
 6.93953e+17	7.81e-01	2.19e-01	4.40e-05	1.40e-06	0.00e+00	0.00e+00	0.00e+00	0.00e+00
 6.95289e+17	7.87e-01	2.13e-01	4.23e-05	1.36e-06	0.00e+00	0.00e+00	0.00e+00	0.00e+00
 6.96813e+17	7.92e-01	2.07e-01	4.07e-05	1.32e-06	0.00e+00	0.00e+00	0.00e+00	0.00e+00
 6.98794e+17	7.99e-01	2.01e-01	3.90e-05	1.26e-06	0.00e+00	0.00e+00	0.00e+00	0.00e+00
 7.01370e+17	8.06e-01	1.94e-01	3.73e-05	1.21e-06	0.00e+00	0.00e+00	0.00e+00	0.00e+00
 7.04719e+17	8.14e-01	1.86e-01	3.52e-05	1.15e-06	0.00e+00	0.00e+00	0.00e+00	0.00e+00
 7.08848e+17	8.24e-01	1.76e-01	3.31e-05	1.08e-06	0.00e+00	0.00e+00	0.00e+00	0.00e+00
 7.13830e+17	8.34e-01	1.66e-01	3.10e-05	1.00e-06	0.00e+00	0.00e+00	0.00e+00	0.00e+00
 7.19205e+17	8.45e-01	1.55e-01	2.89e-05	9.27e-07	0.00e+00	0.00e+00	0.00e+00	0.00e+00
 7.24535e+17	8.55e-01	1.45e-01	2.70e-05	0.00e+00	0.00e+00	0.00e+00	0.00e+00	0.00e+00
 7.29726e+17	8.65e-01	1.35e-01	2.53e-05	0.00e+00	0.00e+00	0.00e+00	0.00e+00	0.00e+00
 7.34004e+17	8.72e-01	1.28e-01	2.41e-05	0.00e+00	0.00e+00	0.00e+00	0.00e+00	0.00e+00
 7.37277e+17	8.77e-01	1.23e-01	2.32e-05	0.00e+00	0.00e+00	0.00e+00	0.00e+00	0.00e+00
 7.40301e+17	8.83e-01	1.17e-01	2.23e-05	0.00e+00	0.00e+00	0.00e+00	0.00e+00	0.00e+00
 7.43368e+17	8.89e-01	1.11e-01	2.15e-05	0.00e+00	0.00e+00	0.00e+00	0.00e+00	0.00e+00
 7.46295e+17	8.93e-01	1.06e-01	2.08e-05	0.00e+00	0.00e+00	0.00e+00	0.00e+00	0.00e+00
 7.49009e+17	8.98e-01	1.02e-01	2.01e-05	0.00e+00	0.00e+00	0.00e+00	0.00e+00	0.00e+00
 7.51581e+17	9.03e-01	9.73e-02	1.94e-05	0.00e+00	0.00e+00	0.00e+00	0.00e+00	0.00e+00
 7.54014e+17	9.07e-01	9.32e-02	1.89e-05	0.00e+00	0.00e+00	0.00e+00	0.00e+00	0.00e+00
 7.56324e+17	9.11e-01	8.93e-02	1.83e-05	0.00e+00	0.00e+00	0.00e+00	0.00e+00	0.00e+00
 7.58532e+17	9.14e-01	8.55e-02	1.78e-05	0.00e+00	0.00e+00	0.00e+00	0.00e+00	0.00e+00
 7.60616e+17	9.18e-01	8.20e-02	1.73e-05	0.00e+00	0.00e+00	0.00e+00	0.00e+00	0.00e+00
 7.62581e+17	9.21e-01	7.87e-02	1.69e-05	0.00e+00	0.00e+00	0.00e+00	0.00e+00	0.00e+00
 7.64445e+17	9.23e-01	7.73e-02	1.66e-05	0.00e+00	0.00e+00	0.00e+00	0.00e+00	0.00e+00
 7.66522e+17	9.26e-01	7.36e-02	1.60e-05	0.00e+00	0.00e+00	0.00e+00	0.00e+00	0.00e+00
 7.68552e+17	9.30e-01	7.02e-02	1.56e-05	0.00e+00	0.00e+00	0.00e+00	0.00e+00	0.00e+00
 7.70077e+17	9.32e-01	6.82e-02	1.53e-05	0.00e+00	0.00e+00	0.00e+00	0.00e+00	0.00e+00
 7.71562e+17	9.34e-01	6.55e-02	1.49e-05	0.00e+00	0.00e+00	0.00e+00	0.00e+00	0.00e+00
 7.73085e+17	9.37e-01	6.28e-02	1.46e-05	0.00e+00	0.00e+00	0.00e+00	0.00e+00	0.00e+00
 7.74380e+17	9.39e-01	6.11e-02	1.44e-05	0.00e+00	0.00e+00	0.00e+00	0.00e+00	0.00e+00
 7.75695e+17	9.41e-01	5.87e-02	1.40e-05	0.00e+00	0.00e+00	0.00e+00	0.00e+00	0.00e+00
 7.76999e+17	9.44e-01	5.63e-02	1.37e-05	0.00e+00	0.00e+00	0.00e+00	0.00e+00	0.00e+00
 7.78054e+17	9.45e-01	5.50e-02	1.35e-05	0.00e+00	0.00e+00	0.00e+00	0.00e+00	0.00e+00
 7.79145e+17	9.47e-01	5.28e-02	1.32e-05	0.00e+00	0.00e+00	0.00e+00	0.00e+00	0.00e+00
 7.80244e+17	9.49e-01	5.07e-02	1.29e-05	0.00e+00	0.00e+00	0.00e+00	0.00e+00	0.00e+00
 7.81104e+17	9.50e-01	4.96e-02	1.28e-05	0.00e+00	0.00e+00	0.00e+00	0.00e+00	0.00e+00
 7.81974e+17	9.52e-01	4.79e-02	1.25e-05	0.00e+00	0.00e+00	0.00e+00	0.00e+00	0.00e+00
 7.82875e+17	9.53e-01	4.69e-02	1.24e-05	0.00e+00	0.00e+00	0.00e+00	0.00e+00	0.00e+00
 7.83816e+17	9.53e-01	4.65e-02	1.23e-05	0.00e+00	0.00e+00	0.00e+00	0.00e+00	0.00e+00
 7.85038e+17	9.56e-01	4.44e-02	1.20e-05	0.00e+00	0.00e+00	0.00e+00	0.00e+00	0.00e+00
 7.86232e+17	9.58e-01	4.23e-02	1.17e-05	0.00e+00	0.00e+00	0.00e+00	0.00e+00	0.00e+00
 7.87061e+17	9.59e-01	4.14e-02	1.16e-05	0.00e+00	0.00e+00	0.00e+00	0.00e+00	0.00e+00
 7.87801e+17	9.59e-01	4.05e-02	1.14e-05	0.00e+00	0.00e+00	0.00e+00	0.00e+00	0.00e+00
 7.88716e+17	9.61e-01	3.86e-02	1.11e-05	0.00e+00	0.00e+00	0.00e+00	0.00e+00	0.00e+00
 7.89523e+17	9.63e-01	3.70e-02	1.09e-05	0.00e+00	0.00e+00	0.00e+00	0.00e+00	0.00e+00
 7.90032e+17	9.64e-01	3.64e-02	1.08e-05	0.00e+00	0.00e+00	0.00e+00	0.00e+00	0.00e+00
 7.90496e+17	9.64e-01	3.59e-02	1.07e-05	0.00e+00	0.00e+00	0.00e+00	0.00e+00	0.00e+00
 7.91098e+17	9.66e-01	3.44e-02	1.05e-05	0.00e+00	0.00e+00	0.00e+00	0.00e+00	0.00e+00
 7.91678e+17	9.67e-01	3.34e-02	1.03e-05	0.00e+00	0.00e+00	0.00e+00	0.00e+00	0.00e+00
 7.92132e+17	9.67e-01	3.27e-02	1.02e-05	0.00e+00	0.00e+00	0.00e+00	0.00e+00	0.00e+00
 7.92626e+17	9.69e-01	3.14e-02	1.00e-05	0.00e+00	0.00e+00	0.00e+00	0.00e+00	0.00e+00
 7.93085e+17	9.70e-01	3.02e-02	9.80e-06	0.00e+00	0.00e+00	0.00e+00	0.00e+00	0.00e+00
 7.93388e+17	9.70e-01	2.98e-02	9.71e-06	0.00e+00	0.00e+00	0.00e+00	0.00e+00	0.00e+00
 7.93670e+17	9.71e-01	2.94e-02	9.64e-06	0.00e+00	0.00e+00	0.00e+00	0.00e+00	0.00e+00
 7.94037e+17	9.71e-01	2.87e-02	9.53e-06	0.00e+00	0.00e+00	0.00e+00	0.00e+00	0.00e+00
 7.94443e+17	9.73e-01	2.70e-02	9.23e-06	0.00e+00	0.00e+00	0.00e+00	0.00e+00	0.00e+00
 7.94733e+17	9.73e-01	2.65e-02	9.14e-06	0.00e+00	0.00e+00	0.00e+00	0.00e+00	0.00e+00
 7.94943e+17	9.74e-01	2.62e-02	9.08e-06	0.00e+00	0.00e+00	0.00e+00	0.00e+00	0.00e+00
 7.95216e+17	9.74e-01	2.57e-02	8.99e-06	0.00e+00	0.00e+00	0.00e+00	0.00e+00	0.00e+00
 7.95538e+17	9.76e-01	2.45e-02	8.78e-06	0.00e+00	0.00e+00	0.00e+00	0.00e+00	0.00e+00
 7.95805e+17	9.77e-01	2.30e-02	8.49e-06	0.00e+00	0.00e+00	0.00e+00	0.00e+00	0.00e+00
 7.95951e+17	9.77e-01	2.29e-02	8.44e-06	0.00e+00	0.00e+00	0.00e+00	0.00e+00	0.00e+00
 7.96061e+17	9.77e-01	2.27e-02	8.40e-06	0.00e+00	0.00e+00	0.00e+00	0.00e+00	0.00e+00
 7.96204e+17	9.78e-01	2.25e-02	8.35e-06	0.00e+00	0.00e+00	0.00e+00	0.00e+00	0.00e+00
 7.96391e+17	9.78e-01	2.20e-02	8.28e-06	0.00e+00	0.00e+00	0.00e+00	0.00e+00	0.00e+00
 7.96633e+17	9.79e-01	2.07e-02	8.00e-06	0.00e+00	0.00e+00	0.00e+00	0.00e+00	0.00e+00
 7.96838e+17	9.81e-01	1.94e-02	7.73e-06	0.00e+00	0.00e+00	0.00e+00	0.00e+00	0.00e+00
 7.96943e+17	9.81e-01	1.91e-02	7.67e-06	0.00e+00	0.00e+00	0.00e+00	0.00e+00	0.00e+00
 7.97026e+17	9.81e-01	1.90e-02	7.62e-06	0.00e+00	0.00e+00	0.00e+00	0.00e+00	0.00e+00
 7.97133e+17	9.81e-01	1.87e-02	7.56e-06	0.00e+00	0.00e+00	0.00e+00	0.00e+00	0.00e+00
 7.97273e+17	9.82e-01	1.84e-02	7.49e-06	0.00e+00	0.00e+00	0.00e+00	0.00e+00	0.00e+00
 7.97455e+17	9.93e-01	6.96e-03	3.58e-06	0.00e+00	0.00e+00	0.00e+00	0.00e+00	0.00e+00
 7.97651e+17	9.94e-01	6.34e-03	3.27e-06	0.00e+00	0.00e+00	0.00e+00	0.00e+00	0.00e+00
 7.97830e+17	9.94e-01	6.01e-03	3.12e-06	0.00e+00	0.00e+00	0.00e+00	0.00e+00	0.00e+00
 7.97993e+17	9.94e-01	5.83e-03	3.04e-06	0.00e+00	0.00e+00	0.00e+00	0.00e+00	0.00e+00
 7.98141e+17	9.94e-01	5.73e-03	2.99e-06	0.00e+00	0.00e+00	0.00e+00	0.00e+00	0.00e+00
 7.98293e+17	9.94e-01	5.63e-03	2.94e-06	0.00e+00	0.00e+00	0.00e+00	0.00e+00	0.00e+00
 7.98466e+17	9.95e-01	5.45e-03	2.86e-06	0.00e+00	0.00e+00	0.00e+00	0.00e+00	0.00e+00
 7.98639e+17	9.95e-01	5.32e-03	2.80e-06	0.00e+00	0.00e+00	0.00e+00	0.00e+00	0.00e+00
 7.98798e+17	9.95e-01	5.22e-03	2.75e-06	0.00e+00	0.00e+00	0.00e+00	0.00e+00	0.00e+00
 7.98948e+17	9.95e-01	5.13e-03	2.70e-06	0.00e+00	0.00e+00	0.00e+00	0.00e+00	0.00e+00
 7.99105e+17	9.95e-01	5.03e-03	2.65e-06	0.00e+00	0.00e+00	0.00e+00	0.00e+00	0.00e+00
 7.99261e+17	9.95e-01	4.91e-03	2.60e-06	0.00e+00	0.00e+00	0.00e+00	0.00e+00	0.00e+00
 7.99403e+17	9.95e-01	4.83e-03	2.56e-06	0.00e+00	0.00e+00	0.00e+00	0.00e+00	0.00e+00
 7.99541e+17	9.95e-01	4.78e-03	2.54e-06	0.00e+00	0.00e+00	0.00e+00	0.00e+00	0.00e+00
 7.99703e+17	9.95e-01	4.67e-03	2.48e-06	0.00e+00	0.00e+00	0.00e+00	0.00e+00	0.00e+00
 7.99877e+17	9.95e-01	4.52e-03	2.41e-06	0.00e+00	0.00e+00	0.00e+00	0.00e+00	0.00e+00
 8.00036e+17	9.96e-01	4.44e-03	2.38e-06	0.00e+00	0.00e+00	0.00e+00	0.00e+00	0.00e+00
 8.00188e+17	9.96e-01	4.40e-03	2.35e-06	0.00e+00	0.00e+00	0.00e+00	0.00e+00	0.00e+00
 8.00361e+17	9.96e-01	4.30e-03	2.31e-06	0.00e+00	0.00e+00	0.00e+00	0.00e+00	0.00e+00
 8.00548e+17	9.96e-01	4.18e-03	2.26e-06	0.00e+00	0.00e+00	0.00e+00	0.00e+00	0.00e+00
 8.00718e+17	9.96e-01	4.09e-03	2.21e-06	0.00e+00	0.00e+00	0.00e+00	0.00e+00	0.00e+00
 8.00864e+17	9.96e-01	4.05e-03	2.19e-06	0.00e+00	0.00e+00	0.00e+00	0.00e+00	0.00e+00
 8.01012e+17	9.96e-01	3.99e-03	2.16e-06	0.00e+00	0.00e+00	0.00e+00	0.00e+00	0.00e+00
 8.01175e+17	9.96e-01	3.89e-03	2.12e-06	0.00e+00	0.00e+00	0.00e+00	0.00e+00	0.00e+00
 8.01327e+17	9.96e-01	3.82e-03	2.08e-06	0.00e+00	0.00e+00	0.00e+00	0.00e+00	0.00e+00
 8.01462e+17	9.96e-01	3.78e-03	2.06e-06	0.00e+00	0.00e+00	0.00e+00	0.00e+00	0.00e+00
 8.01604e+17	9.96e-01	3.72e-03	2.03e-06	0.00e+00	0.00e+00	0.00e+00	0.00e+00	0.00e+00
 8.01757e+17	9.96e-01	3.63e-03	1.99e-06	0.00e+00	0.00e+00	0.00e+00	0.00e+00	0.00e+00
 8.01888e+17	9.96e-01	3.60e-03	1.98e-06	0.00e+00	0.00e+00	0.00e+00	0.00e+00	0.00e+00
 8.02016e+17	9.96e-01	3.57e-03	1.96e-06	0.00e+00	0.00e+00	0.00e+00	0.00e+00	0.00e+00
 8.02179e+17	9.97e-01	3.48e-03	1.92e-06	0.00e+00	0.00e+00	0.00e+00	0.00e+00	0.00e+00
 8.02355e+17	9.97e-01	3.38e-03	1.88e-06	0.00e+00	0.00e+00	0.00e+00	0.00e+00	0.00e+00
 8.02516e+17	9.97e-01	3.32e-03	1.85e-06	0.00e+00	0.00e+00	0.00e+00	0.00e+00	0.00e+00
 8.02648e+17	9.97e-01	3.28e-03	1.83e-06	0.00e+00	0.00e+00	0.00e+00	0.00e+00	0.00e+00
 8.02767e+17	9.97e-01	3.27e-03	1.82e-06	0.00e+00	0.00e+00	0.00e+00	0.00e+00	0.00e+00
 8.02911e+17	9.97e-01	3.20e-03	1.79e-06	0.00e+00	0.00e+00	0.00e+00	0.00e+00	0.00e+00
 8.03055e+17	9.97e-01	3.12e-03	1.76e-06	0.00e+00	0.00e+00	0.00e+00	0.00e+00	0.00e+00
 8.03162e+17	9.97e-01	3.11e-03	1.75e-06	0.00e+00	0.00e+00	0.00e+00	0.00e+00	0.00e+00
 8.03263e+17	9.97e-01	3.10e-03	1.74e-06	0.00e+00	0.00e+00	0.00e+00	0.00e+00	0.00e+00
 8.03396e+17	9.97e-01	3.03e-03	1.71e-06	0.00e+00	0.00e+00	0.00e+00	0.00e+00	0.00e+00
