#depth	N  1	N  2	N  3	N  4	N  5	N  6	N  7	N  8
 5.23712e+13	2.84e-05	2.85e-02	6.68e-01	2.86e-01	1.72e-02	4.28e-04	0.00e+00	0.00e+00
 3.14227e+14	2.84e-05	2.85e-02	6.68e-01	2.86e-01	1.71e-02	4.26e-04	7.17e-08	0.00e+00
 1.36165e+15	2.86e-05	2.85e-02	6.69e-01	2.85e-01	1.70e-02	4.21e-04	0.00e+00	0.00e+00
 5.55135e+15	2.92e-05	2.88e-02	6.74e-01	2.81e-01	1.62e-02	3.98e-04	0.00e+00	0.00e+00
 1.32604e+16	3.08e-05	2.92e-02	6.83e-01	2.73e-01	1.49e-02	3.55e-04	0.00e+00	0.00e+00
 2.32462e+16	3.24e-05	2.97e-02	6.94e-01	2.62e-01	1.34e-02	3.14e-04	0.00e+00	0.00e+00
 3.61917e+16	3.42e-05	3.02e-02	7.10e-01	2.47e-01	1.18e-02	2.70e-04	0.00e+00	0.00e+00
 5.30209e+16	3.66e-05	3.11e-02	7.31e-01	2.28e-01	9.86e-03	2.23e-04	0.00e+00	0.00e+00
 7.20329e+16	3.94e-05	3.22e-02	7.54e-01	2.06e-01	8.02e-03	1.80e-04	0.00e+00	0.00e+00
 8.98851e+16	4.27e-05	3.36e-02	7.75e-01	1.85e-01	6.51e-03	1.46e-04	0.00e+00	0.00e+00
 1.05902e+17	4.71e-05	3.56e-02	7.92e-01	1.67e-01	5.31e-03	1.19e-04	0.00e+00	0.00e+00
 1.21190e+17	5.29e-05	3.82e-02	8.07e-01	1.50e-01	4.31e-03	9.63e-05	0.00e+00	0.00e+00
 1.35439e+17	6.03e-05	4.13e-02	8.19e-01	1.36e-01	3.51e-03	7.79e-05	0.00e+00	0.00e+00
 1.47662e+17	6.79e-05	4.42e-02	8.28e-01	1.25e-01	2.94e-03	6.50e-05	0.00e+00	0.00e+00
 1.58781e+17	7.65e-05	4.74e-02	8.34e-01	1.16e-01	2.50e-03	5.50e-05	0.00e+00	0.00e+00
 1.71479e+17	8.84e-05	5.15e-02	8.39e-01	1.07e-01	2.11e-03	4.56e-05	0.00e+00	0.00e+00
 1.84748e+17	1.02e-04	5.58e-02	8.44e-01	9.87e-02	1.77e-03	3.81e-05	0.00e+00	0.00e+00
 1.96444e+17	1.15e-04	5.98e-02	8.46e-01	9.25e-02	1.52e-03	3.27e-05	0.00e+00	0.00e+00
 2.09337e+17	1.33e-04	6.47e-02	8.48e-01	8.62e-02	1.30e-03	2.78e-05	0.00e+00	0.00e+00
 2.23398e+17	1.52e-04	6.98e-02	8.48e-01	8.07e-02	1.12e-03	2.38e-05	0.00e+00	0.00e+00
 2.36700e+17	1.73e-04	7.50e-02	8.48e-01	7.61e-02	9.81e-04	2.07e-05	0.00e+00	0.00e+00
 2.51716e+17	2.03e-04	8.18e-02	8.46e-01	7.10e-02	8.47e-04	1.76e-05	0.00e+00	0.00e+00
 2.67038e+17	2.32e-04	8.82e-02	8.44e-01	6.69e-02	7.49e-04	1.53e-05	0.00e+00	0.00e+00
 2.80107e+17	2.61e-04	9.43e-02	8.41e-01	6.36e-02	6.80e-04	1.36e-05	0.00e+00	0.00e+00
 2.94443e+17	2.98e-04	1.02e-01	8.37e-01	6.01e-02	6.14e-04	1.20e-05	0.00e+00	0.00e+00
 3.09859e+17	3.41e-04	1.09e-01	8.33e-01	5.68e-02	5.58e-04	1.06e-05	0.00e+00	0.00e+00
 3.23588e+17	3.87e-04	1.18e-01	8.28e-01	5.37e-02	5.13e-04	9.38e-06	0.00e+00	0.00e+00
 3.35899e+17	4.34e-04	1.26e-01	8.22e-01	5.11e-02	4.77e-04	8.41e-06	0.00e+00	0.00e+00
 3.49452e+17	4.97e-04	1.36e-01	8.15e-01	4.80e-02	4.39e-04	7.39e-06	0.00e+00	0.00e+00
 3.63737e+17	5.72e-04	1.47e-01	8.07e-01	4.49e-02	4.04e-04	6.44e-06	0.00e+00	0.00e+00
 3.75772e+17	6.48e-04	1.58e-01	7.99e-01	4.22e-02	3.76e-04	5.68e-06	0.00e+00	0.00e+00
 3.86258e+17	7.26e-04	1.69e-01	7.90e-01	3.98e-02	3.52e-04	5.06e-06	0.00e+00	0.00e+00
 3.97931e+17	8.31e-04	1.82e-01	7.80e-01	3.70e-02	3.25e-04	4.40e-06	0.00e+00	0.00e+00
 4.10460e+17	9.64e-04	1.99e-01	7.66e-01	3.40e-02	2.97e-04	3.74e-06	0.00e+00	0.00e+00
 4.21200e+17	1.10e-03	2.14e-01	7.53e-01	3.14e-02	2.75e-04	3.23e-06	0.00e+00	0.00e+00
 4.30539e+17	1.25e-03	2.30e-01	7.40e-01	2.91e-02	2.55e-04	2.81e-06	0.00e+00	0.00e+00
 4.40955e+17	1.44e-03	2.49e-01	7.23e-01	2.64e-02	2.32e-04	2.37e-06	0.00e+00	0.00e+00
 4.52204e+17	1.70e-03	2.72e-01	7.02e-01	2.36e-02	2.09e-04	1.95e-06	0.00e+00	0.00e+00
 4.62010e+17	1.97e-03	2.95e-01	6.81e-01	2.12e-02	1.88e-04	1.62e-06	0.00e+00	0.00e+00
 4.70649e+17	2.26e-03	3.18e-01	6.60e-01	1.90e-02	1.70e-04	1.35e-06	0.00e+00	0.00e+00
 4.80300e+17	2.66e-03	3.47e-01	6.34e-01	1.66e-02	1.51e-04	1.08e-06	0.00e+00	0.00e+00
 4.90908e+17	3.20e-03	3.82e-01	6.01e-01	1.41e-02	1.30e-04	8.29e-07	0.00e+00	0.00e+00
 5.00331e+17	3.81e-03	4.17e-01	5.67e-01	1.19e-02	1.12e-04	0.00e+00	0.00e+00	0.00e+00
 5.08238e+17	4.43e-03	4.49e-01	5.36e-01	1.02e-02	9.74e-05	0.00e+00	0.00e+00	0.00e+00
 5.16604e+17	5.25e-03	4.87e-01	4.99e-01	8.48e-03	8.22e-05	0.00e+00	0.00e+00	0.00e+00
 5.25653e+17	6.35e-03	5.32e-01	4.55e-01	6.75e-03	6.70e-05	0.00e+00	0.00e+00	0.00e+00
 5.33432e+17	7.53e-03	5.73e-01	4.14e-01	5.42e-03	5.49e-05	0.00e+00	0.00e+00	0.00e+00
 5.40010e+17	8.76e-03	6.10e-01	3.77e-01	4.38e-03	4.53e-05	0.00e+00	0.00e+00	0.00e+00
 5.47185e+17	1.04e-02	6.51e-01	3.35e-01	3.38e-03	3.60e-05	0.00e+00	0.00e+00	0.00e+00
 5.54971e+17	1.25e-02	6.97e-01	2.88e-01	2.46e-03	2.69e-05	0.00e+00	0.00e+00	0.00e+00
 5.61663e+17	1.50e-02	7.38e-01	2.45e-01	1.78e-03	2.01e-05	0.00e+00	0.00e+00	0.00e+00
 5.66750e+17	1.72e-02	7.68e-01	2.13e-01	1.35e-03	1.56e-05	0.00e+00	0.00e+00	0.00e+00
 5.70751e+17	1.92e-02	7.91e-01	1.89e-01	1.07e-03	1.26e-05	0.00e+00	0.00e+00	0.00e+00
 5.75062e+17	2.17e-02	8.14e-01	1.63e-01	8.23e-04	9.89e-06	0.00e+00	0.00e+00	0.00e+00
 5.79735e+17	2.50e-02	8.37e-01	1.37e-01	6.00e-04	7.36e-06	0.00e+00	0.00e+00	0.00e+00
 5.83707e+17	2.83e-02	8.55e-01	1.16e-01	4.45e-04	5.56e-06	0.00e+00	0.00e+00	0.00e+00
 5.86903e+17	3.14e-02	8.68e-01	9.98e-02	3.45e-04	4.36e-06	0.00e+00	0.00e+00	0.00e+00
 5.89817e+17	3.47e-02	8.79e-01	8.63e-02	2.70e-04	3.45e-06	0.00e+00	0.00e+00	0.00e+00
 5.93159e+17	3.90e-02	8.89e-01	7.20e-02	2.01e-04	2.59e-06	0.00e+00	0.00e+00	0.00e+00
 5.96639e+17	4.44e-02	8.97e-01	5.85e-02	1.45e-04	1.87e-06	0.00e+00	0.00e+00	0.00e+00
 5.99435e+17	4.96e-02	9.02e-01	4.87e-02	1.10e-04	1.40e-06	0.00e+00	0.00e+00	0.00e+00
 6.01718e+17	5.45e-02	9.04e-01	4.15e-02	8.73e-05	1.10e-06	0.00e+00	0.00e+00	0.00e+00
 6.04200e+17	6.05e-02	9.05e-01	3.46e-02	6.78e-05	8.35e-07	0.00e+00	0.00e+00	0.00e+00
 6.06939e+17	6.85e-02	9.04e-01	2.78e-02	5.09e-05	0.00e+00	0.00e+00	0.00e+00	0.00e+00
 6.09361e+17	7.70e-02	9.00e-01	2.25e-02	3.92e-05	0.00e+00	0.00e+00	0.00e+00	0.00e+00
 6.11407e+17	8.55e-02	8.96e-01	1.86e-02	3.16e-05	0.00e+00	0.00e+00	0.00e+00	0.00e+00
 6.13613e+17	9.58e-02	8.89e-01	1.50e-02	2.52e-05	0.00e+00	0.00e+00	0.00e+00	0.00e+00
 6.16041e+17	1.10e-01	8.79e-01	1.16e-02	1.96e-05	0.00e+00	0.00e+00	0.00e+00	0.00e+00
 6.18186e+17	1.25e-01	8.66e-01	9.04e-03	1.58e-05	0.00e+00	0.00e+00	0.00e+00	0.00e+00
 6.19942e+17	1.39e-01	8.54e-01	7.28e-03	1.33e-05	0.00e+00	0.00e+00	0.00e+00	0.00e+00
 6.21449e+17	1.53e-01	8.41e-01	5.99e-03	1.16e-05	0.00e+00	0.00e+00	0.00e+00	0.00e+00
 6.22871e+17	1.68e-01	8.27e-01	4.94e-03	1.02e-05	0.00e+00	0.00e+00	0.00e+00	0.00e+00
 6.24247e+17	1.84e-01	8.12e-01	4.06e-03	9.05e-06	0.00e+00	0.00e+00	0.00e+00	0.00e+00
 6.25514e+17	2.01e-01	7.95e-01	3.35e-03	8.10e-06	0.00e+00	0.00e+00	0.00e+00	0.00e+00
 6.26439e+17	2.15e-01	7.82e-01	2.89e-03	7.47e-06	0.00e+00	0.00e+00	0.00e+00	0.00e+00
 6.27005e+17	2.23e-01	7.74e-01	2.65e-03	7.16e-06	0.00e+00	0.00e+00	0.00e+00	0.00e+00
 6.27550e+17	2.31e-01	7.66e-01	2.44e-03	6.86e-06	0.00e+00	0.00e+00	0.00e+00	0.00e+00
 6.28259e+17	2.43e-01	7.54e-01	2.16e-03	6.45e-06	0.00e+00	0.00e+00	0.00e+00	0.00e+00
 6.29032e+17	2.58e-01	7.41e-01	1.89e-03	6.04e-06	0.00e+00	0.00e+00	0.00e+00	0.00e+00
 6.29702e+17	2.70e-01	7.28e-01	1.68e-03	5.70e-06	0.00e+00	0.00e+00	0.00e+00	0.00e+00
 6.30271e+17	2.82e-01	7.17e-01	1.52e-03	5.43e-06	0.00e+00	0.00e+00	0.00e+00	0.00e+00
 6.30839e+17	2.93e-01	7.05e-01	1.37e-03	5.18e-06	0.00e+00	0.00e+00	0.00e+00	0.00e+00
 6.31464e+17	3.07e-01	6.92e-01	1.21e-03	4.90e-06	0.00e+00	0.00e+00	0.00e+00	0.00e+00
 6.32099e+17	3.22e-01	6.77e-01	1.07e-03	4.64e-06	0.00e+00	0.00e+00	0.00e+00	0.00e+00
 6.32684e+17	3.36e-01	6.63e-01	9.56e-04	4.40e-06	0.00e+00	0.00e+00	0.00e+00	0.00e+00
 6.33227e+17	3.49e-01	6.50e-01	8.57e-04	4.19e-06	0.00e+00	0.00e+00	0.00e+00	0.00e+00
 6.33772e+17	3.63e-01	6.36e-01	7.66e-04	3.99e-06	0.00e+00	0.00e+00	0.00e+00	0.00e+00
 6.34340e+17	3.78e-01	6.21e-01	6.80e-04	3.79e-06	0.00e+00	0.00e+00	0.00e+00	0.00e+00
 6.34906e+17	3.94e-01	6.06e-01	6.02e-04	3.59e-06	0.00e+00	0.00e+00	0.00e+00	0.00e+00
 6.35442e+17	4.09e-01	5.90e-01	5.35e-04	3.41e-06	0.00e+00	0.00e+00	0.00e+00	0.00e+00
 6.35958e+17	4.24e-01	5.76e-01	4.77e-04	3.24e-06	0.00e+00	0.00e+00	0.00e+00	0.00e+00
 6.36478e+17	4.39e-01	5.60e-01	4.23e-04	3.08e-06	0.00e+00	0.00e+00	0.00e+00	0.00e+00
 6.37010e+17	4.56e-01	5.44e-01	3.75e-04	2.92e-06	0.00e+00	0.00e+00	0.00e+00	0.00e+00
 6.37533e+17	4.72e-01	5.28e-01	3.31e-04	2.77e-06	0.00e+00	0.00e+00	0.00e+00	0.00e+00
 6.38035e+17	4.88e-01	5.12e-01	2.94e-04	2.63e-06	0.00e+00	0.00e+00	0.00e+00	0.00e+00
 6.38528e+17	5.04e-01	4.96e-01	2.61e-04	2.50e-06	0.00e+00	0.00e+00	0.00e+00	0.00e+00
 6.39029e+17	5.20e-01	4.79e-01	2.31e-04	2.37e-06	0.00e+00	0.00e+00	0.00e+00	0.00e+00
 6.39535e+17	5.37e-01	4.63e-01	2.04e-04	2.24e-06	0.00e+00	0.00e+00	0.00e+00	0.00e+00
 6.40030e+17	5.54e-01	4.46e-01	1.80e-04	2.12e-06	0.00e+00	0.00e+00	0.00e+00	0.00e+00
 6.40513e+17	5.70e-01	4.30e-01	1.60e-04	2.00e-06	0.00e+00	0.00e+00	0.00e+00	0.00e+00
 6.40995e+17	5.86e-01	4.14e-01	1.42e-04	1.90e-06	0.00e+00	0.00e+00	0.00e+00	0.00e+00
 6.41485e+17	6.03e-01	3.97e-01	1.25e-04	1.79e-06	0.00e+00	0.00e+00	0.00e+00	0.00e+00
 6.41951e+17	6.18e-01	3.82e-01	1.12e-04	1.69e-06	0.00e+00	0.00e+00	0.00e+00	0.00e+00
 6.42390e+17	6.33e-01	3.67e-01	9.98e-05	1.60e-06	0.00e+00	0.00e+00	0.00e+00	0.00e+00
 6.42850e+17	6.48e-01	3.52e-01	8.90e-05	1.52e-06	0.00e+00	0.00e+00	0.00e+00	0.00e+00
 6.43331e+17	6.64e-01	3.36e-01	7.89e-05	1.43e-06	0.00e+00	0.00e+00	0.00e+00	0.00e+00
 6.43792e+17	6.79e-01	3.21e-01	7.04e-05	1.34e-06	0.00e+00	0.00e+00	0.00e+00	0.00e+00
 6.44223e+17	6.92e-01	3.07e-01	6.34e-05	1.27e-06	0.00e+00	0.00e+00	0.00e+00	0.00e+00
 6.44654e+17	7.06e-01	2.94e-01	5.72e-05	1.20e-06	0.00e+00	0.00e+00	0.00e+00	0.00e+00
 6.45093e+17	7.19e-01	2.81e-01	5.16e-05	1.13e-06	0.00e+00	0.00e+00	0.00e+00	0.00e+00
 6.45533e+17	7.33e-01	2.67e-01	4.66e-05	1.07e-06	0.00e+00	0.00e+00	0.00e+00	0.00e+00
 6.45974e+17	7.46e-01	2.54e-01	4.20e-05	9.99e-07	0.00e+00	0.00e+00	0.00e+00	0.00e+00
 6.46420e+17	7.59e-01	2.41e-01	3.82e-05	0.00e+00	0.00e+00	0.00e+00	0.00e+00	0.00e+00
 6.46883e+17	7.72e-01	2.28e-01	3.46e-05	0.00e+00	0.00e+00	0.00e+00	0.00e+00	0.00e+00
 6.47316e+17	7.83e-01	2.17e-01	3.17e-05	0.00e+00	0.00e+00	0.00e+00	0.00e+00	0.00e+00
 6.47713e+17	7.94e-01	2.06e-01	2.92e-05	0.00e+00	0.00e+00	0.00e+00	0.00e+00	0.00e+00
 6.48160e+17	8.05e-01	1.95e-01	2.68e-05	0.00e+00	0.00e+00	0.00e+00	0.00e+00	0.00e+00
 6.48648e+17	8.17e-01	1.83e-01	2.45e-05	0.00e+00	0.00e+00	0.00e+00	0.00e+00	0.00e+00
 6.49073e+17	8.27e-01	1.73e-01	2.28e-05	0.00e+00	0.00e+00	0.00e+00	0.00e+00	0.00e+00
 6.49471e+17	8.36e-01	1.64e-01	2.13e-05	0.00e+00	0.00e+00	0.00e+00	0.00e+00	0.00e+00
 6.49933e+17	8.46e-01	1.54e-01	1.98e-05	0.00e+00	0.00e+00	0.00e+00	0.00e+00	0.00e+00
 6.50446e+17	8.57e-01	1.43e-01	1.83e-05	0.00e+00	0.00e+00	0.00e+00	0.00e+00	0.00e+00
 6.50938e+17	8.67e-01	1.33e-01	1.71e-05	0.00e+00	0.00e+00	0.00e+00	0.00e+00	0.00e+00
 6.51397e+17	8.75e-01	1.25e-01	1.61e-05	0.00e+00	0.00e+00	0.00e+00	0.00e+00	0.00e+00
 6.51877e+17	8.83e-01	1.17e-01	1.51e-05	0.00e+00	0.00e+00	0.00e+00	0.00e+00	0.00e+00
 6.52414e+17	8.92e-01	1.08e-01	1.42e-05	0.00e+00	0.00e+00	0.00e+00	0.00e+00	0.00e+00
 6.53015e+17	9.01e-01	9.94e-02	1.33e-05	0.00e+00	0.00e+00	0.00e+00	0.00e+00	0.00e+00
 6.53623e+17	9.09e-01	9.15e-02	1.25e-05	0.00e+00	0.00e+00	0.00e+00	0.00e+00	0.00e+00
 6.54200e+17	9.15e-01	8.48e-02	1.19e-05	0.00e+00	0.00e+00	0.00e+00	0.00e+00	0.00e+00
 6.54808e+17	9.22e-01	7.85e-02	1.13e-05	0.00e+00	0.00e+00	0.00e+00	0.00e+00	0.00e+00
 6.55319e+17	9.26e-01	7.37e-02	1.09e-05	0.00e+00	0.00e+00	0.00e+00	0.00e+00	0.00e+00
 6.55642e+17	9.28e-01	7.22e-02	1.07e-05	0.00e+00	0.00e+00	0.00e+00	0.00e+00	0.00e+00
 6.55956e+17	9.30e-01	6.95e-02	1.05e-05	0.00e+00	0.00e+00	0.00e+00	0.00e+00	0.00e+00
 6.56318e+17	9.33e-01	6.72e-02	1.03e-05	0.00e+00	0.00e+00	0.00e+00	0.00e+00	0.00e+00
 6.56712e+17	9.36e-01	6.38e-02	9.95e-06	0.00e+00	0.00e+00	0.00e+00	0.00e+00	0.00e+00
 6.57092e+17	9.38e-01	6.17e-02	9.78e-06	0.00e+00	0.00e+00	0.00e+00	0.00e+00	0.00e+00
 6.57459e+17	9.41e-01	5.91e-02	9.53e-06	0.00e+00	0.00e+00	0.00e+00	0.00e+00	0.00e+00
 6.57832e+17	9.43e-01	5.73e-02	9.38e-06	0.00e+00	0.00e+00	0.00e+00	0.00e+00	0.00e+00
 6.58244e+17	9.45e-01	5.48e-02	9.14e-06	0.00e+00	0.00e+00	0.00e+00	0.00e+00	0.00e+00
 6.58665e+17	9.48e-01	5.24e-02	8.93e-06	0.00e+00	0.00e+00	0.00e+00	0.00e+00	0.00e+00
 6.59014e+17	9.49e-01	5.12e-02	8.82e-06	0.00e+00	0.00e+00	0.00e+00	0.00e+00	0.00e+00
 6.59385e+17	9.50e-01	5.00e-02	8.71e-06	0.00e+00	0.00e+00	0.00e+00	0.00e+00	0.00e+00
 6.59844e+17	9.53e-01	4.74e-02	8.47e-06	0.00e+00	0.00e+00	0.00e+00	0.00e+00	0.00e+00
 6.60280e+17	9.54e-01	4.63e-02	8.37e-06	0.00e+00	0.00e+00	0.00e+00	0.00e+00	0.00e+00
 6.60709e+17	9.54e-01	4.60e-02	8.31e-06	0.00e+00	0.00e+00	0.00e+00	0.00e+00	0.00e+00
 6.61268e+17	9.56e-01	4.39e-02	8.15e-06	0.00e+00	0.00e+00	0.00e+00	0.00e+00	0.00e+00
 6.61863e+17	9.58e-01	4.24e-02	8.03e-06	0.00e+00	0.00e+00	0.00e+00	0.00e+00	0.00e+00
 6.62425e+17	9.59e-01	4.06e-02	7.83e-06	0.00e+00	0.00e+00	0.00e+00	0.00e+00	0.00e+00
 6.62938e+17	9.61e-01	3.95e-02	7.73e-06	0.00e+00	0.00e+00	0.00e+00	0.00e+00	0.00e+00
 6.63420e+17	9.61e-01	3.86e-02	7.65e-06	0.00e+00	0.00e+00	0.00e+00	0.00e+00	0.00e+00
 6.64001e+17	9.63e-01	3.67e-02	7.45e-06	0.00e+00	0.00e+00	0.00e+00	0.00e+00	0.00e+00
 6.64576e+17	9.65e-01	3.48e-02	7.27e-06	0.00e+00	0.00e+00	0.00e+00	0.00e+00	0.00e+00
 6.64990e+17	9.66e-01	3.43e-02	7.20e-06	0.00e+00	0.00e+00	0.00e+00	0.00e+00	0.00e+00
 6.65375e+17	9.66e-01	3.37e-02	7.14e-06	0.00e+00	0.00e+00	0.00e+00	0.00e+00	0.00e+00
 6.65875e+17	9.68e-01	3.22e-02	6.98e-06	0.00e+00	0.00e+00	0.00e+00	0.00e+00	0.00e+00
 6.66357e+17	9.69e-01	3.05e-02	6.82e-06	0.00e+00	0.00e+00	0.00e+00	0.00e+00	0.00e+00
 6.66693e+17	9.70e-01	3.01e-02	6.76e-06	0.00e+00	0.00e+00	0.00e+00	0.00e+00	0.00e+00
 6.67012e+17	9.70e-01	2.97e-02	6.71e-06	0.00e+00	0.00e+00	0.00e+00	0.00e+00	0.00e+00
 6.67426e+17	9.72e-01	2.84e-02	6.56e-06	0.00e+00	0.00e+00	0.00e+00	0.00e+00	0.00e+00
 6.67829e+17	9.73e-01	2.69e-02	6.41e-06	0.00e+00	0.00e+00	0.00e+00	0.00e+00	0.00e+00
 6.68108e+17	9.73e-01	2.65e-02	6.36e-06	0.00e+00	0.00e+00	0.00e+00	0.00e+00	0.00e+00
 6.68360e+17	9.74e-01	2.62e-02	6.31e-06	0.00e+00	0.00e+00	0.00e+00	0.00e+00	0.00e+00
 6.68688e+17	9.74e-01	2.55e-02	6.24e-06	0.00e+00	0.00e+00	0.00e+00	0.00e+00	0.00e+00
 6.69062e+17	9.76e-01	2.36e-02	6.01e-06	0.00e+00	0.00e+00	0.00e+00	0.00e+00	0.00e+00
 6.69337e+17	9.77e-01	2.30e-02	5.94e-06	0.00e+00	0.00e+00	0.00e+00	0.00e+00	0.00e+00
 6.69522e+17	9.77e-01	2.29e-02	5.90e-06	0.00e+00	0.00e+00	0.00e+00	0.00e+00	0.00e+00
 6.69749e+17	9.78e-01	2.24e-02	5.85e-06	0.00e+00	0.00e+00	0.00e+00	0.00e+00	0.00e+00
 6.70045e+17	9.79e-01	2.13e-02	5.71e-06	0.00e+00	0.00e+00	0.00e+00	0.00e+00	0.00e+00
 6.70319e+17	9.80e-01	1.95e-02	5.48e-06	0.00e+00	0.00e+00	0.00e+00	0.00e+00	0.00e+00
 6.70474e+17	9.81e-01	1.93e-02	5.43e-06	0.00e+00	0.00e+00	0.00e+00	0.00e+00	0.00e+00
 6.70582e+17	9.81e-01	1.92e-02	5.40e-06	0.00e+00	0.00e+00	0.00e+00	0.00e+00	0.00e+00
 6.70723e+17	9.81e-01	1.90e-02	5.37e-06	0.00e+00	0.00e+00	0.00e+00	0.00e+00	0.00e+00
 6.70906e+17	9.81e-01	1.86e-02	5.32e-06	0.00e+00	0.00e+00	0.00e+00	0.00e+00	0.00e+00
 6.71144e+17	9.83e-01	1.69e-02	5.08e-06	0.00e+00	0.00e+00	0.00e+00	0.00e+00	0.00e+00
 6.71339e+17	9.86e-01	1.36e-02	4.54e-06	0.00e+00	0.00e+00	0.00e+00	0.00e+00	0.00e+00
 6.71414e+17	9.86e-01	1.35e-02	4.50e-06	0.00e+00	0.00e+00	0.00e+00	0.00e+00	0.00e+00
 6.71451e+17	9.87e-01	1.34e-02	4.48e-06	0.00e+00	0.00e+00	0.00e+00	0.00e+00	0.00e+00
 6.71500e+17	9.87e-01	1.34e-02	4.45e-06	0.00e+00	0.00e+00	0.00e+00	0.00e+00	0.00e+00
 6.71562e+17	9.87e-01	1.33e-02	4.44e-06	0.00e+00	0.00e+00	0.00e+00	0.00e+00	0.00e+00
 6.71644e+17	9.87e-01	1.31e-02	4.41e-06	0.00e+00	0.00e+00	0.00e+00	0.00e+00	0.00e+00
 6.71750e+17	9.87e-01	1.29e-02	4.37e-06	0.00e+00	0.00e+00	0.00e+00	0.00e+00	0.00e+00
 6.71887e+17	9.94e-01	5.98e-03	2.45e-06	0.00e+00	0.00e+00	0.00e+00	0.00e+00	0.00e+00
 6.72036e+17	9.95e-01	5.24e-03	2.16e-06	0.00e+00	0.00e+00	0.00e+00	0.00e+00	0.00e+00
 6.72171e+17	9.95e-01	4.88e-03	2.03e-06	0.00e+00	0.00e+00	0.00e+00	0.00e+00	0.00e+00
 6.72294e+17	9.95e-01	4.72e-03	1.97e-06	0.00e+00	0.00e+00	0.00e+00	0.00e+00	0.00e+00
 6.72406e+17	9.95e-01	4.62e-03	1.94e-06	0.00e+00	0.00e+00	0.00e+00	0.00e+00	0.00e+00
 6.72508e+17	9.95e-01	4.54e-03	1.90e-06	0.00e+00	0.00e+00	0.00e+00	0.00e+00	0.00e+00
 6.72619e+17	9.96e-01	4.46e-03	1.87e-06	0.00e+00	0.00e+00	0.00e+00	0.00e+00	0.00e+00
 6.72765e+17	9.96e-01	4.28e-03	1.81e-06	0.00e+00	0.00e+00	0.00e+00	0.00e+00	0.00e+00
 6.72921e+17	9.96e-01	4.05e-03	1.73e-06	0.00e+00	0.00e+00	0.00e+00	0.00e+00	0.00e+00
 6.73064e+17	9.96e-01	3.95e-03	1.69e-06	0.00e+00	0.00e+00	0.00e+00	0.00e+00	0.00e+00
 6.73194e+17	9.96e-01	3.86e-03	1.66e-06	0.00e+00	0.00e+00	0.00e+00	0.00e+00	0.00e+00
 6.73312e+17	9.96e-01	3.79e-03	1.63e-06	0.00e+00	0.00e+00	0.00e+00	0.00e+00	0.00e+00
 6.73441e+17	9.96e-01	3.72e-03	1.60e-06	0.00e+00	0.00e+00	0.00e+00	0.00e+00	0.00e+00
 6.73581e+17	9.96e-01	3.59e-03	1.55e-06	0.00e+00	0.00e+00	0.00e+00	0.00e+00	0.00e+00
 6.73708e+17	9.96e-01	3.52e-03	1.53e-06	0.00e+00	0.00e+00	0.00e+00	0.00e+00	0.00e+00
 6.73847e+17	9.97e-01	3.45e-03	1.50e-06	0.00e+00	0.00e+00	0.00e+00	0.00e+00	0.00e+00
 6.73997e+17	9.97e-01	3.31e-03	1.45e-06	0.00e+00	0.00e+00	0.00e+00	0.00e+00	0.00e+00
 6.74134e+17	9.97e-01	3.24e-03	1.43e-06	0.00e+00	0.00e+00	0.00e+00	0.00e+00	0.00e+00
 6.74284e+17	9.97e-01	3.17e-03	1.40e-06	0.00e+00	0.00e+00	0.00e+00	0.00e+00	0.00e+00
 6.74446e+17	9.97e-01	3.03e-03	1.35e-06	0.00e+00	0.00e+00	0.00e+00	0.00e+00	0.00e+00
 6.74593e+17	9.97e-01	2.96e-03	1.33e-06	0.00e+00	0.00e+00	0.00e+00	0.00e+00	0.00e+00
 6.74727e+17	9.97e-01	2.90e-03	1.30e-06	0.00e+00	0.00e+00	0.00e+00	0.00e+00	0.00e+00
 6.74874e+17	9.97e-01	2.83e-03	1.27e-06	0.00e+00	0.00e+00	0.00e+00	0.00e+00	0.00e+00
 6.75033e+17	9.97e-01	2.72e-03	1.23e-06	0.00e+00	0.00e+00	0.00e+00	0.00e+00	0.00e+00
 6.75177e+17	9.97e-01	2.65e-03	1.21e-06	0.00e+00	0.00e+00	0.00e+00	0.00e+00	0.00e+00
 6.75309e+17	9.97e-01	2.60e-03	1.19e-06	0.00e+00	0.00e+00	0.00e+00	0.00e+00	0.00e+00
 6.75428e+17	9.97e-01	2.55e-03	1.17e-06	0.00e+00	0.00e+00	0.00e+00	0.00e+00	0.00e+00
 6.75537e+17	9.97e-01	2.52e-03	1.16e-06	0.00e+00	0.00e+00	0.00e+00	0.00e+00	0.00e+00
 6.75656e+17	9.98e-01	2.46e-03	1.13e-06	0.00e+00	0.00e+00	0.00e+00	0.00e+00	0.00e+00
###########################
 5.23712e+13	2.81e-05	2.83e-02	6.67e-01	2.87e-01	1.73e-02	4.32e-04	0.00e+00	0.00e+00
 3.14227e+14	2.81e-05	2.83e-02	6.67e-01	2.87e-01	1.72e-02	4.30e-04	7.27e-08	0.00e+00
 1.36165e+15	2.81e-05	2.82e-02	6.68e-01	2.86e-01	1.71e-02	4.25e-04	0.00e+00	0.00e+00
 5.55135e+15	2.83e-05	2.81e-02	6.73e-01	2.82e-01	1.64e-02	4.04e-04	0.00e+00	0.00e+00
 1.32604e+16	2.89e-05	2.79e-02	6.82e-01	2.75e-01	1.51e-02	3.65e-04	0.00e+00	0.00e+00
 2.32821e+16	2.96e-05	2.79e-02	6.93e-01	2.65e-01	1.37e-02	3.26e-04	0.00e+00	0.00e+00
 3.63104e+16	3.07e-05	2.81e-02	7.09e-01	2.51e-01	1.21e-02	2.83e-04	0.00e+00	0.00e+00
 5.32472e+16	3.27e-05	2.89e-02	7.30e-01	2.31e-01	1.02e-02	2.35e-04	0.00e+00	0.00e+00
 7.52650e+16	3.67e-05	3.09e-02	7.56e-01	2.05e-01	7.98e-03	1.82e-04	0.00e+00	0.00e+00
 9.69178e+16	4.20e-05	3.35e-02	7.81e-01	1.79e-01	6.12e-03	1.39e-04	0.00e+00	0.00e+00
 1.12667e+17	4.78e-05	3.63e-02	7.98e-01	1.61e-01	4.96e-03	1.12e-04	0.00e+00	0.00e+00
 1.24401e+17	5.38e-05	3.91e-02	8.09e-01	1.48e-01	4.21e-03	9.45e-05	0.00e+00	0.00e+00
 1.34398e+17	6.03e-05	4.20e-02	8.17e-01	1.38e-01	3.63e-03	8.10e-05	0.00e+00	0.00e+00
 1.43981e+17	6.79e-05	4.51e-02	8.23e-01	1.28e-01	3.14e-03	6.96e-05	0.00e+00	0.00e+00
 1.53500e+17	7.67e-05	4.86e-02	8.29e-01	1.20e-01	2.72e-03	5.97e-05	0.00e+00	0.00e+00
 1.62938e+17	8.68e-05	5.23e-02	8.33e-01	1.12e-01	2.39e-03	5.16e-05	0.00e+00	0.00e+00
 1.73742e+17	1.01e-04	5.71e-02	8.37e-01	1.04e-01	2.03e-03	4.34e-05	0.00e+00	0.00e+00
 1.85027e+17	1.16e-04	6.20e-02	8.39e-01	9.67e-02	1.73e-03	3.68e-05	0.00e+00	0.00e+00
 1.94971e+17	1.32e-04	6.66e-02	8.41e-01	9.10e-02	1.52e-03	3.20e-05	0.00e+00	0.00e+00
 2.05930e+17	1.51e-04	7.21e-02	8.41e-01	8.53e-02	1.31e-03	2.75e-05	0.00e+00	0.00e+00
 2.17960e+17	1.74e-04	7.79e-02	8.41e-01	8.00e-02	1.14e-03	2.37e-05	0.00e+00	0.00e+00
 2.29474e+17	1.98e-04	8.37e-02	8.40e-01	7.55e-02	1.01e-03	2.07e-05	0.00e+00	0.00e+00
 2.42533e+17	2.29e-04	9.09e-02	8.37e-01	7.08e-02	8.79e-04	1.78e-05	0.00e+00	0.00e+00
 2.56371e+17	2.70e-04	9.95e-02	8.34e-01	6.58e-02	7.63e-04	1.51e-05	0.00e+00	0.00e+00
 2.67871e+17	3.03e-04	1.06e-01	8.30e-01	6.26e-02	6.94e-04	1.35e-05	0.00e+00	0.00e+00
 2.79470e+17	3.43e-04	1.14e-01	8.26e-01	5.94e-02	6.31e-04	1.20e-05	0.00e+00	0.00e+00
 2.94550e+17	4.02e-04	1.24e-01	8.19e-01	5.55e-02	5.61e-04	1.03e-05	0.00e+00	0.00e+00
 3.09518e+17	4.68e-04	1.35e-01	8.12e-01	5.19e-02	5.06e-04	8.91e-06	0.00e+00	0.00e+00
 3.20976e+17	5.27e-04	1.45e-01	8.05e-01	4.92e-02	4.69e-04	7.95e-06	0.00e+00	0.00e+00
 3.32506e+17	6.00e-04	1.55e-01	7.97e-01	4.64e-02	4.33e-04	7.01e-06	0.00e+00	0.00e+00
 3.45078e+17	6.90e-04	1.68e-01	7.87e-01	4.33e-02	3.96e-04	6.10e-06	0.00e+00	0.00e+00
 3.56236e+17	7.84e-04	1.81e-01	7.77e-01	4.05e-02	3.67e-04	5.35e-06	0.00e+00	0.00e+00
 3.66110e+17	8.83e-04	1.94e-01	7.67e-01	3.81e-02	3.41e-04	4.73e-06	0.00e+00	0.00e+00
 3.77083e+17	1.02e-03	2.10e-01	7.54e-01	3.52e-02	3.13e-04	4.07e-06	0.00e+00	0.00e+00
 3.88666e+17	1.18e-03	2.28e-01	7.38e-01	3.21e-02	2.85e-04	3.44e-06	0.00e+00	0.00e+00
 3.98413e+17	1.35e-03	2.46e-01	7.23e-01	2.96e-02	2.61e-04	2.95e-06	0.00e+00	0.00e+00
 4.06966e+17	1.53e-03	2.63e-01	7.08e-01	2.73e-02	2.41e-04	2.55e-06	0.00e+00	0.00e+00
 4.16600e+17	1.78e-03	2.85e-01	6.88e-01	2.46e-02	2.18e-04	2.13e-06	0.00e+00	0.00e+00
 4.26973e+17	2.09e-03	3.12e-01	6.64e-01	2.18e-02	1.94e-04	1.72e-06	0.00e+00	0.00e+00
 4.36046e+17	2.43e-03	3.38e-01	6.40e-01	1.93e-02	1.73e-04	1.41e-06	0.00e+00	0.00e+00
 4.44147e+17	2.81e-03	3.64e-01	6.16e-01	1.71e-02	1.54e-04	1.15e-06	0.00e+00	0.00e+00
 4.53250e+17	3.33e-03	3.97e-01	5.85e-01	1.47e-02	1.34e-04	8.98e-07	0.00e+00	0.00e+00
 4.62544e+17	3.98e-03	4.34e-01	5.49e-01	1.23e-02	1.14e-04	0.00e+00	0.00e+00	0.00e+00
 4.70112e+17	4.64e-03	4.67e-01	5.17e-01	1.05e-02	9.85e-05	0.00e+00	0.00e+00	0.00e+00
 4.77972e+17	5.49e-03	5.06e-01	4.80e-01	8.68e-03	8.27e-05	0.00e+00	0.00e+00	0.00e+00
 4.86519e+17	6.63e-03	5.50e-01	4.36e-01	6.90e-03	6.71e-05	0.00e+00	0.00e+00	0.00e+00
 4.93997e+17	7.90e-03	5.92e-01	3.94e-01	5.46e-03	5.41e-05	0.00e+00	0.00e+00	0.00e+00
 5.00371e+17	9.20e-03	6.30e-01	3.57e-01	4.37e-03	4.42e-05	0.00e+00	0.00e+00	0.00e+00
 5.07269e+17	1.10e-02	6.72e-01	3.13e-01	3.31e-03	3.43e-05	0.00e+00	0.00e+00	0.00e+00
 5.14627e+17	1.33e-02	7.18e-01	2.66e-01	2.37e-03	2.53e-05	0.00e+00	0.00e+00	0.00e+00
 5.20836e+17	1.59e-02	7.57e-01	2.26e-01	1.71e-03	1.87e-05	0.00e+00	0.00e+00	0.00e+00
 5.25605e+17	1.83e-02	7.86e-01	1.95e-01	1.29e-03	1.44e-05	0.00e+00	0.00e+00	0.00e+00
 5.29392e+17	2.05e-02	8.08e-01	1.71e-01	1.01e-03	1.14e-05	0.00e+00	0.00e+00	0.00e+00
 5.33462e+17	2.33e-02	8.30e-01	1.46e-01	7.55e-04	8.72e-06	0.00e+00	0.00e+00	0.00e+00
 5.37759e+17	2.69e-02	8.51e-01	1.22e-01	5.45e-04	6.41e-06	0.00e+00	0.00e+00	0.00e+00
 5.41287e+17	3.03e-02	8.67e-01	1.03e-01	4.06e-04	4.84e-06	0.00e+00	0.00e+00	0.00e+00
 5.44138e+17	3.37e-02	8.78e-01	8.82e-02	3.14e-04	3.77e-06	0.00e+00	0.00e+00	0.00e+00
 5.46771e+17	3.72e-02	8.87e-01	7.59e-02	2.45e-04	2.96e-06	0.00e+00	0.00e+00	0.00e+00
 5.49793e+17	4.20e-02	8.95e-01	6.27e-02	1.80e-04	2.18e-06	0.00e+00	0.00e+00	0.00e+00
 5.52879e+17	4.78e-02	9.01e-01	5.10e-02	1.31e-04	1.57e-06	0.00e+00	0.00e+00	0.00e+00
 5.55296e+17	5.31e-02	9.04e-01	4.27e-02	1.00e-04	1.19e-06	0.00e+00	0.00e+00	0.00e+00
 5.57289e+17	5.83e-02	9.05e-01	3.65e-02	8.02e-05	9.36e-07	0.00e+00	0.00e+00	0.00e+00
 5.59483e+17	6.48e-02	9.05e-01	3.03e-02	6.22e-05	0.00e+00	0.00e+00	0.00e+00	0.00e+00
 5.61859e+17	7.30e-02	9.02e-01	2.46e-02	4.73e-05	0.00e+00	0.00e+00	0.00e+00	0.00e+00
 5.63923e+17	8.14e-02	8.98e-01	2.02e-02	3.73e-05	0.00e+00	0.00e+00	0.00e+00	0.00e+00
 5.65699e+17	8.98e-02	8.93e-01	1.69e-02	3.04e-05	0.00e+00	0.00e+00	0.00e+00	0.00e+00
 5.67650e+17	1.01e-01	8.86e-01	1.36e-02	2.43e-05	0.00e+00	0.00e+00	0.00e+00	0.00e+00
 5.69754e+17	1.14e-01	8.75e-01	1.07e-02	1.93e-05	0.00e+00	0.00e+00	0.00e+00	0.00e+00
 5.71588e+17	1.28e-01	8.64e-01	8.60e-03	1.59e-05	0.00e+00	0.00e+00	0.00e+00	0.00e+00
 5.73165e+17	1.41e-01	8.51e-01	7.03e-03	1.35e-05	0.00e+00	0.00e+00	0.00e+00	0.00e+00
 5.74614e+17	1.56e-01	8.38e-01	5.79e-03	1.17e-05	0.00e+00	0.00e+00	0.00e+00	0.00e+00
 5.75986e+17	1.71e-01	8.24e-01	4.78e-03	1.03e-05	0.00e+00	0.00e+00	0.00e+00	0.00e+00
 5.77261e+17	1.87e-01	8.10e-01	3.97e-03	9.12e-06	0.00e+00	0.00e+00	0.00e+00	0.00e+00
 5.78427e+17	2.02e-01	7.94e-01	3.33e-03	8.21e-06	0.00e+00	0.00e+00	0.00e+00	0.00e+00
 5.79313e+17	2.15e-01	7.82e-01	2.91e-03	7.61e-06	0.00e+00	0.00e+00	0.00e+00	0.00e+00
 5.79895e+17	2.23e-01	7.74e-01	2.67e-03	7.27e-06	0.00e+00	0.00e+00	0.00e+00	0.00e+00
 5.80459e+17	2.33e-01	7.65e-01	2.42e-03	6.89e-06	0.00e+00	0.00e+00	0.00e+00	0.00e+00
 5.81116e+17	2.44e-01	7.54e-01	2.17e-03	6.52e-06	0.00e+00	0.00e+00	0.00e+00	0.00e+00
 5.81802e+17	2.56e-01	7.42e-01	1.94e-03	6.14e-06	0.00e+00	0.00e+00	0.00e+00	0.00e+00
 5.82452e+17	2.68e-01	7.30e-01	1.73e-03	5.81e-06	0.00e+00	0.00e+00	0.00e+00	0.00e+00
 5.83060e+17	2.80e-01	7.18e-01	1.56e-03	5.52e-06	0.00e+00	0.00e+00	0.00e+00	0.00e+00
 5.83657e+17	2.92e-01	7.06e-01	1.40e-03	5.24e-06	0.00e+00	0.00e+00	0.00e+00	0.00e+00
 5.84262e+17	3.05e-01	6.94e-01	1.25e-03	4.97e-06	0.00e+00	0.00e+00	0.00e+00	0.00e+00
 5.84862e+17	3.18e-01	6.81e-01	1.12e-03	4.74e-06	0.00e+00	0.00e+00	0.00e+00	0.00e+00
 5.85456e+17	3.32e-01	6.67e-01	9.98e-04	4.49e-06	0.00e+00	0.00e+00	0.00e+00	0.00e+00
 5.86040e+17	3.46e-01	6.53e-01	8.91e-04	4.27e-06	0.00e+00	0.00e+00	0.00e+00	0.00e+00
 5.86610e+17	3.60e-01	6.39e-01	7.97e-04	4.06e-06	0.00e+00	0.00e+00	0.00e+00	0.00e+00
 5.87176e+17	3.74e-01	6.25e-01	7.11e-04	3.86e-06	0.00e+00	0.00e+00	0.00e+00	0.00e+00
 5.87741e+17	3.89e-01	6.10e-01	6.33e-04	3.67e-06	0.00e+00	0.00e+00	0.00e+00	0.00e+00
 5.88302e+17	4.04e-01	5.95e-01	5.64e-04	3.49e-06	0.00e+00	0.00e+00	0.00e+00	0.00e+00
 5.88856e+17	4.19e-01	5.80e-01	5.02e-04	3.31e-06	0.00e+00	0.00e+00	0.00e+00	0.00e+00
 5.89405e+17	4.35e-01	5.65e-01	4.46e-04	3.14e-06	0.00e+00	0.00e+00	0.00e+00	0.00e+00
 5.89951e+17	4.50e-01	5.49e-01	3.96e-04	2.99e-06	0.00e+00	0.00e+00	0.00e+00	0.00e+00
 5.90494e+17	4.66e-01	5.33e-01	3.52e-04	2.84e-06	0.00e+00	0.00e+00	0.00e+00	0.00e+00
 5.91033e+17	4.82e-01	5.17e-01	3.12e-04	2.69e-06	0.00e+00	0.00e+00	0.00e+00	0.00e+00
 5.91566e+17	4.99e-01	5.01e-01	2.77e-04	2.55e-06	0.00e+00	0.00e+00	0.00e+00	0.00e+00
 5.92098e+17	5.15e-01	4.85e-01	2.45e-04	2.42e-06	0.00e+00	0.00e+00	0.00e+00	0.00e+00
 5.92629e+17	5.31e-01	4.69e-01	2.17e-04	2.30e-06	0.00e+00	0.00e+00	0.00e+00	0.00e+00
 5.93158e+17	5.48e-01	4.52e-01	1.92e-04	2.17e-06	0.00e+00	0.00e+00	0.00e+00	0.00e+00
 5.93685e+17	5.64e-01	4.36e-01	1.70e-04	2.06e-06	0.00e+00	0.00e+00	0.00e+00	0.00e+00
 5.94211e+17	5.80e-01	4.19e-01	1.51e-04	1.94e-06	0.00e+00	0.00e+00	0.00e+00	0.00e+00
 5.94736e+17	5.97e-01	4.03e-01	1.33e-04	1.84e-06	0.00e+00	0.00e+00	0.00e+00	0.00e+00
 5.95253e+17	6.13e-01	3.87e-01	1.18e-04	1.74e-06	0.00e+00	0.00e+00	0.00e+00	0.00e+00
 5.95764e+17	6.28e-01	3.72e-01	1.05e-04	1.64e-06	0.00e+00	0.00e+00	0.00e+00	0.00e+00
 5.96269e+17	6.44e-01	3.56e-01	9.34e-05	1.55e-06	0.00e+00	0.00e+00	0.00e+00	0.00e+00
 5.96771e+17	6.59e-01	3.41e-01	8.34e-05	1.46e-06	0.00e+00	0.00e+00	0.00e+00	0.00e+00
 5.97267e+17	6.74e-01	3.26e-01	7.44e-05	1.38e-06	0.00e+00	0.00e+00	0.00e+00	0.00e+00
 5.97762e+17	6.88e-01	3.12e-01	6.68e-05	1.31e-06	0.00e+00	0.00e+00	0.00e+00	0.00e+00
 5.98274e+17	7.03e-01	2.97e-01	5.95e-05	1.22e-06	0.00e+00	0.00e+00	0.00e+00	0.00e+00
 5.98774e+17	7.16e-01	2.84e-01	5.37e-05	1.16e-06	0.00e+00	0.00e+00	0.00e+00	0.00e+00
 5.99228e+17	7.29e-01	2.71e-01	4.87e-05	1.09e-06	0.00e+00	0.00e+00	0.00e+00	0.00e+00
 5.99687e+17	7.41e-01	2.59e-01	4.42e-05	1.03e-06	0.00e+00	0.00e+00	0.00e+00	0.00e+00
 6.00200e+17	7.54e-01	2.45e-01	4.00e-05	9.69e-07	0.00e+00	0.00e+00	0.00e+00	0.00e+00
 6.00766e+17	7.69e-01	2.31e-01	3.58e-05	0.00e+00	0.00e+00	0.00e+00	0.00e+00	0.00e+00
 6.01280e+17	7.81e-01	2.19e-01	3.27e-05	0.00e+00	0.00e+00	0.00e+00	0.00e+00	0.00e+00
 6.01712e+17	7.91e-01	2.09e-01	3.03e-05	0.00e+00	0.00e+00	0.00e+00	0.00e+00	0.00e+00
 6.02181e+17	8.01e-01	1.99e-01	2.80e-05	0.00e+00	0.00e+00	0.00e+00	0.00e+00	0.00e+00
 6.02725e+17	8.13e-01	1.87e-01	2.56e-05	0.00e+00	0.00e+00	0.00e+00	0.00e+00	0.00e+00
 6.03274e+17	8.25e-01	1.75e-01	2.36e-05	0.00e+00	0.00e+00	0.00e+00	0.00e+00	0.00e+00
 6.03792e+17	8.35e-01	1.65e-01	2.19e-05	0.00e+00	0.00e+00	0.00e+00	0.00e+00	0.00e+00
 6.04327e+17	8.45e-01	1.55e-01	2.02e-05	0.00e+00	0.00e+00	0.00e+00	0.00e+00	0.00e+00
 6.04947e+17	8.55e-01	1.45e-01	1.88e-05	0.00e+00	0.00e+00	0.00e+00	0.00e+00	0.00e+00
 6.05557e+17	8.66e-01	1.34e-01	1.75e-05	0.00e+00	0.00e+00	0.00e+00	0.00e+00	0.00e+00
 6.06123e+17	8.74e-01	1.26e-01	1.64e-05	0.00e+00	0.00e+00	0.00e+00	0.00e+00	0.00e+00
 6.06763e+17	8.83e-01	1.17e-01	1.54e-05	0.00e+00	0.00e+00	0.00e+00	0.00e+00	0.00e+00
 6.07502e+17	8.92e-01	1.08e-01	1.44e-05	0.00e+00	0.00e+00	0.00e+00	0.00e+00	0.00e+00
 6.08280e+17	9.00e-01	1.00e-01	1.35e-05	0.00e+00	0.00e+00	0.00e+00	0.00e+00	0.00e+00
 6.09060e+17	9.07e-01	9.27e-02	1.28e-05	0.00e+00	0.00e+00	0.00e+00	0.00e+00	0.00e+00
 6.09889e+17	9.14e-01	8.63e-02	1.22e-05	0.00e+00	0.00e+00	0.00e+00	0.00e+00	0.00e+00
 6.10810e+17	9.20e-01	7.97e-02	1.16e-05	0.00e+00	0.00e+00	0.00e+00	0.00e+00	0.00e+00
 6.11797e+17	9.26e-01	7.39e-02	1.10e-05	0.00e+00	0.00e+00	0.00e+00	0.00e+00	0.00e+00
 6.12584e+17	9.30e-01	7.02e-02	1.07e-05	0.00e+00	0.00e+00	0.00e+00	0.00e+00	0.00e+00
 6.13104e+17	9.31e-01	6.86e-02	1.05e-05	0.00e+00	0.00e+00	0.00e+00	0.00e+00	0.00e+00
 6.13645e+17	9.34e-01	6.61e-02	1.03e-05	0.00e+00	0.00e+00	0.00e+00	0.00e+00	0.00e+00
 6.14248e+17	9.36e-01	6.40e-02	1.01e-05	0.00e+00	0.00e+00	0.00e+00	0.00e+00	0.00e+00
 6.14931e+17	9.39e-01	6.12e-02	9.83e-06	0.00e+00	0.00e+00	0.00e+00	0.00e+00	0.00e+00
 6.15653e+17	9.41e-01	5.87e-02	9.60e-06	0.00e+00	0.00e+00	0.00e+00	0.00e+00	0.00e+00
 6.16301e+17	9.43e-01	5.69e-02	9.46e-06	0.00e+00	0.00e+00	0.00e+00	0.00e+00	0.00e+00
 6.17003e+17	9.45e-01	5.47e-02	9.24e-06	0.00e+00	0.00e+00	0.00e+00	0.00e+00	0.00e+00
 6.17746e+17	9.48e-01	5.25e-02	9.03e-06	0.00e+00	0.00e+00	0.00e+00	0.00e+00	0.00e+00
 6.18421e+17	9.49e-01	5.11e-02	8.91e-06	0.00e+00	0.00e+00	0.00e+00	0.00e+00	0.00e+00
 6.19158e+17	9.51e-01	4.88e-02	8.69e-06	0.00e+00	0.00e+00	0.00e+00	0.00e+00	0.00e+00
 6.19904e+17	9.53e-01	4.67e-02	8.49e-06	0.00e+00	0.00e+00	0.00e+00	0.00e+00	0.00e+00
 6.20501e+17	9.54e-01	4.61e-02	8.42e-06	0.00e+00	0.00e+00	0.00e+00	0.00e+00	0.00e+00
 6.21117e+17	9.54e-01	4.59e-02	8.39e-06	0.00e+00	0.00e+00	0.00e+00	0.00e+00	0.00e+00
 6.21918e+17	9.56e-01	4.42e-02	8.26e-06	0.00e+00	0.00e+00	0.00e+00	0.00e+00	0.00e+00
 6.22882e+17	9.58e-01	4.17e-02	8.02e-06	0.00e+00	0.00e+00	0.00e+00	0.00e+00	0.00e+00
 6.23703e+17	9.60e-01	3.99e-02	7.83e-06	0.00e+00	0.00e+00	0.00e+00	0.00e+00	0.00e+00
 6.24261e+17	9.61e-01	3.91e-02	7.76e-06	0.00e+00	0.00e+00	0.00e+00	0.00e+00	0.00e+00
 6.24831e+17	9.62e-01	3.82e-02	7.66e-06	0.00e+00	0.00e+00	0.00e+00	0.00e+00	0.00e+00
 6.25568e+17	9.64e-01	3.62e-02	7.45e-06	0.00e+00	0.00e+00	0.00e+00	0.00e+00	0.00e+00
 6.26276e+17	9.66e-01	3.43e-02	7.27e-06	0.00e+00	0.00e+00	0.00e+00	0.00e+00	0.00e+00
 6.26755e+17	9.66e-01	3.37e-02	7.20e-06	0.00e+00	0.00e+00	0.00e+00	0.00e+00	0.00e+00
 6.27180e+17	9.67e-01	3.31e-02	7.13e-06	0.00e+00	0.00e+00	0.00e+00	0.00e+00	0.00e+00
 6.27734e+17	9.69e-01	3.14e-02	6.95e-06	0.00e+00	0.00e+00	0.00e+00	0.00e+00	0.00e+00
 6.28250e+17	9.70e-01	2.98e-02	6.79e-06	0.00e+00	0.00e+00	0.00e+00	0.00e+00	0.00e+00
 6.28592e+17	9.71e-01	2.94e-02	6.73e-06	0.00e+00	0.00e+00	0.00e+00	0.00e+00	0.00e+00
 6.28911e+17	9.71e-01	2.90e-02	6.68e-06	0.00e+00	0.00e+00	0.00e+00	0.00e+00	0.00e+00
 6.29325e+17	9.72e-01	2.76e-02	6.53e-06	0.00e+00	0.00e+00	0.00e+00	0.00e+00	0.00e+00
 6.29716e+17	9.74e-01	2.63e-02	6.38e-06	0.00e+00	0.00e+00	0.00e+00	0.00e+00	0.00e+00
 6.29982e+17	9.74e-01	2.59e-02	6.33e-06	0.00e+00	0.00e+00	0.00e+00	0.00e+00	0.00e+00
 6.30232e+17	9.74e-01	2.55e-02	6.28e-06	0.00e+00	0.00e+00	0.00e+00	0.00e+00	0.00e+00
 6.30558e+17	9.76e-01	2.44e-02	6.14e-06	0.00e+00	0.00e+00	0.00e+00	0.00e+00	0.00e+00
 6.30875e+17	9.77e-01	2.32e-02	6.00e-06	0.00e+00	0.00e+00	0.00e+00	0.00e+00	0.00e+00
 6.31093e+17	9.77e-01	2.28e-02	5.94e-06	0.00e+00	0.00e+00	0.00e+00	0.00e+00	0.00e+00
 6.31289e+17	9.78e-01	2.24e-02	5.89e-06	0.00e+00	0.00e+00	0.00e+00	0.00e+00	0.00e+00
 6.31545e+17	9.79e-01	2.13e-02	5.76e-06	0.00e+00	0.00e+00	0.00e+00	0.00e+00	0.00e+00
 6.31791e+17	9.80e-01	2.03e-02	5.62e-06	0.00e+00	0.00e+00	0.00e+00	0.00e+00	0.00e+00
 6.31966e+17	9.80e-01	1.99e-02	5.56e-06	0.00e+00	0.00e+00	0.00e+00	0.00e+00	0.00e+00
 6.32134e+17	9.80e-01	1.95e-02	5.50e-06	0.00e+00	0.00e+00	0.00e+00	0.00e+00	0.00e+00
 6.32351e+17	9.82e-01	1.82e-02	5.32e-06	0.00e+00	0.00e+00	0.00e+00	0.00e+00	0.00e+00
 6.32544e+17	9.83e-01	1.70e-02	5.14e-06	0.00e+00	0.00e+00	0.00e+00	0.00e+00	0.00e+00
 6.32653e+17	9.83e-01	1.67e-02	5.09e-06	0.00e+00	0.00e+00	0.00e+00	0.00e+00	0.00e+00
 6.32745e+17	9.83e-01	1.65e-02	5.04e-06	0.00e+00	0.00e+00	0.00e+00	0.00e+00	0.00e+00
 6.32864e+17	9.84e-01	1.62e-02	4.99e-06	0.00e+00	0.00e+00	0.00e+00	0.00e+00	0.00e+00
 6.33019e+17	9.85e-01	1.45e-02	4.72e-06	0.00e+00	0.00e+00	0.00e+00	0.00e+00	0.00e+00
 6.33149e+17	9.94e-01	5.66e-03	2.34e-06	0.00e+00	0.00e+00	0.00e+00	0.00e+00	0.00e+00
 6.33228e+17	9.94e-01	5.56e-03	2.30e-06	0.00e+00	0.00e+00	0.00e+00	0.00e+00	0.00e+00
 6.33315e+17	9.95e-01	5.44e-03	2.26e-06	0.00e+00	0.00e+00	0.00e+00	0.00e+00	0.00e+00
 6.33428e+17	9.95e-01	5.24e-03	2.19e-06	0.00e+00	0.00e+00	0.00e+00	0.00e+00	0.00e+00
 6.33550e+17	9.95e-01	4.93e-03	2.07e-06	0.00e+00	0.00e+00	0.00e+00	0.00e+00	0.00e+00
 6.33661e+17	9.95e-01	4.82e-03	2.03e-06	0.00e+00	0.00e+00	0.00e+00	0.00e+00	0.00e+00
 6.33762e+17	9.95e-01	4.72e-03	1.99e-06	0.00e+00	0.00e+00	0.00e+00	0.00e+00	0.00e+00
 6.33854e+17	9.95e-01	4.64e-03	1.96e-06	0.00e+00	0.00e+00	0.00e+00	0.00e+00	0.00e+00
 6.33955e+17	9.95e-01	4.55e-03	1.92e-06	0.00e+00	0.00e+00	0.00e+00	0.00e+00	0.00e+00
 6.34086e+17	9.96e-01	4.39e-03	1.86e-06	0.00e+00	0.00e+00	0.00e+00	0.00e+00	0.00e+00
 6.34228e+17	9.96e-01	4.22e-03	1.80e-06	0.00e+00	0.00e+00	0.00e+00	0.00e+00	0.00e+00
 6.34356e+17	9.96e-01	4.10e-03	1.76e-06	0.00e+00	0.00e+00	0.00e+00	0.00e+00	0.00e+00
 6.34474e+17	9.96e-01	4.03e-03	1.73e-06	0.00e+00	0.00e+00	0.00e+00	0.00e+00	0.00e+00
 6.34602e+17	9.96e-01	3.95e-03	1.70e-06	0.00e+00	0.00e+00	0.00e+00	0.00e+00	0.00e+00
 6.34741e+17	9.96e-01	3.80e-03	1.64e-06	0.00e+00	0.00e+00	0.00e+00	0.00e+00	0.00e+00
 6.34867e+17	9.96e-01	3.72e-03	1.61e-06	0.00e+00	0.00e+00	0.00e+00	0.00e+00	0.00e+00
 6.34981e+17	9.96e-01	3.65e-03	1.59e-06	0.00e+00	0.00e+00	0.00e+00	0.00e+00	0.00e+00
 6.35107e+17	9.96e-01	3.58e-03	1.56e-06	0.00e+00	0.00e+00	0.00e+00	0.00e+00	0.00e+00
 6.35243e+17	9.97e-01	3.45e-03	1.51e-06	0.00e+00	0.00e+00	0.00e+00	0.00e+00	0.00e+00
 6.35367e+17	9.97e-01	3.38e-03	1.49e-06	0.00e+00	0.00e+00	0.00e+00	0.00e+00	0.00e+00
 6.35502e+17	9.97e-01	3.31e-03	1.46e-06	0.00e+00	0.00e+00	0.00e+00	0.00e+00	0.00e+00
 6.35648e+17	9.97e-01	3.19e-03	1.41e-06	0.00e+00	0.00e+00	0.00e+00	0.00e+00	0.00e+00
 6.35781e+17	9.97e-01	3.12e-03	1.39e-06	0.00e+00	0.00e+00	0.00e+00	0.00e+00	0.00e+00
 6.35902e+17	9.97e-01	3.05e-03	1.36e-06	0.00e+00	0.00e+00	0.00e+00	0.00e+00	0.00e+00
 6.36035e+17	9.97e-01	2.98e-03	1.33e-06	0.00e+00	0.00e+00	0.00e+00	0.00e+00	0.00e+00
 6.36178e+17	9.97e-01	2.88e-03	1.29e-06	0.00e+00	0.00e+00	0.00e+00	0.00e+00	0.00e+00
 6.36308e+17	9.97e-01	2.82e-03	1.27e-06	0.00e+00	0.00e+00	0.00e+00	0.00e+00	0.00e+00
 6.36427e+17	9.97e-01	2.76e-03	1.25e-06	0.00e+00	0.00e+00	0.00e+00	0.00e+00	0.00e+00
 6.36557e+17	9.97e-01	2.70e-03	1.23e-06	0.00e+00	0.00e+00	0.00e+00	0.00e+00	0.00e+00
 6.36697e+17	9.97e-01	2.60e-03	1.19e-06	0.00e+00	0.00e+00	0.00e+00	0.00e+00	0.00e+00
 6.36825e+17	9.97e-01	2.55e-03	1.17e-06	0.00e+00	0.00e+00	0.00e+00	0.00e+00	0.00e+00
 6.36941e+17	9.98e-01	2.49e-03	1.15e-06	0.00e+00	0.00e+00	0.00e+00	0.00e+00	0.00e+00
 6.37045e+17	9.98e-01	2.45e-03	1.13e-06	0.00e+00	0.00e+00	0.00e+00	0.00e+00	0.00e+00
###########################
 5.23712e+13	2.81e-05	2.83e-02	6.67e-01	2.87e-01	1.73e-02	4.32e-04	0.00e+00	0.00e+00
 3.14227e+14	2.81e-05	2.83e-02	6.67e-01	2.87e-01	1.72e-02	4.30e-04	7.27e-08	0.00e+00
 1.36165e+15	2.81e-05	2.82e-02	6.68e-01	2.86e-01	1.71e-02	4.25e-04	0.00e+00	0.00e+00
 5.55135e+15	2.83e-05	2.81e-02	6.73e-01	2.82e-01	1.64e-02	4.04e-04	0.00e+00	0.00e+00
 1.32604e+16	2.89e-05	2.80e-02	6.82e-01	2.75e-01	1.51e-02	3.65e-04	0.00e+00	0.00e+00
 2.32821e+16	2.97e-05	2.79e-02	6.93e-01	2.65e-01	1.37e-02	3.25e-04	0.00e+00	0.00e+00
 3.63104e+16	3.07e-05	2.81e-02	7.09e-01	2.50e-01	1.21e-02	2.83e-04	0.00e+00	0.00e+00
 5.32472e+16	3.27e-05	2.89e-02	7.30e-01	2.31e-01	1.02e-02	2.35e-04	0.00e+00	0.00e+00
 7.52650e+16	3.67e-05	3.09e-02	7.56e-01	2.05e-01	7.97e-03	1.82e-04	0.00e+00	0.00e+00
 9.69102e+16	4.21e-05	3.36e-02	7.81e-01	1.79e-01	6.12e-03	1.39e-04	0.00e+00	0.00e+00
 1.12644e+17	4.79e-05	3.64e-02	7.98e-01	1.61e-01	4.96e-03	1.12e-04	0.00e+00	0.00e+00
 1.24357e+17	5.39e-05	3.92e-02	8.09e-01	1.48e-01	4.20e-03	9.43e-05	0.00e+00	0.00e+00
 1.34335e+17	6.04e-05	4.20e-02	8.17e-01	1.38e-01	3.63e-03	8.09e-05	0.00e+00	0.00e+00
 1.43910e+17	6.80e-05	4.52e-02	8.23e-01	1.28e-01	3.14e-03	6.95e-05	0.00e+00	0.00e+00
 1.53427e+17	7.69e-05	4.86e-02	8.29e-01	1.20e-01	2.72e-03	5.97e-05	0.00e+00	0.00e+00
 1.62865e+17	8.70e-05	5.24e-02	8.33e-01	1.12e-01	2.38e-03	5.16e-05	0.00e+00	0.00e+00
 1.73667e+17	1.01e-04	5.71e-02	8.37e-01	1.04e-01	2.02e-03	4.34e-05	0.00e+00	0.00e+00
 1.84953e+17	1.16e-04	6.20e-02	8.39e-01	9.67e-02	1.73e-03	3.67e-05	0.00e+00	0.00e+00
 1.94899e+17	1.32e-04	6.66e-02	8.41e-01	9.10e-02	1.51e-03	3.19e-05	0.00e+00	0.00e+00
 2.05863e+17	1.52e-04	7.22e-02	8.41e-01	8.52e-02	1.31e-03	2.74e-05	0.00e+00	0.00e+00
 2.17897e+17	1.74e-04	7.79e-02	8.41e-01	8.00e-02	1.14e-03	2.37e-05	0.00e+00	0.00e+00
 2.29412e+17	1.98e-04	8.38e-02	8.40e-01	7.54e-02	1.01e-03	2.07e-05	0.00e+00	0.00e+00
 2.42472e+17	2.30e-04	9.10e-02	8.37e-01	7.07e-02	8.78e-04	1.78e-05	0.00e+00	0.00e+00
 2.56312e+17	2.70e-04	9.96e-02	8.34e-01	6.58e-02	7.62e-04	1.51e-05	0.00e+00	0.00e+00
 2.67820e+17	3.04e-04	1.06e-01	8.30e-01	6.26e-02	6.93e-04	1.35e-05	0.00e+00	0.00e+00
 2.79433e+17	3.44e-04	1.14e-01	8.26e-01	5.94e-02	6.30e-04	1.20e-05	0.00e+00	0.00e+00
 2.94532e+17	4.03e-04	1.24e-01	8.19e-01	5.54e-02	5.61e-04	1.03e-05	0.00e+00	0.00e+00
 3.09521e+17	4.70e-04	1.36e-01	8.12e-01	5.18e-02	5.05e-04	8.87e-06	0.00e+00	0.00e+00
 3.20965e+17	5.29e-04	1.45e-01	8.05e-01	4.91e-02	4.68e-04	7.92e-06	0.00e+00	0.00e+00
 3.32439e+17	6.01e-04	1.56e-01	7.97e-01	4.63e-02	4.32e-04	6.99e-06	0.00e+00	0.00e+00
 3.44953e+17	6.91e-04	1.69e-01	7.87e-01	4.32e-02	3.96e-04	6.08e-06	0.00e+00	0.00e+00
 3.56096e+17	7.86e-04	1.81e-01	7.77e-01	4.05e-02	3.66e-04	5.34e-06	0.00e+00	0.00e+00
 3.65996e+17	8.85e-04	1.94e-01	7.67e-01	3.80e-02	3.41e-04	4.71e-06	0.00e+00	0.00e+00
 3.76999e+17	1.02e-03	2.10e-01	7.54e-01	3.51e-02	3.12e-04	4.05e-06	0.00e+00	0.00e+00
 3.88562e+17	1.19e-03	2.29e-01	7.38e-01	3.21e-02	2.84e-04	3.42e-06	0.00e+00	0.00e+00
 3.98275e+17	1.36e-03	2.46e-01	7.23e-01	2.95e-02	2.61e-04	2.94e-06	0.00e+00	0.00e+00
 4.06877e+17	1.54e-03	2.64e-01	7.07e-01	2.72e-02	2.40e-04	2.54e-06	0.00e+00	0.00e+00
 4.16615e+17	1.79e-03	2.86e-01	6.87e-01	2.45e-02	2.17e-04	2.11e-06	0.00e+00	0.00e+00
 4.27035e+17	2.11e-03	3.13e-01	6.63e-01	2.16e-02	1.92e-04	1.71e-06	0.00e+00	0.00e+00
 4.36039e+17	2.45e-03	3.39e-01	6.39e-01	1.92e-02	1.72e-04	1.40e-06	0.00e+00	0.00e+00
 4.44114e+17	2.82e-03	3.65e-01	6.15e-01	1.70e-02	1.54e-04	1.14e-06	0.00e+00	0.00e+00
 4.53284e+17	3.35e-03	3.99e-01	5.83e-01	1.46e-02	1.33e-04	8.88e-07	0.00e+00	0.00e+00
 4.62616e+17	4.01e-03	4.36e-01	5.48e-01	1.22e-02	1.13e-04	0.00e+00	0.00e+00	0.00e+00
 4.70169e+17	4.67e-03	4.69e-01	5.16e-01	1.04e-02	9.79e-05	0.00e+00	0.00e+00	0.00e+00
 4.78000e+17	5.53e-03	5.08e-01	4.78e-01	8.60e-03	8.20e-05	0.00e+00	0.00e+00	0.00e+00
 4.86498e+17	6.67e-03	5.52e-01	4.35e-01	6.84e-03	6.65e-05	0.00e+00	0.00e+00	0.00e+00
 4.93929e+17	7.94e-03	5.94e-01	3.93e-01	5.41e-03	5.37e-05	0.00e+00	0.00e+00	0.00e+00
 5.00291e+17	9.26e-03	6.31e-01	3.55e-01	4.33e-03	4.39e-05	0.00e+00	0.00e+00	0.00e+00
 5.07193e+17	1.10e-02	6.74e-01	3.12e-01	3.28e-03	3.40e-05	0.00e+00	0.00e+00	0.00e+00
 5.14550e+17	1.34e-02	7.19e-01	2.65e-01	2.35e-03	2.50e-05	0.00e+00	0.00e+00	0.00e+00
 5.20748e+17	1.60e-02	7.58e-01	2.24e-01	1.69e-03	1.85e-05	0.00e+00	0.00e+00	0.00e+00
 5.25499e+17	1.84e-02	7.87e-01	1.94e-01	1.27e-03	1.42e-05	0.00e+00	0.00e+00	0.00e+00
 5.29268e+17	2.06e-02	8.09e-01	1.70e-01	9.96e-04	1.13e-05	0.00e+00	0.00e+00	0.00e+00
 5.33318e+17	2.35e-02	8.31e-01	1.45e-01	7.46e-04	8.63e-06	0.00e+00	0.00e+00	0.00e+00
 5.37597e+17	2.70e-02	8.52e-01	1.21e-01	5.39e-04	6.34e-06	0.00e+00	0.00e+00	0.00e+00
 5.41117e+17	3.05e-02	8.67e-01	1.02e-01	4.02e-04	4.79e-06	0.00e+00	0.00e+00	0.00e+00
 5.43963e+17	3.38e-02	8.78e-01	8.77e-02	3.10e-04	3.73e-06	0.00e+00	0.00e+00	0.00e+00
 5.46590e+17	3.74e-02	8.87e-01	7.55e-02	2.42e-04	2.93e-06	0.00e+00	0.00e+00	0.00e+00
 5.49603e+17	4.22e-02	8.95e-01	6.24e-02	1.78e-04	2.16e-06	0.00e+00	0.00e+00	0.00e+00
 5.52681e+17	4.80e-02	9.01e-01	5.07e-02	1.29e-04	1.56e-06	0.00e+00	0.00e+00	0.00e+00
 5.55093e+17	5.33e-02	9.04e-01	4.25e-02	9.94e-05	1.18e-06	0.00e+00	0.00e+00	0.00e+00
 5.57084e+17	5.85e-02	9.05e-01	3.63e-02	7.95e-05	9.27e-07	0.00e+00	0.00e+00	0.00e+00
 5.59276e+17	6.51e-02	9.05e-01	3.02e-02	6.17e-05	0.00e+00	0.00e+00	0.00e+00	0.00e+00
 5.61651e+17	7.33e-02	9.02e-01	2.44e-02	4.69e-05	0.00e+00	0.00e+00	0.00e+00	0.00e+00
 5.63713e+17	8.17e-02	8.98e-01	2.00e-02	3.70e-05	0.00e+00	0.00e+00	0.00e+00	0.00e+00
 5.65488e+17	9.01e-02	8.93e-01	1.67e-02	3.02e-05	0.00e+00	0.00e+00	0.00e+00	0.00e+00
 5.67439e+17	1.01e-01	8.85e-01	1.35e-02	2.41e-05	0.00e+00	0.00e+00	0.00e+00	0.00e+00
 5.69542e+17	1.14e-01	8.75e-01	1.07e-02	1.92e-05	0.00e+00	0.00e+00	0.00e+00	0.00e+00
 5.71378e+17	1.28e-01	8.63e-01	8.53e-03	1.58e-05	0.00e+00	0.00e+00	0.00e+00	0.00e+00
 5.72952e+17	1.42e-01	8.51e-01	6.97e-03	1.34e-05	0.00e+00	0.00e+00	0.00e+00	0.00e+00
 5.74395e+17	1.56e-01	8.38e-01	5.75e-03	1.16e-05	0.00e+00	0.00e+00	0.00e+00	0.00e+00
 5.75761e+17	1.71e-01	8.24e-01	4.74e-03	1.02e-05	0.00e+00	0.00e+00	0.00e+00	0.00e+00
 5.77032e+17	1.87e-01	8.09e-01	3.94e-03	9.08e-06	0.00e+00	0.00e+00	0.00e+00	0.00e+00
 5.78197e+17	2.03e-01	7.94e-01	3.31e-03	8.18e-06	0.00e+00	0.00e+00	0.00e+00	0.00e+00
 5.79082e+17	2.15e-01	7.82e-01	2.89e-03	7.58e-06	0.00e+00	0.00e+00	0.00e+00	0.00e+00
 5.79663e+17	2.24e-01	7.73e-01	2.65e-03	7.24e-06	0.00e+00	0.00e+00	0.00e+00	0.00e+00
 5.80227e+17	2.33e-01	7.64e-01	2.41e-03	6.87e-06	0.00e+00	0.00e+00	0.00e+00	0.00e+00
 5.80884e+17	2.45e-01	7.53e-01	2.16e-03	6.50e-06	0.00e+00	0.00e+00	0.00e+00	0.00e+00
 5.81569e+17	2.57e-01	7.41e-01	1.92e-03	6.12e-06	0.00e+00	0.00e+00	0.00e+00	0.00e+00
 5.82219e+17	2.69e-01	7.29e-01	1.72e-03	5.79e-06	0.00e+00	0.00e+00	0.00e+00	0.00e+00
 5.82826e+17	2.81e-01	7.18e-01	1.55e-03	5.50e-06	0.00e+00	0.00e+00	0.00e+00	0.00e+00
 5.83423e+17	2.93e-01	7.06e-01	1.39e-03	5.23e-06	0.00e+00	0.00e+00	0.00e+00	0.00e+00
 5.84027e+17	3.06e-01	6.93e-01	1.24e-03	4.95e-06	0.00e+00	0.00e+00	0.00e+00	0.00e+00
 5.84627e+17	3.19e-01	6.80e-01	1.11e-03	4.72e-06	0.00e+00	0.00e+00	0.00e+00	0.00e+00
 5.85220e+17	3.33e-01	6.66e-01	9.91e-04	4.47e-06	0.00e+00	0.00e+00	0.00e+00	0.00e+00
 5.85804e+17	3.47e-01	6.52e-01	8.85e-04	4.25e-06	0.00e+00	0.00e+00	0.00e+00	0.00e+00
 5.86374e+17	3.61e-01	6.38e-01	7.91e-04	4.04e-06	0.00e+00	0.00e+00	0.00e+00	0.00e+00
 5.86939e+17	3.75e-01	6.24e-01	7.06e-04	3.85e-06	0.00e+00	0.00e+00	0.00e+00	0.00e+00
 5.87504e+17	3.90e-01	6.09e-01	6.29e-04	3.66e-06	0.00e+00	0.00e+00	0.00e+00	0.00e+00
 5.88065e+17	4.05e-01	5.94e-01	5.60e-04	3.47e-06	0.00e+00	0.00e+00	0.00e+00	0.00e+00
 5.88619e+17	4.20e-01	5.79e-01	4.98e-04	3.30e-06	0.00e+00	0.00e+00	0.00e+00	0.00e+00
 5.89166e+17	4.36e-01	5.64e-01	4.43e-04	3.13e-06	0.00e+00	0.00e+00	0.00e+00	0.00e+00
 5.89712e+17	4.52e-01	5.48e-01	3.93e-04	2.98e-06	0.00e+00	0.00e+00	0.00e+00	0.00e+00
 5.90256e+17	4.67e-01	5.32e-01	3.49e-04	2.83e-06	0.00e+00	0.00e+00	0.00e+00	0.00e+00
 5.90794e+17	4.84e-01	5.16e-01	3.09e-04	2.68e-06	0.00e+00	0.00e+00	0.00e+00	0.00e+00
 5.91327e+17	5.00e-01	5.00e-01	2.75e-04	2.55e-06	0.00e+00	0.00e+00	0.00e+00	0.00e+00
 5.91858e+17	5.16e-01	4.84e-01	2.43e-04	2.41e-06	0.00e+00	0.00e+00	0.00e+00	0.00e+00
 5.92389e+17	5.32e-01	4.67e-01	2.15e-04	2.29e-06	0.00e+00	0.00e+00	0.00e+00	0.00e+00
 5.92918e+17	5.49e-01	4.51e-01	1.91e-04	2.17e-06	0.00e+00	0.00e+00	0.00e+00	0.00e+00
 5.93445e+17	5.65e-01	4.35e-01	1.69e-04	2.05e-06	0.00e+00	0.00e+00	0.00e+00	0.00e+00
 5.93969e+17	5.81e-01	4.18e-01	1.49e-04	1.94e-06	0.00e+00	0.00e+00	0.00e+00	0.00e+00
 5.94481e+17	5.97e-01	4.03e-01	1.33e-04	1.83e-06	0.00e+00	0.00e+00	0.00e+00	0.00e+00
 5.94984e+17	6.13e-01	3.87e-01	1.18e-04	1.74e-06	0.00e+00	0.00e+00	0.00e+00	0.00e+00
 5.95494e+17	6.29e-01	3.71e-01	1.05e-04	1.64e-06	0.00e+00	0.00e+00	0.00e+00	0.00e+00
 5.96008e+17	6.44e-01	3.56e-01	9.32e-05	1.55e-06	0.00e+00	0.00e+00	0.00e+00	0.00e+00
 5.96510e+17	6.59e-01	3.40e-01	8.30e-05	1.46e-06	0.00e+00	0.00e+00	0.00e+00	0.00e+00
 5.97003e+17	6.74e-01	3.26e-01	7.43e-05	1.38e-06	0.00e+00	0.00e+00	0.00e+00	0.00e+00
 5.97494e+17	6.88e-01	3.12e-01	6.66e-05	1.30e-06	0.00e+00	0.00e+00	0.00e+00	0.00e+00
 5.97985e+17	7.02e-01	2.98e-01	6.00e-05	1.23e-06	0.00e+00	0.00e+00	0.00e+00	0.00e+00
 5.98467e+17	7.16e-01	2.84e-01	5.39e-05	1.16e-06	0.00e+00	0.00e+00	0.00e+00	0.00e+00
 5.98955e+17	7.29e-01	2.71e-01	4.86e-05	1.09e-06	0.00e+00	0.00e+00	0.00e+00	0.00e+00
 5.99455e+17	7.42e-01	2.58e-01	4.39e-05	1.03e-06	0.00e+00	0.00e+00	0.00e+00	0.00e+00
 5.99969e+17	7.56e-01	2.44e-01	3.97e-05	9.64e-07	0.00e+00	0.00e+00	0.00e+00	0.00e+00
 6.00458e+17	7.68e-01	2.32e-01	3.62e-05	0.00e+00	0.00e+00	0.00e+00	0.00e+00	0.00e+00
 6.00909e+17	7.79e-01	2.21e-01	3.33e-05	0.00e+00	0.00e+00	0.00e+00	0.00e+00	0.00e+00
 6.01416e+17	7.91e-01	2.09e-01	3.03e-05	0.00e+00	0.00e+00	0.00e+00	0.00e+00	0.00e+00
 6.01923e+17	8.02e-01	1.98e-01	2.79e-05	0.00e+00	0.00e+00	0.00e+00	0.00e+00	0.00e+00
 6.02395e+17	8.12e-01	1.88e-01	2.58e-05	0.00e+00	0.00e+00	0.00e+00	0.00e+00	0.00e+00
 6.02878e+17	8.22e-01	1.78e-01	2.39e-05	0.00e+00	0.00e+00	0.00e+00	0.00e+00	0.00e+00
 6.03402e+17	8.33e-01	1.67e-01	2.22e-05	0.00e+00	0.00e+00	0.00e+00	0.00e+00	0.00e+00
 6.03963e+17	8.43e-01	1.57e-01	2.06e-05	0.00e+00	0.00e+00	0.00e+00	0.00e+00	0.00e+00
 6.04495e+17	8.53e-01	1.47e-01	1.92e-05	0.00e+00	0.00e+00	0.00e+00	0.00e+00	0.00e+00
 6.05047e+17	8.62e-01	1.38e-01	1.79e-05	0.00e+00	0.00e+00	0.00e+00	0.00e+00	0.00e+00
 6.05660e+17	8.71e-01	1.29e-01	1.67e-05	0.00e+00	0.00e+00	0.00e+00	0.00e+00	0.00e+00
 6.06307e+17	8.80e-01	1.20e-01	1.57e-05	0.00e+00	0.00e+00	0.00e+00	0.00e+00	0.00e+00
 6.06998e+17	8.89e-01	1.11e-01	1.47e-05	0.00e+00	0.00e+00	0.00e+00	0.00e+00	0.00e+00
 6.07739e+17	8.97e-01	1.03e-01	1.38e-05	0.00e+00	0.00e+00	0.00e+00	0.00e+00	0.00e+00
 6.08513e+17	9.05e-01	9.52e-02	1.31e-05	0.00e+00	0.00e+00	0.00e+00	0.00e+00	0.00e+00
 6.09343e+17	9.12e-01	8.81e-02	1.24e-05	0.00e+00	0.00e+00	0.00e+00	0.00e+00	0.00e+00
 6.10255e+17	9.19e-01	8.15e-02	1.17e-05	0.00e+00	0.00e+00	0.00e+00	0.00e+00	0.00e+00
 6.11238e+17	9.25e-01	7.55e-02	1.12e-05	0.00e+00	0.00e+00	0.00e+00	0.00e+00	0.00e+00
 6.12031e+17	9.28e-01	7.15e-02	1.08e-05	0.00e+00	0.00e+00	0.00e+00	0.00e+00	0.00e+00
 6.12549e+17	9.30e-01	6.98e-02	1.06e-05	0.00e+00	0.00e+00	0.00e+00	0.00e+00	0.00e+00
 6.13080e+17	9.33e-01	6.73e-02	1.04e-05	0.00e+00	0.00e+00	0.00e+00	0.00e+00	0.00e+00
 6.13673e+17	9.35e-01	6.52e-02	1.02e-05	0.00e+00	0.00e+00	0.00e+00	0.00e+00	0.00e+00
 6.14346e+17	9.38e-01	6.23e-02	9.93e-06	0.00e+00	0.00e+00	0.00e+00	0.00e+00	0.00e+00
 6.15060e+17	9.40e-01	5.98e-02	9.70e-06	0.00e+00	0.00e+00	0.00e+00	0.00e+00	0.00e+00
 6.15703e+17	9.42e-01	5.80e-02	9.55e-06	0.00e+00	0.00e+00	0.00e+00	0.00e+00	0.00e+00
 6.16402e+17	9.44e-01	5.57e-02	9.33e-06	0.00e+00	0.00e+00	0.00e+00	0.00e+00	0.00e+00
 6.17144e+17	9.47e-01	5.34e-02	9.12e-06	0.00e+00	0.00e+00	0.00e+00	0.00e+00	0.00e+00
 6.17822e+17	9.48e-01	5.20e-02	9.00e-06	0.00e+00	0.00e+00	0.00e+00	0.00e+00	0.00e+00
 6.18566e+17	9.50e-01	4.97e-02	8.77e-06	0.00e+00	0.00e+00	0.00e+00	0.00e+00	0.00e+00
 6.19320e+17	9.52e-01	4.75e-02	8.57e-06	0.00e+00	0.00e+00	0.00e+00	0.00e+00	0.00e+00
 6.19927e+17	9.54e-01	4.64e-02	8.46e-06	0.00e+00	0.00e+00	0.00e+00	0.00e+00	0.00e+00
 6.20556e+17	9.54e-01	4.61e-02	8.39e-06	0.00e+00	0.00e+00	0.00e+00	0.00e+00	0.00e+00
 6.21374e+17	9.55e-01	4.46e-02	8.30e-06	0.00e+00	0.00e+00	0.00e+00	0.00e+00	0.00e+00
 6.22437e+17	9.58e-01	4.21e-02	8.05e-06	0.00e+00	0.00e+00	0.00e+00	0.00e+00	0.00e+00
 6.23395e+17	9.60e-01	4.01e-02	7.84e-06	0.00e+00	0.00e+00	0.00e+00	0.00e+00	0.00e+00
 6.24010e+17	9.61e-01	3.91e-02	7.75e-06	0.00e+00	0.00e+00	0.00e+00	0.00e+00	0.00e+00
 6.24603e+17	9.62e-01	3.81e-02	7.65e-06	0.00e+00	0.00e+00	0.00e+00	0.00e+00	0.00e+00
 6.25318e+17	9.64e-01	3.61e-02	7.45e-06	0.00e+00	0.00e+00	0.00e+00	0.00e+00	0.00e+00
 6.25958e+17	9.65e-01	3.46e-02	7.28e-06	0.00e+00	0.00e+00	0.00e+00	0.00e+00	0.00e+00
 6.26413e+17	9.66e-01	3.38e-02	7.21e-06	0.00e+00	0.00e+00	0.00e+00	0.00e+00	0.00e+00
 6.26862e+17	9.67e-01	3.31e-02	7.13e-06	0.00e+00	0.00e+00	0.00e+00	0.00e+00	0.00e+00
 6.27445e+17	9.69e-01	3.14e-02	6.95e-06	0.00e+00	0.00e+00	0.00e+00	0.00e+00	0.00e+00
 6.27980e+17	9.70e-01	2.99e-02	6.79e-06	0.00e+00	0.00e+00	0.00e+00	0.00e+00	0.00e+00
 6.28325e+17	9.71e-01	2.94e-02	6.73e-06	0.00e+00	0.00e+00	0.00e+00	0.00e+00	0.00e+00
 6.28648e+17	9.71e-01	2.89e-02	6.67e-06	0.00e+00	0.00e+00	0.00e+00	0.00e+00	0.00e+00
 6.29068e+17	9.72e-01	2.75e-02	6.52e-06	0.00e+00	0.00e+00	0.00e+00	0.00e+00	0.00e+00
 6.29471e+17	9.74e-01	2.62e-02	6.37e-06	0.00e+00	0.00e+00	0.00e+00	0.00e+00	0.00e+00
 6.29747e+17	9.74e-01	2.59e-02	6.32e-06	0.00e+00	0.00e+00	0.00e+00	0.00e+00	0.00e+00
 6.30003e+17	9.75e-01	2.54e-02	6.26e-06	0.00e+00	0.00e+00	0.00e+00	0.00e+00	0.00e+00
 6.30336e+17	9.76e-01	2.42e-02	6.12e-06	0.00e+00	0.00e+00	0.00e+00	0.00e+00	0.00e+00
 6.30659e+17	9.77e-01	2.30e-02	5.98e-06	0.00e+00	0.00e+00	0.00e+00	0.00e+00	0.00e+00
 6.30879e+17	9.77e-01	2.26e-02	5.92e-06	0.00e+00	0.00e+00	0.00e+00	0.00e+00	0.00e+00
 6.31076e+17	9.78e-01	2.23e-02	5.87e-06	0.00e+00	0.00e+00	0.00e+00	0.00e+00	0.00e+00
 6.31333e+17	9.79e-01	2.12e-02	5.74e-06	0.00e+00	0.00e+00	0.00e+00	0.00e+00	0.00e+00
 6.31582e+17	9.80e-01	2.01e-02	5.60e-06	0.00e+00	0.00e+00	0.00e+00	0.00e+00	0.00e+00
 6.31759e+17	9.80e-01	1.97e-02	5.54e-06	0.00e+00	0.00e+00	0.00e+00	0.00e+00	0.00e+00
 6.31928e+17	9.81e-01	1.93e-02	5.48e-06	0.00e+00	0.00e+00	0.00e+00	0.00e+00	0.00e+00
 6.32148e+17	9.82e-01	1.80e-02	5.29e-06	0.00e+00	0.00e+00	0.00e+00	0.00e+00	0.00e+00
 6.32340e+17	9.84e-01	1.65e-02	5.05e-06	0.00e+00	0.00e+00	0.00e+00	0.00e+00	0.00e+00
 6.32440e+17	9.84e-01	1.62e-02	5.01e-06	0.00e+00	0.00e+00	0.00e+00	0.00e+00	0.00e+00
 6.32514e+17	9.84e-01	1.61e-02	4.98e-06	0.00e+00	0.00e+00	0.00e+00	0.00e+00	0.00e+00
 6.32611e+17	9.84e-01	1.58e-02	4.93e-06	0.00e+00	0.00e+00	0.00e+00	0.00e+00	0.00e+00
 6.32737e+17	9.85e-01	1.52e-02	4.84e-06	0.00e+00	0.00e+00	0.00e+00	0.00e+00	0.00e+00
 6.32891e+17	9.94e-01	5.73e-03	2.37e-06	0.00e+00	0.00e+00	0.00e+00	0.00e+00	0.00e+00
 6.33048e+17	9.95e-01	5.25e-03	2.18e-06	0.00e+00	0.00e+00	0.00e+00	0.00e+00	0.00e+00
 6.33191e+17	9.95e-01	4.98e-03	2.09e-06	0.00e+00	0.00e+00	0.00e+00	0.00e+00	0.00e+00
 6.33322e+17	9.95e-01	4.82e-03	2.03e-06	0.00e+00	0.00e+00	0.00e+00	0.00e+00	0.00e+00
 6.33440e+17	9.95e-01	4.72e-03	1.99e-06	0.00e+00	0.00e+00	0.00e+00	0.00e+00	0.00e+00
 6.33548e+17	9.95e-01	4.62e-03	1.95e-06	0.00e+00	0.00e+00	0.00e+00	0.00e+00	0.00e+00
 6.33647e+17	9.95e-01	4.54e-03	1.92e-06	0.00e+00	0.00e+00	0.00e+00	0.00e+00	0.00e+00
 6.33754e+17	9.96e-01	4.45e-03	1.89e-06	0.00e+00	0.00e+00	0.00e+00	0.00e+00	0.00e+00
 6.33894e+17	9.96e-01	4.28e-03	1.82e-06	0.00e+00	0.00e+00	0.00e+00	0.00e+00	0.00e+00
 6.34045e+17	9.96e-01	4.12e-03	1.77e-06	0.00e+00	0.00e+00	0.00e+00	0.00e+00	0.00e+00
 6.34183e+17	9.96e-01	4.00e-03	1.72e-06	0.00e+00	0.00e+00	0.00e+00	0.00e+00	0.00e+00
 6.34308e+17	9.96e-01	3.92e-03	1.69e-06	0.00e+00	0.00e+00	0.00e+00	0.00e+00	0.00e+00
 6.34445e+17	9.96e-01	3.84e-03	1.66e-06	0.00e+00	0.00e+00	0.00e+00	0.00e+00	0.00e+00
 6.34593e+17	9.96e-01	3.69e-03	1.60e-06	0.00e+00	0.00e+00	0.00e+00	0.00e+00	0.00e+00
 6.34728e+17	9.96e-01	3.61e-03	1.57e-06	0.00e+00	0.00e+00	0.00e+00	0.00e+00	0.00e+00
 6.34850e+17	9.96e-01	3.54e-03	1.54e-06	0.00e+00	0.00e+00	0.00e+00	0.00e+00	0.00e+00
 6.34962e+17	9.97e-01	3.47e-03	1.52e-06	0.00e+00	0.00e+00	0.00e+00	0.00e+00	0.00e+00
 6.35084e+17	9.97e-01	3.40e-03	1.49e-06	0.00e+00	0.00e+00	0.00e+00	0.00e+00	0.00e+00
 6.35216e+17	9.97e-01	3.29e-03	1.45e-06	0.00e+00	0.00e+00	0.00e+00	0.00e+00	0.00e+00
 6.35336e+17	9.97e-01	3.22e-03	1.42e-06	0.00e+00	0.00e+00	0.00e+00	0.00e+00	0.00e+00
 6.35468e+17	9.97e-01	3.15e-03	1.40e-06	0.00e+00	0.00e+00	0.00e+00	0.00e+00	0.00e+00
 6.35610e+17	9.97e-01	3.04e-03	1.36e-06	0.00e+00	0.00e+00	0.00e+00	0.00e+00	0.00e+00
 6.35739e+17	9.97e-01	2.97e-03	1.33e-06	0.00e+00	0.00e+00	0.00e+00	0.00e+00	0.00e+00
 6.35880e+17	9.97e-01	2.91e-03	1.31e-06	0.00e+00	0.00e+00	0.00e+00	0.00e+00	0.00e+00
 6.36033e+17	9.97e-01	2.79e-03	1.26e-06	0.00e+00	0.00e+00	0.00e+00	0.00e+00	0.00e+00
 6.36173e+17	9.97e-01	2.73e-03	1.24e-06	0.00e+00	0.00e+00	0.00e+00	0.00e+00	0.00e+00
 6.36299e+17	9.97e-01	2.67e-03	1.22e-06	0.00e+00	0.00e+00	0.00e+00	0.00e+00	0.00e+00
 6.36414e+17	9.97e-01	2.62e-03	1.20e-06	0.00e+00	0.00e+00	0.00e+00	0.00e+00	0.00e+00
 6.36541e+17	9.97e-01	2.56e-03	1.17e-06	0.00e+00	0.00e+00	0.00e+00	0.00e+00	0.00e+00
 6.36677e+17	9.98e-01	2.47e-03	1.14e-06	0.00e+00	0.00e+00	0.00e+00	0.00e+00	0.00e+00
 6.36801e+17	9.98e-01	2.42e-03	1.12e-06	0.00e+00	0.00e+00	0.00e+00	0.00e+00	0.00e+00
