#depth	N  1	N  2	N  3	N  4	N  5	N  6	N  7	N  8
 2.59470e+14	4.28e-07	1.10e-03	1.59e-01	5.04e-01	2.55e-01	8.05e-02	5.11e-04	0.00e+00
 1.55682e+15	4.27e-07	1.10e-03	1.59e-01	5.05e-01	2.54e-01	8.01e-02	5.08e-04	6.21e-07
 6.74623e+15	4.27e-07	1.12e-03	1.61e-01	5.06e-01	2.52e-01	7.85e-02	4.94e-04	0.00e+00
 2.75039e+16	4.37e-07	1.18e-03	1.69e-01	5.12e-01	2.44e-01	7.29e-02	4.46e-04	0.00e+00
 6.56979e+16	4.84e-07	1.32e-03	1.86e-01	5.24e-01	2.27e-01	6.14e-02	3.49e-04	0.00e+00
 1.05070e+17	5.64e-07	1.49e-03	2.06e-01	5.32e-01	2.09e-01	5.15e-02	2.70e-04	0.00e+00
 1.36361e+17	6.32e-07	1.63e-03	2.22e-01	5.34e-01	1.97e-01	4.55e-02	2.26e-04	0.00e+00
 1.67426e+17	7.13e-07	1.78e-03	2.39e-01	5.34e-01	1.85e-01	4.06e-02	1.94e-04	0.00e+00
 2.07811e+17	8.32e-07	2.00e-03	2.62e-01	5.32e-01	1.69e-01	3.50e-02	1.59e-04	0.00e+00
 2.49294e+17	9.81e-07	2.26e-03	2.91e-01	5.26e-01	1.51e-01	2.94e-02	1.27e-04	0.00e+00
 2.80025e+17	1.11e-06	2.48e-03	3.14e-01	5.19e-01	1.39e-01	2.58e-02	1.08e-04	0.00e+00
 3.02647e+17	1.21e-06	2.65e-03	3.32e-01	5.12e-01	1.30e-01	2.36e-02	9.61e-05	0.00e+00
 3.26908e+17	1.34e-06	2.87e-03	3.52e-01	5.03e-01	1.21e-01	2.13e-02	8.52e-05	0.00e+00
 3.58449e+17	1.53e-06	3.19e-03	3.80e-01	4.90e-01	1.08e-01	1.85e-02	7.22e-05	0.00e+00
 3.88976e+17	1.74e-06	3.52e-03	4.09e-01	4.75e-01	9.62e-02	1.60e-02	6.06e-05	0.00e+00
 4.10974e+17	1.92e-06	3.78e-03	4.32e-01	4.62e-01	8.78e-02	1.43e-02	5.33e-05	0.00e+00
 4.29273e+17	2.08e-06	4.02e-03	4.50e-01	4.52e-01	8.12e-02	1.31e-02	4.80e-05	0.00e+00
 4.49976e+17	2.31e-06	4.36e-03	4.72e-01	4.38e-01	7.34e-02	1.16e-02	4.19e-05	0.00e+00
 4.71863e+17	2.67e-06	4.83e-03	5.00e-01	4.21e-01	6.43e-02	9.88e-03	3.43e-05	0.00e+00
 4.88931e+17	2.93e-06	5.17e-03	5.19e-01	4.08e-01	5.82e-02	8.82e-03	3.00e-05	0.00e+00
 5.02604e+17	3.18e-06	5.48e-03	5.35e-01	3.98e-01	5.36e-02	8.01e-03	2.68e-05	0.00e+00
 5.18226e+17	3.55e-06	5.92e-03	5.54e-01	3.85e-01	4.81e-02	7.07e-03	2.29e-05	0.00e+00
 5.34928e+17	4.05e-06	6.47e-03	5.75e-01	3.70e-01	4.23e-02	6.10e-03	1.90e-05	0.00e+00
 5.49112e+17	4.53e-06	6.98e-03	5.93e-01	3.57e-01	3.79e-02	5.36e-03	1.61e-05	0.00e+00
 5.61387e+17	5.09e-06	7.54e-03	6.09e-01	3.45e-01	3.41e-02	4.72e-03	1.37e-05	0.00e+00
 5.73217e+17	5.76e-06	8.16e-03	6.25e-01	3.32e-01	3.05e-02	4.14e-03	1.14e-05	0.00e+00
 5.84805e+17	6.51e-06	8.84e-03	6.40e-01	3.20e-01	2.73e-02	3.64e-03	9.59e-06	0.00e+00
 5.97964e+17	7.58e-06	9.73e-03	6.57e-01	3.06e-01	2.40e-02	3.11e-03	7.75e-06	0.00e+00
 6.11787e+17	8.95e-06	1.08e-02	6.75e-01	2.90e-01	2.09e-02	2.63e-03	6.11e-06	0.00e+00
 6.23441e+17	1.04e-05	1.18e-02	6.90e-01	2.77e-01	1.85e-02	2.26e-03	4.95e-06	0.00e+00
 6.35561e+17	1.22e-05	1.31e-02	7.05e-01	2.64e-01	1.63e-02	1.94e-03	3.96e-06	0.00e+00
 6.49227e+17	1.47e-05	1.46e-02	7.21e-01	2.49e-01	1.42e-02	1.62e-03	3.06e-06	0.00e+00
 6.62447e+17	1.76e-05	1.64e-02	7.35e-01	2.35e-01	1.24e-02	1.37e-03	2.38e-06	0.00e+00
 6.75242e+17	2.11e-05	1.82e-02	7.48e-01	2.22e-01	1.10e-02	1.16e-03	1.87e-06	0.00e+00
 6.85622e+17	2.43e-05	1.98e-02	7.57e-01	2.12e-01	1.00e-02	1.02e-03	1.54e-06	0.00e+00
 6.92883e+17	2.68e-05	2.10e-02	7.63e-01	2.05e-01	9.43e-03	9.28e-04	1.34e-06	0.00e+00
 7.00412e+17	2.96e-05	2.23e-02	7.69e-01	1.99e-01	8.88e-03	8.50e-04	1.18e-06	0.00e+00
 7.10200e+17	3.41e-05	2.43e-02	7.77e-01	1.90e-01	8.16e-03	7.49e-04	9.74e-07	0.00e+00
 7.20380e+17	3.93e-05	2.64e-02	7.84e-01	1.81e-01	7.52e-03	6.60e-04	0.00e+00	0.00e+00
 7.28975e+17	4.40e-05	2.83e-02	7.89e-01	1.75e-01	7.07e-03	5.97e-04	0.00e+00	0.00e+00
 7.38053e+17	4.99e-05	3.05e-02	7.95e-01	1.68e-01	6.62e-03	5.34e-04	0.00e+00	0.00e+00
 7.48086e+17	5.79e-05	3.33e-02	8.01e-01	1.59e-01	6.13e-03	4.69e-04	0.00e+00	0.00e+00
 7.56951e+17	6.54e-05	3.59e-02	8.05e-01	1.53e-01	5.78e-03	4.21e-04	0.00e+00	0.00e+00
 7.64774e+17	7.32e-05	3.84e-02	8.09e-01	1.47e-01	5.48e-03	3.82e-04	0.00e+00	0.00e+00
 7.73651e+17	8.36e-05	4.16e-02	8.13e-01	1.40e-01	5.15e-03	3.40e-04	0.00e+00	0.00e+00
 7.83157e+17	9.66e-05	4.54e-02	8.16e-01	1.33e-01	4.82e-03	2.99e-04	0.00e+00	0.00e+00
 7.91289e+17	1.10e-04	4.91e-02	8.19e-01	1.27e-01	4.56e-03	2.67e-04	0.00e+00	0.00e+00
 7.98319e+17	1.23e-04	5.26e-02	8.21e-01	1.21e-01	4.34e-03	2.42e-04	0.00e+00	0.00e+00
 8.06110e+17	1.40e-04	5.69e-02	8.23e-01	1.15e-01	4.10e-03	2.15e-04	0.00e+00	0.00e+00
 8.14584e+17	1.62e-04	6.23e-02	8.25e-01	1.09e-01	3.85e-03	1.89e-04	0.00e+00	0.00e+00
 8.21974e+17	1.85e-04	6.76e-02	8.25e-01	1.03e-01	3.64e-03	1.67e-04	0.00e+00	0.00e+00
 8.28302e+17	2.08e-04	7.26e-02	8.25e-01	9.81e-02	3.46e-03	1.50e-04	0.00e+00	0.00e+00
 8.35226e+17	2.37e-04	7.88e-02	8.25e-01	9.25e-02	3.27e-03	1.33e-04	0.00e+00	0.00e+00
 8.42751e+17	2.76e-04	8.64e-02	8.24e-01	8.64e-02	3.06e-03	1.15e-04	0.00e+00	0.00e+00
 8.49289e+17	3.17e-04	9.41e-02	8.22e-01	8.11e-02	2.88e-03	1.01e-04	0.00e+00	0.00e+00
 8.54867e+17	3.58e-04	1.01e-01	8.19e-01	7.65e-02	2.72e-03	8.97e-05	0.00e+00	0.00e+00
 8.60966e+17	4.10e-04	1.10e-01	8.15e-01	7.15e-02	2.56e-03	7.84e-05	0.00e+00	0.00e+00
 8.67622e+17	4.80e-04	1.21e-01	8.10e-01	6.59e-02	2.37e-03	6.69e-05	0.00e+00	0.00e+00
 8.73442e+17	5.56e-04	1.33e-01	8.03e-01	6.11e-02	2.21e-03	5.77e-05	0.00e+00	0.00e+00
 8.78411e+17	6.32e-04	1.43e-01	7.97e-01	5.69e-02	2.08e-03	5.05e-05	0.00e+00	0.00e+00
 8.83837e+17	7.31e-04	1.56e-01	7.88e-01	5.24e-02	1.93e-03	4.34e-05	0.00e+00	0.00e+00
 8.89792e+17	8.64e-04	1.73e-01	7.77e-01	4.75e-02	1.77e-03	3.62e-05	0.00e+00	0.00e+00
 8.95048e+17	1.01e-03	1.90e-01	7.64e-01	4.31e-02	1.63e-03	3.04e-05	0.00e+00	0.00e+00
 8.99561e+17	1.16e-03	2.06e-01	7.52e-01	3.95e-02	1.50e-03	2.59e-05	0.00e+00	0.00e+00
 9.04496e+17	1.36e-03	2.26e-01	7.36e-01	3.55e-02	1.37e-03	2.16e-05	0.00e+00	0.00e+00
 9.09960e+17	1.63e-03	2.51e-01	7.15e-01	3.12e-02	1.23e-03	1.73e-05	0.00e+00	0.00e+00
 9.14870e+17	1.94e-03	2.78e-01	6.92e-01	2.74e-02	1.09e-03	1.39e-05	0.00e+00	0.00e+00
 9.19159e+17	2.27e-03	3.04e-01	6.69e-01	2.43e-02	9.83e-04	1.13e-05	0.00e+00	0.00e+00
 9.23881e+17	2.71e-03	3.35e-01	6.40e-01	2.09e-02	8.64e-04	8.87e-06	0.00e+00	0.00e+00
 9.29024e+17	3.33e-03	3.75e-01	6.04e-01	1.74e-02	7.36e-04	6.60e-06	0.00e+00	0.00e+00
 9.33430e+17	4.02e-03	4.14e-01	5.66e-01	1.45e-02	6.27e-04	4.96e-06	0.00e+00	0.00e+00
 9.37015e+17	4.71e-03	4.50e-01	5.33e-01	1.23e-02	5.42e-04	3.84e-06	0.00e+00	0.00e+00
 9.40821e+17	5.57e-03	4.89e-01	4.95e-01	1.02e-02	4.59e-04	2.88e-06	0.00e+00	0.00e+00
 9.45057e+17	6.77e-03	5.37e-01	4.48e-01	8.09e-03	3.72e-04	2.02e-06	0.00e+00	0.00e+00
 9.48830e+17	8.15e-03	5.84e-01	4.01e-01	6.36e-03	2.98e-04	1.41e-06	0.00e+00	0.00e+00
 9.51964e+17	9.53e-03	6.24e-01	3.61e-01	5.10e-03	2.43e-04	1.01e-06	0.00e+00	0.00e+00
 9.55289e+17	1.13e-02	6.67e-01	3.18e-01	3.95e-03	1.92e-04	6.97e-07	0.00e+00	0.00e+00
 9.58625e+17	1.35e-02	7.12e-01	2.71e-01	2.92e-03	1.44e-04	0.00e+00	0.00e+00	0.00e+00
 9.61086e+17	1.55e-02	7.46e-01	2.36e-01	2.30e-03	1.14e-04	0.00e+00	0.00e+00	0.00e+00
 9.62987e+17	1.73e-02	7.70e-01	2.11e-01	1.89e-03	9.35e-05	0.00e+00	0.00e+00	0.00e+00
 9.65050e+17	1.95e-02	7.95e-01	1.84e-01	1.51e-03	7.49e-05	0.00e+00	0.00e+00	0.00e+00
 9.67380e+17	2.24e-02	8.22e-01	1.55e-01	1.15e-03	5.60e-05	0.00e+00	0.00e+00	0.00e+00
 9.69476e+17	2.56e-02	8.45e-01	1.29e-01	8.76e-04	4.18e-05	0.00e+00	0.00e+00	0.00e+00
 9.71183e+17	2.87e-02	8.61e-01	1.09e-01	6.97e-04	3.22e-05	0.00e+00	0.00e+00	0.00e+00
 9.72720e+17	3.19e-02	8.74e-01	9.34e-02	5.65e-04	2.51e-05	0.00e+00	0.00e+00	0.00e+00
 9.74472e+17	3.61e-02	8.86e-01	7.71e-02	4.44e-04	1.86e-05	0.00e+00	0.00e+00	0.00e+00
 9.76354e+17	4.17e-02	8.97e-01	6.07e-02	3.38e-04	1.29e-05	0.00e+00	0.00e+00	0.00e+00
 9.77932e+17	4.76e-02	9.04e-01	4.83e-02	2.67e-04	9.15e-06	0.00e+00	0.00e+00	0.00e+00
 9.79215e+17	5.33e-02	9.07e-01	3.95e-02	2.20e-04	6.77e-06	0.00e+00	0.00e+00	0.00e+00
 9.80588e+17	6.02e-02	9.08e-01	3.17e-02	1.82e-04	4.89e-06	0.00e+00	0.00e+00	0.00e+00
 9.82129e+17	7.01e-02	9.06e-01	2.39e-02	1.45e-04	3.23e-06	0.00e+00	0.00e+00	0.00e+00
 9.83492e+17	8.15e-02	9.00e-01	1.80e-02	1.19e-04	2.13e-06	0.00e+00	0.00e+00	0.00e+00
 9.84558e+17	9.24e-02	8.93e-01	1.41e-02	1.02e-04	1.50e-06	0.00e+00	0.00e+00	0.00e+00
 9.85458e+17	1.03e-01	8.85e-01	1.13e-02	8.94e-05	1.11e-06	0.00e+00	0.00e+00	0.00e+00
 9.86328e+17	1.15e-01	8.76e-01	9.09e-03	7.90e-05	8.16e-07	0.00e+00	0.00e+00	0.00e+00
 9.87171e+17	1.29e-01	8.64e-01	7.24e-03	6.99e-05	0.00e+00	0.00e+00	0.00e+00	0.00e+00
 9.87909e+17	1.43e-01	8.51e-01	5.82e-03	6.26e-05	0.00e+00	0.00e+00	0.00e+00	0.00e+00
 9.88517e+17	1.57e-01	8.38e-01	4.83e-03	5.72e-05	0.00e+00	0.00e+00	0.00e+00	0.00e+00
 9.89047e+17	1.69e-01	8.27e-01	4.09e-03	5.29e-05	0.00e+00	0.00e+00	0.00e+00	0.00e+00
 9.89562e+17	1.83e-01	8.14e-01	3.46e-03	4.90e-05	0.00e+00	0.00e+00	0.00e+00	0.00e+00
 9.89981e+17	1.95e-01	8.02e-01	2.99e-03	4.58e-05	0.00e+00	0.00e+00	0.00e+00	0.00e+00
 9.90250e+17	2.03e-01	7.94e-01	2.73e-03	4.40e-05	0.00e+00	0.00e+00	0.00e+00	0.00e+00
 9.90485e+17	2.11e-01	7.87e-01	2.53e-03	4.27e-05	0.00e+00	0.00e+00	0.00e+00	0.00e+00
 9.90773e+17	2.20e-01	7.78e-01	2.28e-03	4.08e-05	0.00e+00	0.00e+00	0.00e+00	0.00e+00
 9.91108e+17	2.32e-01	7.66e-01	2.02e-03	3.87e-05	0.00e+00	0.00e+00	0.00e+00	0.00e+00
 9.91422e+17	2.44e-01	7.55e-01	1.80e-03	3.67e-05	0.00e+00	0.00e+00	0.00e+00	0.00e+00
 9.91684e+17	2.54e-01	7.44e-01	1.63e-03	3.52e-05	0.00e+00	0.00e+00	0.00e+00	0.00e+00
 9.91927e+17	2.63e-01	7.35e-01	1.49e-03	3.39e-05	0.00e+00	0.00e+00	0.00e+00	0.00e+00
 9.92197e+17	2.75e-01	7.24e-01	1.35e-03	3.24e-05	0.00e+00	0.00e+00	0.00e+00	0.00e+00
 9.92487e+17	2.87e-01	7.11e-01	1.21e-03	3.09e-05	0.00e+00	0.00e+00	0.00e+00	0.00e+00
 9.92759e+17	3.00e-01	6.99e-01	1.08e-03	2.95e-05	0.00e+00	0.00e+00	0.00e+00	0.00e+00
 9.93004e+17	3.12e-01	6.87e-01	9.85e-04	2.82e-05	0.00e+00	0.00e+00	0.00e+00	0.00e+00
 9.93245e+17	3.23e-01	6.76e-01	9.00e-04	2.72e-05	0.00e+00	0.00e+00	0.00e+00	0.00e+00
 9.93506e+17	3.36e-01	6.63e-01	8.13e-04	2.60e-05	0.00e+00	0.00e+00	0.00e+00	0.00e+00
 9.93777e+17	3.50e-01	6.49e-01	7.31e-04	2.48e-05	0.00e+00	0.00e+00	0.00e+00	0.00e+00
 9.94031e+17	3.63e-01	6.36e-01	6.62e-04	2.37e-05	0.00e+00	0.00e+00	0.00e+00	0.00e+00
 9.94270e+17	3.76e-01	6.24e-01	6.05e-04	2.27e-05	0.00e+00	0.00e+00	0.00e+00	0.00e+00
 9.94514e+17	3.89e-01	6.11e-01	5.51e-04	2.17e-05	0.00e+00	0.00e+00	0.00e+00	0.00e+00
 9.94776e+17	4.03e-01	5.97e-01	5.00e-04	2.08e-05	0.00e+00	0.00e+00	0.00e+00	0.00e+00
 9.95039e+17	4.18e-01	5.82e-01	4.53e-04	1.98e-05	0.00e+00	0.00e+00	0.00e+00	0.00e+00
 9.95289e+17	4.31e-01	5.68e-01	4.16e-04	1.90e-05	0.00e+00	0.00e+00	0.00e+00	0.00e+00
 9.95535e+17	4.45e-01	5.55e-01	3.81e-04	1.82e-05	0.00e+00	0.00e+00	0.00e+00	0.00e+00
 9.95783e+17	4.58e-01	5.41e-01	3.51e-04	1.75e-05	0.00e+00	0.00e+00	0.00e+00	0.00e+00
 9.96028e+17	4.72e-01	5.28e-01	3.23e-04	1.67e-05	0.00e+00	0.00e+00	0.00e+00	0.00e+00
 9.96272e+17	4.85e-01	5.15e-01	2.99e-04	1.61e-05	0.00e+00	0.00e+00	0.00e+00	0.00e+00
 9.96536e+17	4.99e-01	5.01e-01	2.76e-04	1.53e-05	0.00e+00	0.00e+00	0.00e+00	0.00e+00
 9.96815e+17	5.13e-01	4.87e-01	2.56e-04	1.47e-05	0.00e+00	0.00e+00	0.00e+00	0.00e+00
 9.97078e+17	5.27e-01	4.73e-01	2.37e-04	1.40e-05	0.00e+00	0.00e+00	0.00e+00	0.00e+00
 9.97330e+17	5.38e-01	4.62e-01	2.23e-04	1.35e-05	0.00e+00	0.00e+00	0.00e+00	0.00e+00
 9.97609e+17	5.52e-01	4.48e-01	2.08e-04	1.29e-05	0.00e+00	0.00e+00	0.00e+00	0.00e+00
 9.97924e+17	5.65e-01	4.34e-01	1.95e-04	1.24e-05	0.00e+00	0.00e+00	0.00e+00	0.00e+00
 9.98239e+17	5.79e-01	4.21e-01	1.83e-04	1.18e-05	0.00e+00	0.00e+00	0.00e+00	0.00e+00
 9.98548e+17	5.90e-01	4.09e-01	1.73e-04	1.14e-05	0.00e+00	0.00e+00	0.00e+00	0.00e+00
 9.98866e+17	6.02e-01	3.98e-01	1.64e-04	1.09e-05	0.00e+00	0.00e+00	0.00e+00	0.00e+00
 9.99213e+17	6.13e-01	3.87e-01	1.57e-04	1.05e-05	0.00e+00	0.00e+00	0.00e+00	0.00e+00
 9.99612e+17	6.26e-01	3.74e-01	1.49e-04	1.00e-05	0.00e+00	0.00e+00	0.00e+00	0.00e+00
 1.00004e+18	6.37e-01	3.63e-01	1.42e-04	9.65e-06	0.00e+00	0.00e+00	0.00e+00	0.00e+00
 1.00051e+18	6.47e-01	3.53e-01	1.36e-04	9.26e-06	0.00e+00	0.00e+00	0.00e+00	0.00e+00
 1.00106e+18	6.58e-01	3.42e-01	1.31e-04	8.92e-06	0.00e+00	0.00e+00	0.00e+00	0.00e+00
 1.00168e+18	6.67e-01	3.33e-01	1.26e-04	8.58e-06	0.00e+00	0.00e+00	0.00e+00	0.00e+00
 1.00230e+18	6.74e-01	3.25e-01	1.23e-04	8.35e-06	0.00e+00	0.00e+00	0.00e+00	0.00e+00
 1.00291e+18	6.80e-01	3.20e-01	1.20e-04	8.16e-06	0.00e+00	0.00e+00	0.00e+00	0.00e+00
 1.00352e+18	6.84e-01	3.16e-01	1.19e-04	8.02e-06	0.00e+00	0.00e+00	0.00e+00	0.00e+00
 1.00412e+18	6.88e-01	3.12e-01	1.17e-04	7.87e-06	0.00e+00	0.00e+00	0.00e+00	0.00e+00
 1.00480e+18	6.92e-01	3.08e-01	1.15e-04	7.76e-06	0.00e+00	0.00e+00	0.00e+00	0.00e+00
 1.00569e+18	6.96e-01	3.04e-01	1.13e-04	7.58e-06	0.00e+00	0.00e+00	0.00e+00	0.00e+00
 1.00685e+18	7.01e-01	2.99e-01	1.11e-04	7.42e-06	0.00e+00	0.00e+00	0.00e+00	0.00e+00
 1.00835e+18	7.07e-01	2.93e-01	1.09e-04	7.23e-06	0.00e+00	0.00e+00	0.00e+00	0.00e+00
 1.01031e+18	7.15e-01	2.85e-01	1.06e-04	6.96e-06	0.00e+00	0.00e+00	0.00e+00	0.00e+00
 1.01285e+18	7.22e-01	2.78e-01	1.03e-04	6.71e-06	0.00e+00	0.00e+00	0.00e+00	0.00e+00
 1.01615e+18	7.33e-01	2.67e-01	9.87e-05	6.33e-06	0.00e+00	0.00e+00	0.00e+00	0.00e+00
 1.02045e+18	7.47e-01	2.53e-01	9.39e-05	5.90e-06	0.00e+00	0.00e+00	0.00e+00	0.00e+00
 1.02578e+18	7.64e-01	2.36e-01	8.82e-05	5.38e-06	0.00e+00	0.00e+00	0.00e+00	0.00e+00
 1.03127e+18	7.79e-01	2.21e-01	8.30e-05	4.89e-06	0.00e+00	0.00e+00	0.00e+00	0.00e+00
 1.03635e+18	7.93e-01	2.07e-01	7.86e-05	4.47e-06	0.00e+00	0.00e+00	0.00e+00	0.00e+00
 1.04158e+18	8.07e-01	1.92e-01	7.43e-05	4.05e-06	0.00e+00	0.00e+00	0.00e+00	0.00e+00
 1.04642e+18	8.21e-01	1.79e-01	7.02e-05	3.67e-06	0.00e+00	0.00e+00	0.00e+00	0.00e+00
 1.05082e+18	8.29e-01	1.71e-01	6.72e-05	3.44e-06	0.00e+00	0.00e+00	0.00e+00	0.00e+00
 1.05579e+18	8.42e-01	1.58e-01	6.34e-05	3.09e-06	0.00e+00	0.00e+00	0.00e+00	0.00e+00
 1.06096e+18	8.56e-01	1.44e-01	5.96e-05	2.75e-06	0.00e+00	0.00e+00	0.00e+00	0.00e+00
 1.06546e+18	8.67e-01	1.33e-01	5.63e-05	2.47e-06	0.00e+00	0.00e+00	0.00e+00	0.00e+00
 1.06918e+18	8.75e-01	1.25e-01	5.40e-05	2.27e-06	0.00e+00	0.00e+00	0.00e+00	0.00e+00
 1.07309e+18	8.84e-01	1.16e-01	5.15e-05	2.06e-06	0.00e+00	0.00e+00	0.00e+00	0.00e+00
 1.07756e+18	8.96e-01	1.04e-01	4.82e-05	1.80e-06	0.00e+00	0.00e+00	0.00e+00	0.00e+00
 1.08157e+18	9.05e-01	9.46e-02	4.55e-05	1.60e-06	0.00e+00	0.00e+00	0.00e+00	0.00e+00
 1.08484e+18	9.12e-01	8.83e-02	4.39e-05	1.47e-06	0.00e+00	0.00e+00	0.00e+00	0.00e+00
 1.08808e+18	9.19e-01	8.14e-02	4.17e-05	1.32e-06	0.00e+00	0.00e+00	0.00e+00	0.00e+00
 1.09139e+18	9.26e-01	7.40e-02	3.94e-05	1.17e-06	0.00e+00	0.00e+00	0.00e+00	0.00e+00
 1.09367e+18	9.31e-01	6.94e-02	3.80e-05	1.08e-06	0.00e+00	0.00e+00	0.00e+00	0.00e+00
 1.09471e+18	9.31e-01	6.92e-02	3.76e-05	1.07e-06	0.00e+00	0.00e+00	0.00e+00	0.00e+00
 1.09557e+18	9.31e-01	6.86e-02	3.72e-05	1.06e-06	0.00e+00	0.00e+00	0.00e+00	0.00e+00
 1.09668e+18	9.34e-01	6.57e-02	3.64e-05	1.00e-06	0.00e+00	0.00e+00	0.00e+00	0.00e+00
 1.09784e+18	9.37e-01	6.27e-02	3.54e-05	9.48e-07	0.00e+00	0.00e+00	0.00e+00	0.00e+00
 1.09875e+18	9.38e-01	6.15e-02	3.50e-05	0.00e+00	0.00e+00	0.00e+00	0.00e+00	0.00e+00
 1.09958e+18	9.40e-01	6.03e-02	3.45e-05	0.00e+00	0.00e+00	0.00e+00	0.00e+00	0.00e+00
 1.10062e+18	9.41e-01	5.87e-02	3.38e-05	0.00e+00	0.00e+00	0.00e+00	0.00e+00	0.00e+00
 1.10197e+18	9.44e-01	5.62e-02	3.31e-05	0.00e+00	0.00e+00	0.00e+00	0.00e+00	0.00e+00
 1.10329e+18	9.47e-01	5.32e-02	3.21e-05	0.00e+00	0.00e+00	0.00e+00	0.00e+00	0.00e+00
 1.10419e+18	9.48e-01	5.22e-02	3.17e-05	0.00e+00	0.00e+00	0.00e+00	0.00e+00	0.00e+00
 1.10501e+18	9.49e-01	5.09e-02	3.11e-05	0.00e+00	0.00e+00	0.00e+00	0.00e+00	0.00e+00
 1.10601e+18	9.51e-01	4.87e-02	3.03e-05	0.00e+00	0.00e+00	0.00e+00	0.00e+00	0.00e+00
 1.10687e+18	9.53e-01	4.68e-02	2.96e-05	0.00e+00	0.00e+00	0.00e+00	0.00e+00	0.00e+00
 1.10744e+18	9.54e-01	4.63e-02	2.94e-05	0.00e+00	0.00e+00	0.00e+00	0.00e+00	0.00e+00
 1.10799e+18	9.54e-01	4.57e-02	2.91e-05	0.00e+00	0.00e+00	0.00e+00	0.00e+00	0.00e+00
 1.10871e+18	9.56e-01	4.40e-02	2.85e-05	0.00e+00	0.00e+00	0.00e+00	0.00e+00	0.00e+00
 1.10941e+18	9.58e-01	4.22e-02	2.78e-05	0.00e+00	0.00e+00	0.00e+00	0.00e+00	0.00e+00
 1.10989e+18	9.58e-01	4.17e-02	2.75e-05	0.00e+00	0.00e+00	0.00e+00	0.00e+00	0.00e+00
 1.11031e+18	9.59e-01	4.13e-02	2.73e-05	0.00e+00	0.00e+00	0.00e+00	0.00e+00	0.00e+00
 1.11086e+18	9.60e-01	4.03e-02	2.70e-05	0.00e+00	0.00e+00	0.00e+00	0.00e+00	0.00e+00
 1.11148e+18	9.62e-01	3.81e-02	2.61e-05	0.00e+00	0.00e+00	0.00e+00	0.00e+00	0.00e+00
 1.11195e+18	9.63e-01	3.73e-02	2.58e-05	0.00e+00	0.00e+00	0.00e+00	0.00e+00	0.00e+00
 1.11229e+18	9.63e-01	3.72e-02	2.56e-05	0.00e+00	0.00e+00	0.00e+00	0.00e+00	0.00e+00
 1.11273e+18	9.64e-01	3.60e-02	2.51e-05	0.00e+00	0.00e+00	0.00e+00	0.00e+00	0.00e+00
 1.11315e+18	9.65e-01	3.47e-02	2.46e-05	0.00e+00	0.00e+00	0.00e+00	0.00e+00	0.00e+00
 1.11343e+18	9.66e-01	3.44e-02	2.45e-05	0.00e+00	0.00e+00	0.00e+00	0.00e+00	0.00e+00
 1.11370e+18	9.66e-01	3.41e-02	2.43e-05	0.00e+00	0.00e+00	0.00e+00	0.00e+00	0.00e+00
 1.11405e+18	9.67e-01	3.34e-02	2.40e-05	0.00e+00	0.00e+00	0.00e+00	0.00e+00	0.00e+00
 1.11445e+18	9.68e-01	3.16e-02	2.32e-05	0.00e+00	0.00e+00	0.00e+00	0.00e+00	0.00e+00
 1.11475e+18	9.69e-01	3.10e-02	2.30e-05	0.00e+00	0.00e+00	0.00e+00	0.00e+00	0.00e+00
 1.11495e+18	9.69e-01	3.10e-02	2.29e-05	0.00e+00	0.00e+00	0.00e+00	0.00e+00	0.00e+00
 1.11521e+18	9.69e-01	3.05e-02	2.27e-05	0.00e+00	0.00e+00	0.00e+00	0.00e+00	0.00e+00
 1.11552e+18	9.71e-01	2.93e-02	2.22e-05	0.00e+00	0.00e+00	0.00e+00	0.00e+00	0.00e+00
 1.11576e+18	9.72e-01	2.84e-02	2.17e-05	0.00e+00	0.00e+00	0.00e+00	0.00e+00	0.00e+00
 1.11592e+18	9.72e-01	2.83e-02	2.16e-05	0.00e+00	0.00e+00	0.00e+00	0.00e+00	0.00e+00
 1.11607e+18	9.72e-01	2.82e-02	2.15e-05	0.00e+00	0.00e+00	0.00e+00	0.00e+00	0.00e+00
 1.11628e+18	9.72e-01	2.78e-02	2.13e-05	0.00e+00	0.00e+00	0.00e+00	0.00e+00	0.00e+00
 1.11652e+18	9.73e-01	2.67e-02	2.09e-05	0.00e+00	0.00e+00	0.00e+00	0.00e+00	0.00e+00
 1.11674e+18	9.74e-01	2.57e-02	2.04e-05	0.00e+00	0.00e+00	0.00e+00	0.00e+00	0.00e+00
 1.11688e+18	9.75e-01	2.46e-02	1.97e-05	0.00e+00	0.00e+00	0.00e+00	0.00e+00	0.00e+00
 1.11696e+18	9.75e-01	2.46e-02	1.96e-05	0.00e+00	0.00e+00	0.00e+00	0.00e+00	0.00e+00
 1.11702e+18	9.75e-01	2.47e-02	1.96e-05	0.00e+00	0.00e+00	0.00e+00	0.00e+00	0.00e+00
 1.11710e+18	9.75e-01	2.46e-02	1.96e-05	0.00e+00	0.00e+00	0.00e+00	0.00e+00	0.00e+00
 1.11721e+18	9.76e-01	2.44e-02	1.95e-05	0.00e+00	0.00e+00	0.00e+00	0.00e+00	0.00e+00
 1.11734e+18	9.76e-01	2.39e-02	1.93e-05	0.00e+00	0.00e+00	0.00e+00	0.00e+00	0.00e+00
 1.11751e+18	9.78e-01	2.23e-02	1.85e-05	0.00e+00	0.00e+00	0.00e+00	0.00e+00	0.00e+00
 1.11765e+18	9.79e-01	2.08e-02	1.77e-05	0.00e+00	0.00e+00	0.00e+00	0.00e+00	0.00e+00
 1.11773e+18	9.79e-01	2.09e-02	1.76e-05	0.00e+00	0.00e+00	0.00e+00	0.00e+00	0.00e+00
 1.11781e+18	9.79e-01	2.09e-02	1.76e-05	0.00e+00	0.00e+00	0.00e+00	0.00e+00	0.00e+00
 1.11792e+18	9.79e-01	2.06e-02	1.74e-05	0.00e+00	0.00e+00	0.00e+00	0.00e+00	0.00e+00
 1.11806e+18	9.80e-01	1.96e-02	1.69e-05	0.00e+00	0.00e+00	0.00e+00	0.00e+00	0.00e+00
 1.11822e+18	9.84e-01	1.64e-02	1.47e-05	0.00e+00	0.00e+00	0.00e+00	0.00e+00	0.00e+00
 1.11836e+18	9.85e-01	1.50e-02	1.36e-05	0.00e+00	0.00e+00	0.00e+00	0.00e+00	0.00e+00
 1.11848e+18	9.86e-01	1.43e-02	1.30e-05	0.00e+00	0.00e+00	0.00e+00	0.00e+00	0.00e+00
 1.11860e+18	9.86e-01	1.38e-02	1.26e-05	0.00e+00	0.00e+00	0.00e+00	0.00e+00	0.00e+00
 1.11871e+18	9.87e-01	1.33e-02	1.22e-05	0.00e+00	0.00e+00	0.00e+00	0.00e+00	0.00e+00
 1.11880e+18	9.87e-01	1.31e-02	1.20e-05	0.00e+00	0.00e+00	0.00e+00	0.00e+00	0.00e+00
 1.11891e+18	9.87e-01	1.28e-02	1.18e-05	0.00e+00	0.00e+00	0.00e+00	0.00e+00	0.00e+00
 1.11904e+18	9.88e-01	1.21e-02	1.11e-05	0.00e+00	0.00e+00	0.00e+00	0.00e+00	0.00e+00
 1.11919e+18	9.88e-01	1.15e-02	1.06e-05	0.00e+00	0.00e+00	0.00e+00	0.00e+00	0.00e+00
 1.11932e+18	9.89e-01	1.12e-02	1.03e-05	0.00e+00	0.00e+00	0.00e+00	0.00e+00	0.00e+00
 1.11945e+18	9.89e-01	1.11e-02	1.02e-05	0.00e+00	0.00e+00	0.00e+00	0.00e+00	0.00e+00
 1.11958e+18	9.89e-01	1.10e-02	1.01e-05	0.00e+00	0.00e+00	0.00e+00	0.00e+00	0.00e+00
 1.11975e+18	9.90e-01	1.05e-02	9.63e-06	0.00e+00	0.00e+00	0.00e+00	0.00e+00	0.00e+00
 1.11994e+18	9.90e-01	1.01e-02	9.28e-06	0.00e+00	0.00e+00	0.00e+00	0.00e+00	0.00e+00
 1.12011e+18	9.90e-01	9.88e-03	9.07e-06	0.00e+00	0.00e+00	0.00e+00	0.00e+00	0.00e+00
 1.12030e+18	9.90e-01	9.69e-03	8.87e-06	0.00e+00	0.00e+00	0.00e+00	0.00e+00	0.00e+00
 1.12054e+18	9.91e-01	9.30e-03	8.53e-06	0.00e+00	0.00e+00	0.00e+00	0.00e+00	0.00e+00
 1.12080e+18	9.91e-01	8.88e-03	8.20e-06	0.00e+00	0.00e+00	0.00e+00	0.00e+00	0.00e+00
 1.12104e+18	9.91e-01	8.63e-03	7.96e-06	0.00e+00	0.00e+00	0.00e+00	0.00e+00	0.00e+00
 1.12126e+18	9.92e-01	8.47e-03	7.80e-06	0.00e+00	0.00e+00	0.00e+00	0.00e+00	0.00e+00
 1.12150e+18	9.92e-01	8.30e-03	7.64e-06	0.00e+00	0.00e+00	0.00e+00	0.00e+00	0.00e+00
 1.12181e+18	9.92e-01	7.93e-03	7.33e-06	0.00e+00	0.00e+00	0.00e+00	0.00e+00	0.00e+00
 1.12214e+18	9.92e-01	7.53e-03	7.02e-06	0.00e+00	0.00e+00	0.00e+00	0.00e+00	0.00e+00
 1.12245e+18	9.93e-01	7.28e-03	6.77e-06	0.00e+00	0.00e+00	0.00e+00	0.00e+00	0.00e+00
 1.12272e+18	9.93e-01	7.12e-03	6.62e-06	0.00e+00	0.00e+00	0.00e+00	0.00e+00	0.00e+00
 1.12297e+18	9.93e-01	6.97e-03	6.47e-06	0.00e+00	0.00e+00	0.00e+00	0.00e+00	0.00e+00
 1.12317e+18	9.93e-01	6.86e-03	6.35e-06	0.00e+00	0.00e+00	0.00e+00	0.00e+00	0.00e+00
 1.12329e+18	9.93e-01	6.90e-03	6.34e-06	0.00e+00	0.00e+00	0.00e+00	0.00e+00	0.00e+00
 1.12341e+18	9.93e-01	6.92e-03	6.32e-06	0.00e+00	0.00e+00	0.00e+00	0.00e+00	0.00e+00
 1.12356e+18	9.93e-01	6.82e-03	6.26e-06	0.00e+00	0.00e+00	0.00e+00	0.00e+00	0.00e+00
 1.12374e+18	9.93e-01	6.63e-03	6.11e-06	0.00e+00	0.00e+00	0.00e+00	0.00e+00	0.00e+00
 1.12391e+18	9.94e-01	6.49e-03	5.98e-06	0.00e+00	0.00e+00	0.00e+00	0.00e+00	0.00e+00
 1.12405e+18	9.94e-01	6.43e-03	5.92e-06	0.00e+00	0.00e+00	0.00e+00	0.00e+00	0.00e+00
 1.12417e+18	9.94e-01	6.44e-03	5.89e-06	0.00e+00	0.00e+00	0.00e+00	0.00e+00	0.00e+00
 1.12432e+18	9.94e-01	6.35e-03	5.83e-06	0.00e+00	0.00e+00	0.00e+00	0.00e+00	0.00e+00
 1.12449e+18	9.94e-01	6.17e-03	5.69e-06	0.00e+00	0.00e+00	0.00e+00	0.00e+00	0.00e+00
 1.12465e+18	9.94e-01	6.05e-03	5.58e-06	0.00e+00	0.00e+00	0.00e+00	0.00e+00	0.00e+00
 1.12478e+18	9.94e-01	6.00e-03	5.52e-06	0.00e+00	0.00e+00	0.00e+00	0.00e+00	0.00e+00
 1.12489e+18	9.94e-01	6.01e-03	5.50e-06	0.00e+00	0.00e+00	0.00e+00	0.00e+00	0.00e+00
 1.12503e+18	9.94e-01	5.93e-03	5.44e-06	0.00e+00	0.00e+00	0.00e+00	0.00e+00	0.00e+00
 1.12519e+18	9.94e-01	5.77e-03	5.32e-06	0.00e+00	0.00e+00	0.00e+00	0.00e+00	0.00e+00
 1.12537e+18	9.94e-01	5.63e-03	5.20e-06	0.00e+00	0.00e+00	0.00e+00	0.00e+00	0.00e+00
 1.12550e+18	9.94e-01	5.58e-03	5.15e-06	0.00e+00	0.00e+00	0.00e+00	0.00e+00	0.00e+00
 1.12560e+18	9.94e-01	5.61e-03	5.13e-06	0.00e+00	0.00e+00	0.00e+00	0.00e+00	0.00e+00
 1.12571e+18	9.94e-01	5.56e-03	5.10e-06	0.00e+00	0.00e+00	0.00e+00	0.00e+00	0.00e+00
 1.12586e+18	9.95e-01	5.44e-03	5.00e-06	0.00e+00	0.00e+00	0.00e+00	0.00e+00	0.00e+00
 1.12600e+18	9.95e-01	5.31e-03	4.91e-06	0.00e+00	0.00e+00	0.00e+00	0.00e+00	0.00e+00
 1.12608e+18	9.95e-01	5.33e-03	4.90e-06	0.00e+00	0.00e+00	0.00e+00	0.00e+00	0.00e+00
 1.12616e+18	9.95e-01	5.37e-03	4.90e-06	0.00e+00	0.00e+00	0.00e+00	0.00e+00	0.00e+00
 1.12625e+18	9.95e-01	5.32e-03	4.87e-06	0.00e+00	0.00e+00	0.00e+00	0.00e+00	0.00e+00
 1.12638e+18	9.95e-01	5.21e-03	4.79e-06	0.00e+00	0.00e+00	0.00e+00	0.00e+00	0.00e+00
###########################
 2.59470e+14	4.26e-07	1.10e-03	1.59e-01	5.04e-01	2.55e-01	8.06e-02	5.13e-04	0.00e+00
 1.55682e+15	4.24e-07	1.10e-03	1.59e-01	5.05e-01	2.55e-01	8.03e-02	5.10e-04	6.24e-07
 6.74623e+15	4.20e-07	1.10e-03	1.61e-01	5.06e-01	2.53e-01	7.88e-02	4.97e-04	0.00e+00
 2.75039e+16	4.16e-07	1.14e-03	1.68e-01	5.11e-01	2.45e-01	7.39e-02	4.57e-04	0.00e+00
 6.56979e+16	4.45e-07	1.25e-03	1.85e-01	5.23e-01	2.28e-01	6.25e-02	3.60e-04	0.00e+00
 1.05580e+17	4.99e-07	1.38e-03	2.03e-01	5.31e-01	2.11e-01	5.33e-02	2.86e-04	0.00e+00
 1.38931e+17	5.57e-07	1.50e-03	2.19e-01	5.33e-01	1.99e-01	4.70e-02	2.39e-04	0.00e+00
 1.73563e+17	6.35e-07	1.66e-03	2.38e-01	5.34e-01	1.85e-01	4.14e-02	2.02e-04	0.00e+00
 2.12129e+17	7.35e-07	1.86e-03	2.61e-01	5.32e-01	1.69e-01	3.57e-02	1.65e-04	0.00e+00
 2.47175e+17	8.46e-07	2.07e-03	2.84e-01	5.27e-01	1.55e-01	3.10e-02	1.37e-04	0.00e+00
 2.75740e+17	9.46e-07	2.26e-03	3.05e-01	5.21e-01	1.44e-01	2.77e-02	1.19e-04	0.00e+00
 3.00379e+17	1.06e-06	2.46e-03	3.24e-01	5.14e-01	1.34e-01	2.50e-02	1.05e-04	0.00e+00
 3.24558e+17	1.18e-06	2.68e-03	3.44e-01	5.06e-01	1.24e-01	2.26e-02	9.22e-05	0.00e+00
 3.48617e+17	1.31e-06	2.92e-03	3.65e-01	4.96e-01	1.15e-01	2.03e-02	8.12e-05	0.00e+00
 3.72102e+17	1.53e-06	3.27e-03	3.92e-01	4.84e-01	1.04e-01	1.76e-02	6.77e-05	0.00e+00
 3.91678e+17	1.69e-06	3.53e-03	4.12e-01	4.73e-01	9.55e-02	1.59e-02	6.00e-05	0.00e+00
 4.10316e+17	1.86e-06	3.81e-03	4.31e-01	4.62e-01	8.84e-02	1.45e-02	5.39e-05	0.00e+00
 4.34545e+17	2.15e-06	4.24e-03	4.58e-01	4.47e-01	7.87e-02	1.26e-02	4.58e-05	0.00e+00
 4.57606e+17	2.47e-06	4.69e-03	4.84e-01	4.30e-01	6.97e-02	1.09e-02	3.87e-05	0.00e+00
 4.73625e+17	2.73e-06	5.05e-03	5.03e-01	4.18e-01	6.38e-02	9.84e-03	3.41e-05	0.00e+00
 4.86745e+17	2.97e-06	5.38e-03	5.18e-01	4.08e-01	5.91e-02	9.01e-03	3.08e-05	0.00e+00
 5.01618e+17	3.35e-06	5.85e-03	5.37e-01	3.96e-01	5.36e-02	8.02e-03	2.67e-05	0.00e+00
 5.17358e+17	3.80e-06	6.39e-03	5.56e-01	3.82e-01	4.79e-02	7.04e-03	2.27e-05	0.00e+00
 5.30700e+17	4.26e-06	6.91e-03	5.73e-01	3.70e-01	4.34e-02	6.27e-03	1.97e-05	0.00e+00
 5.42420e+17	4.77e-06	7.46e-03	5.88e-01	3.59e-01	3.95e-02	5.61e-03	1.71e-05	0.00e+00
 5.55557e+17	5.51e-06	8.21e-03	6.06e-01	3.45e-01	3.51e-02	4.88e-03	1.42e-05	0.00e+00
 5.69024e+17	6.41e-06	9.07e-03	6.24e-01	3.31e-01	3.10e-02	4.20e-03	1.16e-05	0.00e+00
 5.79963e+17	7.32e-06	9.88e-03	6.39e-01	3.19e-01	2.79e-02	3.70e-03	9.78e-06	0.00e+00
 5.89705e+17	8.38e-06	1.08e-02	6.53e-01	3.08e-01	2.51e-02	3.25e-03	8.19e-06	0.00e+00
 6.00843e+17	9.80e-06	1.19e-02	6.69e-01	2.94e-01	2.23e-02	2.81e-03	6.69e-06	0.00e+00
 6.12950e+17	1.17e-05	1.33e-02	6.85e-01	2.80e-01	1.96e-02	2.39e-03	5.32e-06	0.00e+00
 6.23853e+17	1.38e-05	1.47e-02	6.99e-01	2.67e-01	1.74e-02	2.05e-03	4.28e-06	0.00e+00
 6.34024e+17	1.61e-05	1.62e-02	7.12e-01	2.55e-01	1.55e-02	1.78e-03	3.48e-06	0.00e+00
 6.45700e+17	1.94e-05	1.82e-02	7.26e-01	2.41e-01	1.36e-02	1.51e-03	2.73e-06	0.00e+00
 6.58754e+17	2.40e-05	2.06e-02	7.40e-01	2.26e-01	1.19e-02	1.25e-03	2.08e-06	0.00e+00
 6.68567e+17	2.80e-05	2.26e-02	7.50e-01	2.15e-01	1.07e-02	1.09e-03	1.69e-06	0.00e+00
 6.74412e+17	3.05e-05	2.38e-02	7.55e-01	2.10e-01	1.02e-02	1.01e-03	1.52e-06	0.00e+00
 6.80130e+17	3.38e-05	2.53e-02	7.61e-01	2.03e-01	9.60e-03	9.24e-04	1.33e-06	0.00e+00
 6.87563e+17	3.80e-05	2.71e-02	7.67e-01	1.96e-01	8.94e-03	8.35e-04	1.14e-06	0.00e+00
 6.97227e+17	4.45e-05	2.98e-02	7.75e-01	1.86e-01	8.15e-03	7.26e-04	9.28e-07	0.00e+00
 7.06781e+17	5.19e-05	3.26e-02	7.82e-01	1.77e-01	7.48e-03	6.36e-04	0.00e+00	0.00e+00
 7.14129e+17	5.79e-05	3.48e-02	7.86e-01	1.71e-01	7.07e-03	5.79e-04	0.00e+00	0.00e+00
 7.21619e+17	6.53e-05	3.74e-02	7.91e-01	1.65e-01	6.65e-03	5.23e-04	0.00e+00	0.00e+00
 7.31355e+17	7.72e-05	4.13e-02	7.96e-01	1.56e-01	6.10e-03	4.52e-04	0.00e+00	0.00e+00
 7.40789e+17	9.01e-05	4.53e-02	8.01e-01	1.48e-01	5.66e-03	3.95e-04	0.00e+00	0.00e+00
 7.47793e+17	1.01e-04	4.86e-02	8.04e-01	1.42e-01	5.37e-03	3.57e-04	0.00e+00	0.00e+00
 7.54857e+17	1.14e-04	5.23e-02	8.06e-01	1.36e-01	5.07e-03	3.21e-04	0.00e+00	0.00e+00
 7.62796e+17	1.32e-04	5.69e-02	8.09e-01	1.29e-01	4.76e-03	2.85e-04	0.00e+00	0.00e+00
 7.70135e+17	1.50e-04	6.16e-02	8.11e-01	1.23e-01	4.49e-03	2.53e-04	0.00e+00	0.00e+00
 7.76614e+17	1.69e-04	6.62e-02	8.12e-01	1.17e-01	4.26e-03	2.27e-04	0.00e+00	0.00e+00
 7.83709e+17	1.94e-04	7.20e-02	8.12e-01	1.11e-01	4.01e-03	2.01e-04	0.00e+00	0.00e+00
 7.91243e+17	2.25e-04	7.87e-02	8.12e-01	1.05e-01	3.75e-03	1.76e-04	0.00e+00	0.00e+00
 7.97609e+17	2.57e-04	8.53e-02	8.12e-01	9.92e-02	3.54e-03	1.56e-04	0.00e+00	0.00e+00
 8.03106e+17	2.89e-04	9.16e-02	8.10e-01	9.44e-02	3.36e-03	1.40e-04	0.00e+00	0.00e+00
 8.09211e+17	3.31e-04	9.94e-02	8.08e-01	8.88e-02	3.16e-03	1.23e-04	0.00e+00	0.00e+00
 8.15799e+17	3.85e-04	1.09e-01	8.05e-01	8.28e-02	2.95e-03	1.06e-04	0.00e+00	0.00e+00
 8.21505e+17	4.42e-04	1.18e-01	8.01e-01	7.75e-02	2.77e-03	9.29e-05	0.00e+00	0.00e+00
 8.26454e+17	5.00e-04	1.28e-01	7.96e-01	7.29e-02	2.61e-03	8.21e-05	0.00e+00	0.00e+00
 8.31926e+17	5.78e-04	1.39e-01	7.90e-01	6.77e-02	2.43e-03	7.10e-05	0.00e+00	0.00e+00
 8.37810e+17	6.79e-04	1.53e-01	7.82e-01	6.21e-02	2.25e-03	6.02e-05	0.00e+00	0.00e+00
 8.42887e+17	7.85e-04	1.67e-01	7.73e-01	5.73e-02	2.08e-03	5.16e-05	0.00e+00	0.00e+00
 8.47300e+17	8.95e-04	1.81e-01	7.63e-01	5.30e-02	1.94e-03	4.47e-05	0.00e+00	0.00e+00
 8.52193e+17	1.04e-03	1.98e-01	7.51e-01	4.83e-02	1.79e-03	3.77e-05	0.00e+00	0.00e+00
 8.57491e+17	1.24e-03	2.19e-01	7.35e-01	4.33e-02	1.62e-03	3.10e-05	0.00e+00	0.00e+00
 8.62128e+17	1.45e-03	2.40e-01	7.18e-01	3.90e-02	1.47e-03	2.57e-05	0.00e+00	0.00e+00
 8.66215e+17	1.68e-03	2.61e-01	7.01e-01	3.52e-02	1.34e-03	2.15e-05	0.00e+00	0.00e+00
 8.70772e+17	1.99e-03	2.87e-01	6.79e-01	3.10e-02	1.20e-03	1.73e-05	0.00e+00	0.00e+00
 8.75748e+17	2.42e-03	3.20e-01	6.50e-01	2.66e-02	1.04e-03	1.34e-05	0.00e+00	0.00e+00
 8.80188e+17	2.90e-03	3.53e-01	6.20e-01	2.29e-02	9.10e-04	1.04e-05	0.00e+00	0.00e+00
 8.84078e+17	3.42e-03	3.86e-01	5.90e-01	1.97e-02	7.95e-04	8.17e-06	0.00e+00	0.00e+00
 8.87720e+17	4.02e-03	4.20e-01	5.59e-01	1.68e-02	6.92e-04	6.38e-06	0.00e+00	0.00e+00
 8.91840e+17	4.87e-03	4.62e-01	5.19e-01	1.38e-02	5.79e-04	4.67e-06	0.00e+00	0.00e+00
 8.96163e+17	5.99e-03	5.11e-01	4.72e-01	1.09e-02	4.68e-04	3.25e-06	0.00e+00	0.00e+00
 8.99704e+17	7.16e-03	5.55e-01	4.29e-01	8.78e-03	3.82e-04	2.32e-06	0.00e+00	0.00e+00
 9.02657e+17	8.35e-03	5.94e-01	3.90e-01	7.15e-03	3.16e-04	1.71e-06	0.00e+00	0.00e+00
 9.05890e+17	9.93e-03	6.38e-01	3.46e-01	5.58e-03	2.50e-04	1.18e-06	0.00e+00	0.00e+00
 9.09431e+17	1.21e-02	6.87e-01	2.96e-01	4.11e-03	1.87e-04	7.52e-07	0.00e+00	0.00e+00
 9.12548e+17	1.45e-02	7.31e-01	2.51e-01	3.02e-03	1.39e-04	0.00e+00	0.00e+00	0.00e+00
 9.14893e+17	1.66e-02	7.63e-01	2.18e-01	2.35e-03	1.08e-04	0.00e+00	0.00e+00	0.00e+00
 9.16639e+17	1.85e-02	7.86e-01	1.93e-01	1.92e-03	8.83e-05	0.00e+00	0.00e+00	0.00e+00
 9.18490e+17	2.08e-02	8.10e-01	1.68e-01	1.53e-03	6.98e-05	0.00e+00	0.00e+00	0.00e+00
 9.20539e+17	2.38e-02	8.34e-01	1.41e-01	1.16e-03	5.24e-05	0.00e+00	0.00e+00	0.00e+00
 9.22347e+17	2.70e-02	8.53e-01	1.19e-01	9.05e-04	3.97e-05	0.00e+00	0.00e+00	0.00e+00
 9.23846e+17	2.99e-02	8.67e-01	1.02e-01	7.32e-04	3.12e-05	0.00e+00	0.00e+00	0.00e+00
 9.25443e+17	3.37e-02	8.80e-01	8.52e-02	5.73e-04	2.33e-05	0.00e+00	0.00e+00	0.00e+00
 9.27129e+17	3.84e-02	8.92e-01	6.92e-02	4.42e-04	1.68e-05	0.00e+00	0.00e+00	0.00e+00
 9.28532e+17	4.31e-02	8.99e-01	5.72e-02	3.55e-04	1.25e-05	0.00e+00	0.00e+00	0.00e+00
 9.29718e+17	4.77e-02	9.04e-01	4.80e-02	2.94e-04	9.59e-06	0.00e+00	0.00e+00	0.00e+00
 9.31023e+17	5.37e-02	9.07e-01	3.90e-02	2.39e-04	7.01e-06	0.00e+00	0.00e+00	0.00e+00
 9.32443e+17	6.14e-02	9.08e-01	3.06e-02	1.92e-04	4.87e-06	0.00e+00	0.00e+00	0.00e+00
 9.33692e+17	6.97e-02	9.06e-01	2.42e-02	1.58e-04	3.45e-06	0.00e+00	0.00e+00	0.00e+00
 9.34786e+17	7.83e-02	9.02e-01	1.94e-02	1.34e-04	2.50e-06	0.00e+00	0.00e+00	0.00e+00
 9.35909e+17	8.89e-02	8.96e-01	1.52e-02	1.13e-04	1.76e-06	0.00e+00	0.00e+00	0.00e+00
 9.37073e+17	1.02e-01	8.86e-01	1.16e-02	9.56e-05	1.20e-06	0.00e+00	0.00e+00	0.00e+00
 9.38087e+17	1.16e-01	8.75e-01	9.02e-03	8.25e-05	8.41e-07	0.00e+00	0.00e+00	0.00e+00
 9.38883e+17	1.28e-01	8.64e-01	7.32e-03	7.36e-05	0.00e+00	0.00e+00	0.00e+00	0.00e+00
 9.39545e+17	1.40e-01	8.54e-01	6.11e-03	6.70e-05	0.00e+00	0.00e+00	0.00e+00	0.00e+00
 9.40173e+17	1.53e-01	8.42e-01	5.11e-03	6.13e-05	0.00e+00	0.00e+00	0.00e+00	0.00e+00
 9.40791e+17	1.66e-01	8.29e-01	4.28e-03	5.61e-05	0.00e+00	0.00e+00	0.00e+00	0.00e+00
 9.41369e+17	1.80e-01	8.16e-01	3.59e-03	5.17e-05	0.00e+00	0.00e+00	0.00e+00	0.00e+00
 9.41801e+17	1.92e-01	8.05e-01	3.15e-03	4.86e-05	0.00e+00	0.00e+00	0.00e+00	0.00e+00
 9.42078e+17	1.99e-01	7.98e-01	2.91e-03	4.70e-05	0.00e+00	0.00e+00	0.00e+00	0.00e+00
 9.42348e+17	2.07e-01	7.90e-01	2.66e-03	4.50e-05	0.00e+00	0.00e+00	0.00e+00	0.00e+00
 9.42668e+17	2.16e-01	7.81e-01	2.40e-03	4.30e-05	0.00e+00	0.00e+00	0.00e+00	0.00e+00
 9.43003e+17	2.27e-01	7.71e-01	2.15e-03	4.10e-05	0.00e+00	0.00e+00	0.00e+00	0.00e+00
 9.43318e+17	2.38e-01	7.60e-01	1.93e-03	3.91e-05	0.00e+00	0.00e+00	0.00e+00	0.00e+00
 9.43609e+17	2.47e-01	7.51e-01	1.76e-03	3.76e-05	0.00e+00	0.00e+00	0.00e+00	0.00e+00
 9.43900e+17	2.58e-01	7.40e-01	1.59e-03	3.59e-05	0.00e+00	0.00e+00	0.00e+00	0.00e+00
 9.44199e+17	2.69e-01	7.29e-01	1.44e-03	3.43e-05	0.00e+00	0.00e+00	0.00e+00	0.00e+00
 9.44495e+17	2.81e-01	7.18e-01	1.30e-03	3.28e-05	0.00e+00	0.00e+00	0.00e+00	0.00e+00
 9.44783e+17	2.92e-01	7.06e-01	1.18e-03	3.15e-05	0.00e+00	0.00e+00	0.00e+00	0.00e+00
 9.45069e+17	3.04e-01	6.95e-01	1.07e-03	3.01e-05	0.00e+00	0.00e+00	0.00e+00	0.00e+00
 9.45356e+17	3.16e-01	6.83e-01	9.68e-04	2.88e-05	0.00e+00	0.00e+00	0.00e+00	0.00e+00
 9.45643e+17	3.29e-01	6.70e-01	8.77e-04	2.76e-05	0.00e+00	0.00e+00	0.00e+00	0.00e+00
 9.45929e+17	3.42e-01	6.58e-01	7.95e-04	2.64e-05	0.00e+00	0.00e+00	0.00e+00	0.00e+00
 9.46214e+17	3.55e-01	6.45e-01	7.22e-04	2.53e-05	0.00e+00	0.00e+00	0.00e+00	0.00e+00
 9.46500e+17	3.68e-01	6.32e-01	6.55e-04	2.42e-05	0.00e+00	0.00e+00	0.00e+00	0.00e+00
 9.46788e+17	3.81e-01	6.19e-01	5.96e-04	2.32e-05	0.00e+00	0.00e+00	0.00e+00	0.00e+00
 9.47077e+17	3.94e-01	6.05e-01	5.42e-04	2.22e-05	0.00e+00	0.00e+00	0.00e+00	0.00e+00
 9.47368e+17	4.08e-01	5.91e-01	4.94e-04	2.12e-05	0.00e+00	0.00e+00	0.00e+00	0.00e+00
 9.47663e+17	4.22e-01	5.77e-01	4.51e-04	2.03e-05	0.00e+00	0.00e+00	0.00e+00	0.00e+00
 9.47965e+17	4.36e-01	5.63e-01	4.11e-04	1.94e-05	0.00e+00	0.00e+00	0.00e+00	0.00e+00
 9.48271e+17	4.51e-01	5.48e-01	3.75e-04	1.85e-05	0.00e+00	0.00e+00	0.00e+00	0.00e+00
 9.48569e+17	4.64e-01	5.35e-01	3.47e-04	1.78e-05	0.00e+00	0.00e+00	0.00e+00	0.00e+00
 9.48863e+17	4.78e-01	5.22e-01	3.19e-04	1.70e-05	0.00e+00	0.00e+00	0.00e+00	0.00e+00
 9.49168e+17	4.91e-01	5.09e-01	2.96e-04	1.64e-05	0.00e+00	0.00e+00	0.00e+00	0.00e+00
 9.49495e+17	5.06e-01	4.94e-01	2.73e-04	1.56e-05	0.00e+00	0.00e+00	0.00e+00	0.00e+00
 9.49820e+17	5.19e-01	4.81e-01	2.54e-04	1.50e-05	0.00e+00	0.00e+00	0.00e+00	0.00e+00
 9.50151e+17	5.32e-01	4.68e-01	2.37e-04	1.43e-05	0.00e+00	0.00e+00	0.00e+00	0.00e+00
 9.50492e+17	5.44e-01	4.55e-01	2.22e-04	1.38e-05	0.00e+00	0.00e+00	0.00e+00	0.00e+00
 9.50839e+17	5.57e-01	4.43e-01	2.09e-04	1.32e-05	0.00e+00	0.00e+00	0.00e+00	0.00e+00
 9.51227e+17	5.70e-01	4.30e-01	1.96e-04	1.26e-05	0.00e+00	0.00e+00	0.00e+00	0.00e+00
 9.51631e+17	5.81e-01	4.18e-01	1.86e-04	1.22e-05	0.00e+00	0.00e+00	0.00e+00	0.00e+00
 9.52015e+17	5.92e-01	4.08e-01	1.77e-04	1.18e-05	0.00e+00	0.00e+00	0.00e+00	0.00e+00
 9.52450e+17	6.03e-01	3.97e-01	1.69e-04	1.13e-05	0.00e+00	0.00e+00	0.00e+00	0.00e+00
 9.53016e+17	6.15e-01	3.85e-01	1.60e-04	1.09e-05	0.00e+00	0.00e+00	0.00e+00	0.00e+00
 9.53643e+17	6.26e-01	3.74e-01	1.53e-04	1.04e-05	0.00e+00	0.00e+00	0.00e+00	0.00e+00
 9.54296e+17	6.35e-01	3.65e-01	1.48e-04	1.01e-05	0.00e+00	0.00e+00	0.00e+00	0.00e+00
 9.54980e+17	6.43e-01	3.57e-01	1.43e-04	9.79e-06	0.00e+00	0.00e+00	0.00e+00	0.00e+00
 9.55651e+17	6.49e-01	3.51e-01	1.40e-04	9.57e-06	0.00e+00	0.00e+00	0.00e+00	0.00e+00
 9.56310e+17	6.54e-01	3.46e-01	1.37e-04	9.40e-06	0.00e+00	0.00e+00	0.00e+00	0.00e+00
 9.56962e+17	6.57e-01	3.43e-01	1.35e-04	9.26e-06	0.00e+00	0.00e+00	0.00e+00	0.00e+00
 9.57707e+17	6.61e-01	3.39e-01	1.33e-04	9.09e-06	0.00e+00	0.00e+00	0.00e+00	0.00e+00
 9.58677e+17	6.66e-01	3.33e-01	1.30e-04	8.91e-06	0.00e+00	0.00e+00	0.00e+00	0.00e+00
 9.59937e+17	6.71e-01	3.28e-01	1.28e-04	8.73e-06	0.00e+00	0.00e+00	0.00e+00	0.00e+00
 9.61575e+17	6.78e-01	3.22e-01	1.25e-04	8.49e-06	0.00e+00	0.00e+00	0.00e+00	0.00e+00
 9.63705e+17	6.85e-01	3.15e-01	1.22e-04	8.23e-06	0.00e+00	0.00e+00	0.00e+00	0.00e+00
 9.66473e+17	6.94e-01	3.06e-01	1.17e-04	7.88e-06	0.00e+00	0.00e+00	0.00e+00	0.00e+00
 9.70072e+17	7.05e-01	2.95e-01	1.12e-04	7.47e-06	0.00e+00	0.00e+00	0.00e+00	0.00e+00
 9.74750e+17	7.20e-01	2.80e-01	1.06e-04	6.93e-06	0.00e+00	0.00e+00	0.00e+00	0.00e+00
 9.80541e+17	7.38e-01	2.62e-01	9.93e-05	6.32e-06	0.00e+00	0.00e+00	0.00e+00	0.00e+00
 9.86568e+17	7.55e-01	2.45e-01	9.30e-05	5.75e-06	0.00e+00	0.00e+00	0.00e+00	0.00e+00
 9.91982e+17	7.70e-01	2.30e-01	8.79e-05	5.27e-06	0.00e+00	0.00e+00	0.00e+00	0.00e+00
 9.96940e+17	7.83e-01	2.17e-01	8.35e-05	4.85e-06	0.00e+00	0.00e+00	0.00e+00	0.00e+00
 1.00208e+18	7.97e-01	2.03e-01	7.90e-05	4.43e-06	0.00e+00	0.00e+00	0.00e+00	0.00e+00
 1.00749e+18	8.09e-01	1.91e-01	7.47e-05	4.06e-06	0.00e+00	0.00e+00	0.00e+00	0.00e+00
 1.01287e+18	8.22e-01	1.78e-01	7.05e-05	3.69e-06	0.00e+00	0.00e+00	0.00e+00	0.00e+00
 1.01789e+18	8.34e-01	1.65e-01	6.67e-05	3.34e-06	0.00e+00	0.00e+00	0.00e+00	0.00e+00
 1.02249e+18	8.46e-01	1.54e-01	6.34e-05	3.04e-06	0.00e+00	0.00e+00	0.00e+00	0.00e+00
 1.02700e+18	8.57e-01	1.43e-01	6.02e-05	2.76e-06	0.00e+00	0.00e+00	0.00e+00	0.00e+00
 1.03152e+18	8.68e-01	1.32e-01	5.71e-05	2.49e-06	0.00e+00	0.00e+00	0.00e+00	0.00e+00
 1.03602e+18	8.78e-01	1.22e-01	5.45e-05	2.23e-06	0.00e+00	0.00e+00	0.00e+00	0.00e+00
 1.04026e+18	8.88e-01	1.12e-01	5.14e-05	2.00e-06	0.00e+00	0.00e+00	0.00e+00	0.00e+00
 1.04392e+18	8.96e-01	1.04e-01	4.92e-05	1.82e-06	0.00e+00	0.00e+00	0.00e+00	0.00e+00
 1.04755e+18	9.04e-01	9.64e-02	4.69e-05	1.65e-06	0.00e+00	0.00e+00	0.00e+00	0.00e+00
 1.05158e+18	9.13e-01	8.71e-02	4.40e-05	1.45e-06	0.00e+00	0.00e+00	0.00e+00	0.00e+00
 1.05526e+18	9.21e-01	7.87e-02	4.14e-05	1.28e-06	0.00e+00	0.00e+00	0.00e+00	0.00e+00
 1.05827e+18	9.27e-01	7.34e-02	3.96e-05	1.17e-06	0.00e+00	0.00e+00	0.00e+00	0.00e+00
 1.06030e+18	9.31e-01	6.93e-02	3.82e-05	1.09e-06	0.00e+00	0.00e+00	0.00e+00	0.00e+00
 1.06139e+18	9.31e-01	6.89e-02	3.78e-05	1.08e-06	0.00e+00	0.00e+00	0.00e+00	0.00e+00
 1.06234e+18	9.32e-01	6.78e-02	3.74e-05	1.05e-06	0.00e+00	0.00e+00	0.00e+00	0.00e+00
 1.06359e+18	9.35e-01	6.47e-02	3.63e-05	9.93e-07	0.00e+00	0.00e+00	0.00e+00	0.00e+00
 1.06475e+18	9.38e-01	6.15e-02	3.54e-05	0.00e+00	0.00e+00	0.00e+00	0.00e+00	0.00e+00
 1.06554e+18	9.39e-01	6.07e-02	3.50e-05	0.00e+00	0.00e+00	0.00e+00	0.00e+00	0.00e+00
 1.06632e+18	9.40e-01	5.98e-02	3.46e-05	0.00e+00	0.00e+00	0.00e+00	0.00e+00	0.00e+00
 1.06734e+18	9.42e-01	5.84e-02	3.40e-05	0.00e+00	0.00e+00	0.00e+00	0.00e+00	0.00e+00
 1.06865e+18	9.44e-01	5.57e-02	3.32e-05	0.00e+00	0.00e+00	0.00e+00	0.00e+00	0.00e+00
 1.06997e+18	9.47e-01	5.29e-02	3.22e-05	0.00e+00	0.00e+00	0.00e+00	0.00e+00	0.00e+00
 1.07086e+18	9.48e-01	5.19e-02	3.18e-05	0.00e+00	0.00e+00	0.00e+00	0.00e+00	0.00e+00
 1.07159e+18	9.49e-01	5.13e-02	3.15e-05	0.00e+00	0.00e+00	0.00e+00	0.00e+00	0.00e+00
 1.07253e+18	9.51e-01	4.91e-02	3.07e-05	0.00e+00	0.00e+00	0.00e+00	0.00e+00	0.00e+00
 1.07339e+18	9.53e-01	4.70e-02	2.99e-05	0.00e+00	0.00e+00	0.00e+00	0.00e+00	0.00e+00
 1.07392e+18	9.53e-01	4.65e-02	2.96e-05	0.00e+00	0.00e+00	0.00e+00	0.00e+00	0.00e+00
 1.07440e+18	9.54e-01	4.60e-02	2.94e-05	0.00e+00	0.00e+00	0.00e+00	0.00e+00	0.00e+00
 1.07503e+18	9.55e-01	4.45e-02	2.88e-05	0.00e+00	0.00e+00	0.00e+00	0.00e+00	0.00e+00
 1.07569e+18	9.57e-01	4.29e-02	2.82e-05	0.00e+00	0.00e+00	0.00e+00	0.00e+00	0.00e+00
 1.07620e+18	9.58e-01	4.22e-02	2.80e-05	0.00e+00	0.00e+00	0.00e+00	0.00e+00	0.00e+00
 1.07668e+18	9.58e-01	4.16e-02	2.77e-05	0.00e+00	0.00e+00	0.00e+00	0.00e+00	0.00e+00
 1.07729e+18	9.60e-01	4.00e-02	2.70e-05	0.00e+00	0.00e+00	0.00e+00	0.00e+00	0.00e+00
 1.07785e+18	9.62e-01	3.84e-02	2.64e-05	0.00e+00	0.00e+00	0.00e+00	0.00e+00	0.00e+00
 1.07819e+18	9.62e-01	3.82e-02	2.62e-05	0.00e+00	0.00e+00	0.00e+00	0.00e+00	0.00e+00
 1.07850e+18	9.62e-01	3.78e-02	2.60e-05	0.00e+00	0.00e+00	0.00e+00	0.00e+00	0.00e+00
 1.07890e+18	9.63e-01	3.71e-02	2.58e-05	0.00e+00	0.00e+00	0.00e+00	0.00e+00	0.00e+00
 1.07936e+18	9.64e-01	3.57e-02	2.52e-05	0.00e+00	0.00e+00	0.00e+00	0.00e+00	0.00e+00
 1.07974e+18	9.65e-01	3.50e-02	2.49e-05	0.00e+00	0.00e+00	0.00e+00	0.00e+00	0.00e+00
 1.08006e+18	9.65e-01	3.45e-02	2.47e-05	0.00e+00	0.00e+00	0.00e+00	0.00e+00	0.00e+00
 1.08047e+18	9.67e-01	3.29e-02	2.39e-05	0.00e+00	0.00e+00	0.00e+00	0.00e+00	0.00e+00
 1.08080e+18	9.68e-01	3.21e-02	2.37e-05	0.00e+00	0.00e+00	0.00e+00	0.00e+00	0.00e+00
 1.08103e+18	9.68e-01	3.19e-02	2.35e-05	0.00e+00	0.00e+00	0.00e+00	0.00e+00	0.00e+00
 1.08130e+18	9.69e-01	3.14e-02	2.32e-05	0.00e+00	0.00e+00	0.00e+00	0.00e+00	0.00e+00
 1.08164e+18	9.70e-01	3.01e-02	2.27e-05	0.00e+00	0.00e+00	0.00e+00	0.00e+00	0.00e+00
 1.08192e+18	9.71e-01	2.90e-02	2.22e-05	0.00e+00	0.00e+00	0.00e+00	0.00e+00	0.00e+00
 1.08208e+18	9.71e-01	2.88e-02	2.20e-05	0.00e+00	0.00e+00	0.00e+00	0.00e+00	0.00e+00
 1.08221e+18	9.71e-01	2.88e-02	2.19e-05	0.00e+00	0.00e+00	0.00e+00	0.00e+00	0.00e+00
 1.08238e+18	9.72e-01	2.84e-02	2.17e-05	0.00e+00	0.00e+00	0.00e+00	0.00e+00	0.00e+00
 1.08261e+18	9.72e-01	2.78e-02	2.15e-05	0.00e+00	0.00e+00	0.00e+00	0.00e+00	0.00e+00
 1.08288e+18	9.74e-01	2.63e-02	2.08e-05	0.00e+00	0.00e+00	0.00e+00	0.00e+00	0.00e+00
 1.08308e+18	9.75e-01	2.54e-02	2.03e-05	0.00e+00	0.00e+00	0.00e+00	0.00e+00	0.00e+00
 1.08319e+18	9.75e-01	2.48e-02	1.99e-05	0.00e+00	0.00e+00	0.00e+00	0.00e+00	0.00e+00
 1.08326e+18	9.75e-01	2.46e-02	1.98e-05	0.00e+00	0.00e+00	0.00e+00	0.00e+00	0.00e+00
 1.08334e+18	9.76e-01	2.45e-02	1.97e-05	0.00e+00	0.00e+00	0.00e+00	0.00e+00	0.00e+00
 1.08344e+18	9.76e-01	2.41e-02	1.95e-05	0.00e+00	0.00e+00	0.00e+00	0.00e+00	0.00e+00
 1.08357e+18	9.77e-01	2.34e-02	1.92e-05	0.00e+00	0.00e+00	0.00e+00	0.00e+00	0.00e+00
 1.08371e+18	9.78e-01	2.23e-02	1.86e-05	0.00e+00	0.00e+00	0.00e+00	0.00e+00	0.00e+00
 1.08381e+18	9.78e-01	2.20e-02	1.84e-05	0.00e+00	0.00e+00	0.00e+00	0.00e+00	0.00e+00
 1.08389e+18	9.78e-01	2.18e-02	1.82e-05	0.00e+00	0.00e+00	0.00e+00	0.00e+00	0.00e+00
 1.08399e+18	9.78e-01	2.15e-02	1.81e-05	0.00e+00	0.00e+00	0.00e+00	0.00e+00	0.00e+00
 1.08413e+18	9.80e-01	2.01e-02	1.73e-05	0.00e+00	0.00e+00	0.00e+00	0.00e+00	0.00e+00
 1.08427e+18	9.83e-01	1.68e-02	1.50e-05	0.00e+00	0.00e+00	0.00e+00	0.00e+00	0.00e+00
 1.08441e+18	9.85e-01	1.55e-02	1.40e-05	0.00e+00	0.00e+00	0.00e+00	0.00e+00	0.00e+00
 1.08453e+18	9.86e-01	1.43e-02	1.31e-05	0.00e+00	0.00e+00	0.00e+00	0.00e+00	0.00e+00
 1.08464e+18	9.86e-01	1.39e-02	1.27e-05	0.00e+00	0.00e+00	0.00e+00	0.00e+00	0.00e+00
 1.08474e+18	9.87e-01	1.34e-02	1.23e-05	0.00e+00	0.00e+00	0.00e+00	0.00e+00	0.00e+00
 1.08483e+18	9.87e-01	1.31e-02	1.20e-05	0.00e+00	0.00e+00	0.00e+00	0.00e+00	0.00e+00
 1.08493e+18	9.87e-01	1.27e-02	1.17e-05	0.00e+00	0.00e+00	0.00e+00	0.00e+00	0.00e+00
 1.08504e+18	9.88e-01	1.22e-02	1.12e-05	0.00e+00	0.00e+00	0.00e+00	0.00e+00	0.00e+00
 1.08514e+18	9.88e-01	1.20e-02	1.10e-05	0.00e+00	0.00e+00	0.00e+00	0.00e+00	0.00e+00
 1.08524e+18	9.88e-01	1.17e-02	1.08e-05	0.00e+00	0.00e+00	0.00e+00	0.00e+00	0.00e+00
 1.08538e+18	9.89e-01	1.13e-02	1.04e-05	0.00e+00	0.00e+00	0.00e+00	0.00e+00	0.00e+00
 1.08554e+18	9.89e-01	1.08e-02	9.95e-06	0.00e+00	0.00e+00	0.00e+00	0.00e+00	0.00e+00
 1.08567e+18	9.89e-01	1.06e-02	9.76e-06	0.00e+00	0.00e+00	0.00e+00	0.00e+00	0.00e+00
 1.08582e+18	9.90e-01	1.04e-02	9.56e-06	0.00e+00	0.00e+00	0.00e+00	0.00e+00	0.00e+00
 1.08602e+18	9.90e-01	1.00e-02	9.21e-06	0.00e+00	0.00e+00	0.00e+00	0.00e+00	0.00e+00
 1.08623e+18	9.90e-01	9.56e-03	8.76e-06	0.00e+00	0.00e+00	0.00e+00	0.00e+00	0.00e+00
 1.08643e+18	9.91e-01	9.37e-03	8.58e-06	0.00e+00	0.00e+00	0.00e+00	0.00e+00	0.00e+00
 1.08660e+18	9.91e-01	9.19e-03	8.41e-06	0.00e+00	0.00e+00	0.00e+00	0.00e+00	0.00e+00
 1.08679e+18	9.91e-01	9.03e-03	8.25e-06	0.00e+00	0.00e+00	0.00e+00	0.00e+00	0.00e+00
 1.08704e+18	9.91e-01	8.65e-03	7.94e-06	0.00e+00	0.00e+00	0.00e+00	0.00e+00	0.00e+00
 1.08731e+18	9.92e-01	8.20e-03	7.57e-06	0.00e+00	0.00e+00	0.00e+00	0.00e+00	0.00e+00
 1.08756e+18	9.92e-01	8.02e-03	7.40e-06	0.00e+00	0.00e+00	0.00e+00	0.00e+00	0.00e+00
 1.08778e+18	9.92e-01	7.84e-03	7.22e-06	0.00e+00	0.00e+00	0.00e+00	0.00e+00	0.00e+00
 1.08798e+18	9.92e-01	7.68e-03	7.07e-06	0.00e+00	0.00e+00	0.00e+00	0.00e+00	0.00e+00
 1.08814e+18	9.92e-01	7.55e-03	6.93e-06	0.00e+00	0.00e+00	0.00e+00	0.00e+00	0.00e+00
 1.08825e+18	9.92e-01	7.56e-03	6.90e-06	0.00e+00	0.00e+00	0.00e+00	0.00e+00	0.00e+00
 1.08835e+18	9.92e-01	7.55e-03	6.86e-06	0.00e+00	0.00e+00	0.00e+00	0.00e+00	0.00e+00
 1.08848e+18	9.93e-01	7.41e-03	6.75e-06	0.00e+00	0.00e+00	0.00e+00	0.00e+00	0.00e+00
 1.08862e+18	9.93e-01	7.23e-03	6.61e-06	0.00e+00	0.00e+00	0.00e+00	0.00e+00	0.00e+00
 1.08874e+18	9.93e-01	7.18e-03	6.55e-06	0.00e+00	0.00e+00	0.00e+00	0.00e+00	0.00e+00
 1.08887e+18	9.93e-01	7.06e-03	6.43e-06	0.00e+00	0.00e+00	0.00e+00	0.00e+00	0.00e+00
 1.08901e+18	9.93e-01	6.90e-03	6.31e-06	0.00e+00	0.00e+00	0.00e+00	0.00e+00	0.00e+00
 1.08912e+18	9.93e-01	6.86e-03	6.25e-06	0.00e+00	0.00e+00	0.00e+00	0.00e+00	0.00e+00
 1.08925e+18	9.93e-01	6.80e-03	6.19e-06	0.00e+00	0.00e+00	0.00e+00	0.00e+00	0.00e+00
 1.08941e+18	9.93e-01	6.61e-03	6.04e-06	0.00e+00	0.00e+00	0.00e+00	0.00e+00	0.00e+00
 1.08959e+18	9.94e-01	6.36e-03	5.84e-06	0.00e+00	0.00e+00	0.00e+00	0.00e+00	0.00e+00
 1.08975e+18	9.94e-01	6.26e-03	5.73e-06	0.00e+00	0.00e+00	0.00e+00	0.00e+00	0.00e+00
 1.08988e+18	9.94e-01	6.20e-03	5.68e-06	0.00e+00	0.00e+00	0.00e+00	0.00e+00	0.00e+00
 1.08999e+18	9.94e-01	6.18e-03	5.63e-06	0.00e+00	0.00e+00	0.00e+00	0.00e+00	0.00e+00
 1.09012e+18	9.94e-01	6.07e-03	5.53e-06	0.00e+00	0.00e+00	0.00e+00	0.00e+00	0.00e+00
 1.09025e+18	9.94e-01	5.92e-03	5.42e-06	0.00e+00	0.00e+00	0.00e+00	0.00e+00	0.00e+00
 1.09036e+18	9.94e-01	5.90e-03	5.37e-06	0.00e+00	0.00e+00	0.00e+00	0.00e+00	0.00e+00
 1.09048e+18	9.94e-01	5.84e-03	5.32e-06	0.00e+00	0.00e+00	0.00e+00	0.00e+00	0.00e+00
 1.09063e+18	9.94e-01	5.68e-03	5.19e-06	0.00e+00	0.00e+00	0.00e+00	0.00e+00	0.00e+00
 1.09079e+18	9.95e-01	5.49e-03	5.03e-06	0.00e+00	0.00e+00	0.00e+00	0.00e+00	0.00e+00
 1.09093e+18	9.95e-01	5.41e-03	4.95e-06	0.00e+00	0.00e+00	0.00e+00	0.00e+00	0.00e+00
 1.09104e+18	9.95e-01	5.36e-03	4.90e-06	0.00e+00	0.00e+00	0.00e+00	0.00e+00	0.00e+00
 1.09113e+18	9.95e-01	5.36e-03	4.87e-06	0.00e+00	0.00e+00	0.00e+00	0.00e+00	0.00e+00
###########################
 2.59470e+14	4.26e-07	1.10e-03	1.59e-01	5.04e-01	2.55e-01	8.06e-02	5.13e-04	0.00e+00
 1.55682e+15	4.25e-07	1.10e-03	1.59e-01	5.05e-01	2.55e-01	8.03e-02	5.10e-04	6.24e-07
 6.74623e+15	4.21e-07	1.10e-03	1.61e-01	5.06e-01	2.52e-01	7.88e-02	4.97e-04	0.00e+00
 2.75039e+16	4.16e-07	1.14e-03	1.68e-01	5.11e-01	2.45e-01	7.39e-02	4.57e-04	0.00e+00
 6.56979e+16	4.45e-07	1.25e-03	1.85e-01	5.23e-01	2.28e-01	6.25e-02	3.60e-04	0.00e+00
 1.05582e+17	5.02e-07	1.38e-03	2.04e-01	5.31e-01	2.11e-01	5.31e-02	2.84e-04	0.00e+00
 1.38620e+17	5.57e-07	1.50e-03	2.19e-01	5.33e-01	1.99e-01	4.70e-02	2.39e-04	0.00e+00
 1.72528e+17	6.32e-07	1.66e-03	2.37e-01	5.34e-01	1.86e-01	4.16e-02	2.02e-04	0.00e+00
 2.10826e+17	7.32e-07	1.85e-03	2.60e-01	5.32e-01	1.70e-01	3.59e-02	1.66e-04	0.00e+00
 2.46250e+17	8.44e-07	2.07e-03	2.84e-01	5.27e-01	1.56e-01	3.11e-02	1.38e-04	0.00e+00
 2.75117e+17	9.49e-07	2.27e-03	3.05e-01	5.21e-01	1.44e-01	2.77e-02	1.19e-04	0.00e+00
 2.99337e+17	1.06e-06	2.46e-03	3.24e-01	5.14e-01	1.34e-01	2.50e-02	1.05e-04	0.00e+00
 3.26121e+17	1.19e-06	2.70e-03	3.46e-01	5.05e-01	1.24e-01	2.24e-02	9.16e-05	0.00e+00
 3.54704e+17	1.36e-06	3.00e-03	3.72e-01	4.94e-01	1.12e-01	1.97e-02	7.81e-05	0.00e+00
 3.78585e+17	1.58e-06	3.36e-03	3.98e-01	4.80e-01	1.01e-01	1.70e-02	6.50e-05	0.00e+00
 3.96374e+17	1.73e-06	3.60e-03	4.17e-01	4.70e-01	9.37e-02	1.55e-02	5.83e-05	0.00e+00
 4.13280e+17	1.90e-06	3.86e-03	4.34e-01	4.60e-01	8.72e-02	1.42e-02	5.28e-05	0.00e+00
 4.35259e+17	2.16e-06	4.25e-03	4.59e-01	4.46e-01	7.84e-02	1.25e-02	4.55e-05	0.00e+00
 4.57074e+17	2.46e-06	4.68e-03	4.84e-01	4.31e-01	6.99e-02	1.10e-02	3.88e-05	0.00e+00
 4.73500e+17	2.73e-06	5.06e-03	5.03e-01	4.18e-01	6.38e-02	9.83e-03	3.41e-05	0.00e+00
 4.87175e+17	2.99e-06	5.40e-03	5.19e-01	4.08e-01	5.89e-02	8.97e-03	3.07e-05	0.00e+00
 5.02448e+17	3.38e-06	5.88e-03	5.38e-01	3.95e-01	5.32e-02	7.95e-03	2.64e-05	0.00e+00
 5.18363e+17	3.83e-06	6.42e-03	5.58e-01	3.81e-01	4.76e-02	6.99e-03	2.26e-05	0.00e+00
 5.31675e+17	4.31e-06	6.96e-03	5.75e-01	3.69e-01	4.30e-02	6.21e-03	1.94e-05	0.00e+00
 5.43289e+17	4.82e-06	7.52e-03	5.90e-01	3.58e-01	3.91e-02	5.55e-03	1.68e-05	0.00e+00
 5.56134e+17	5.56e-06	8.26e-03	6.07e-01	3.45e-01	3.49e-02	4.84e-03	1.40e-05	0.00e+00
 5.69418e+17	6.46e-06	9.12e-03	6.25e-01	3.31e-01	3.08e-02	4.18e-03	1.15e-05	0.00e+00
 5.80388e+17	7.39e-06	9.94e-03	6.40e-01	3.19e-01	2.77e-02	3.67e-03	9.67e-06	0.00e+00
 5.90197e+17	8.47e-06	1.09e-02	6.54e-01	3.07e-01	2.50e-02	3.22e-03	8.08e-06	0.00e+00
 6.01382e+17	9.92e-06	1.20e-02	6.70e-01	2.93e-01	2.21e-02	2.79e-03	6.60e-06	0.00e+00
 6.13522e+17	1.18e-05	1.34e-02	6.86e-01	2.79e-01	1.94e-02	2.36e-03	5.23e-06	0.00e+00
 6.24421e+17	1.40e-05	1.48e-02	7.00e-01	2.66e-01	1.72e-02	2.03e-03	4.21e-06	0.00e+00
 6.34577e+17	1.64e-05	1.63e-02	7.13e-01	2.54e-01	1.54e-02	1.76e-03	3.42e-06	0.00e+00
 6.46251e+17	1.97e-05	1.83e-02	7.27e-01	2.40e-01	1.35e-02	1.49e-03	2.69e-06	0.00e+00
 6.59324e+17	2.43e-05	2.08e-02	7.41e-01	2.25e-01	1.18e-02	1.23e-03	2.04e-06	0.00e+00
 6.69165e+17	2.85e-05	2.28e-02	7.51e-01	2.14e-01	1.06e-02	1.07e-03	1.66e-06	0.00e+00
 6.75013e+17	3.09e-05	2.40e-02	7.56e-01	2.09e-01	1.01e-02	1.00e-03	1.49e-06	0.00e+00
 6.80723e+17	3.41e-05	2.54e-02	7.61e-01	2.03e-01	9.54e-03	9.16e-04	1.31e-06	0.00e+00
 6.88146e+17	3.87e-05	2.74e-02	7.68e-01	1.95e-01	8.85e-03	8.21e-04	1.11e-06	0.00e+00
 6.96440e+17	4.42e-05	2.97e-02	7.75e-01	1.87e-01	8.19e-03	7.31e-04	9.36e-07	0.00e+00
 7.04277e+17	5.00e-05	3.19e-02	7.80e-01	1.80e-01	7.65e-03	6.57e-04	0.00e+00	0.00e+00
 7.12876e+17	5.76e-05	3.47e-02	7.86e-01	1.71e-01	7.09e-03	5.81e-04	0.00e+00	0.00e+00
 7.21906e+17	6.67e-05	3.79e-02	7.92e-01	1.63e-01	6.56e-03	5.12e-04	0.00e+00	0.00e+00
 7.29551e+17	7.54e-05	4.07e-02	7.96e-01	1.57e-01	6.18e-03	4.61e-04	0.00e+00	0.00e+00
 7.37541e+17	8.61e-05	4.41e-02	8.00e-01	1.50e-01	5.79e-03	4.11e-04	0.00e+00	0.00e+00
 7.46188e+17	9.93e-05	4.80e-02	8.03e-01	1.43e-01	5.41e-03	3.63e-04	0.00e+00	0.00e+00
 7.53783e+17	1.13e-04	5.19e-02	8.06e-01	1.36e-01	5.10e-03	3.25e-04	0.00e+00	0.00e+00
 7.60489e+17	1.27e-04	5.57e-02	8.08e-01	1.31e-01	4.83e-03	2.93e-04	0.00e+00	0.00e+00
 7.67945e+17	1.46e-04	6.04e-02	8.10e-01	1.24e-01	4.55e-03	2.60e-04	0.00e+00	0.00e+00
 7.75905e+17	1.69e-04	6.60e-02	8.12e-01	1.18e-01	4.26e-03	2.28e-04	0.00e+00	0.00e+00
 7.82698e+17	1.92e-04	7.14e-02	8.12e-01	1.12e-01	4.03e-03	2.03e-04	0.00e+00	0.00e+00
 7.88592e+17	2.15e-04	7.66e-02	8.12e-01	1.07e-01	3.83e-03	1.83e-04	0.00e+00	0.00e+00
 7.95137e+17	2.46e-04	8.31e-02	8.12e-01	1.01e-01	3.61e-03	1.62e-04	0.00e+00	0.00e+00
 8.02187e+17	2.86e-04	9.10e-02	8.10e-01	9.47e-02	3.38e-03	1.41e-04	0.00e+00	0.00e+00
 8.08286e+17	3.27e-04	9.87e-02	8.08e-01	8.93e-02	3.18e-03	1.24e-04	0.00e+00	0.00e+00
 8.13567e+17	3.69e-04	1.06e-01	8.06e-01	8.44e-02	3.01e-03	1.11e-04	0.00e+00	0.00e+00
 8.19391e+17	4.25e-04	1.16e-01	8.02e-01	7.90e-02	2.82e-03	9.66e-05	0.00e+00	0.00e+00
 8.25655e+17	4.96e-04	1.27e-01	7.97e-01	7.32e-02	2.62e-03	8.28e-05	0.00e+00	0.00e+00
 8.31054e+17	5.71e-04	1.38e-01	7.91e-01	6.81e-02	2.45e-03	7.19e-05	0.00e+00	0.00e+00
 8.35731e+17	6.48e-04	1.49e-01	7.84e-01	6.37e-02	2.30e-03	6.31e-05	0.00e+00	0.00e+00
 8.40908e+17	7.51e-04	1.63e-01	7.76e-01	5.87e-02	2.13e-03	5.40e-05	0.00e+00	0.00e+00
 8.46495e+17	8.86e-04	1.79e-01	7.64e-01	5.34e-02	1.95e-03	4.52e-05	0.00e+00	0.00e+00
 8.51350e+17	1.03e-03	1.96e-01	7.52e-01	4.87e-02	1.80e-03	3.83e-05	0.00e+00	0.00e+00
 8.55595e+17	1.18e-03	2.13e-01	7.40e-01	4.47e-02	1.66e-03	3.28e-05	0.00e+00	0.00e+00
 8.60311e+17	1.39e-03	2.33e-01	7.24e-01	4.02e-02	1.51e-03	2.72e-05	0.00e+00	0.00e+00
 8.65429e+17	1.66e-03	2.59e-01	7.03e-01	3.55e-02	1.35e-03	2.18e-05	0.00e+00	0.00e+00
 8.69939e+17	1.96e-03	2.84e-01	6.81e-01	3.14e-02	1.21e-03	1.77e-05	0.00e+00	0.00e+00
 8.73949e+17	2.29e-03	3.10e-01	6.59e-01	2.78e-02	1.09e-03	1.44e-05	0.00e+00	0.00e+00
 8.78440e+17	2.75e-03	3.43e-01	6.30e-01	2.39e-02	9.49e-04	1.12e-05	0.00e+00	0.00e+00
 8.83281e+17	3.37e-03	3.82e-01	5.93e-01	2.00e-02	8.06e-04	8.36e-06	0.00e+00	0.00e+00
 8.87423e+17	4.04e-03	4.21e-01	5.58e-01	1.67e-02	6.88e-04	6.31e-06	0.00e+00	0.00e+00
 8.90909e+17	4.75e-03	4.57e-01	5.24e-01	1.42e-02	5.92e-04	4.86e-06	0.00e+00	0.00e+00
 8.94700e+17	5.70e-03	4.99e-01	4.83e-01	1.16e-02	4.92e-04	3.54e-06	0.00e+00	0.00e+00
 8.98764e+17	6.97e-03	5.49e-01	4.35e-01	9.07e-03	3.94e-04	2.44e-06	0.00e+00	0.00e+00
 9.02219e+17	8.34e-03	5.94e-01	3.90e-01	7.16e-03	3.16e-04	1.71e-06	0.00e+00	0.00e+00
 9.05136e+17	9.76e-03	6.34e-01	3.51e-01	5.72e-03	2.56e-04	1.22e-06	0.00e+00	0.00e+00
 9.08319e+17	1.16e-02	6.78e-01	3.06e-01	4.36e-03	1.98e-04	8.19e-07	0.00e+00	0.00e+00
 9.11779e+17	1.42e-02	7.27e-01	2.56e-01	3.12e-03	1.44e-04	0.00e+00	0.00e+00	0.00e+00
 9.14458e+17	1.66e-02	7.63e-01	2.18e-01	2.35e-03	1.08e-04	0.00e+00	0.00e+00	0.00e+00
 9.16231e+17	1.85e-02	7.86e-01	1.93e-01	1.91e-03	8.80e-05	0.00e+00	0.00e+00	0.00e+00
 9.17969e+17	2.07e-02	8.09e-01	1.69e-01	1.54e-03	7.06e-05	0.00e+00	0.00e+00	0.00e+00
 9.20228e+17	2.40e-02	8.35e-01	1.40e-01	1.14e-03	5.14e-05	0.00e+00	0.00e+00	0.00e+00
 9.22420e+17	2.79e-02	8.58e-01	1.13e-01	8.41e-04	3.66e-05	0.00e+00	0.00e+00	0.00e+00
 9.23969e+17	3.12e-02	8.72e-01	9.61e-02	6.70e-04	2.81e-05	0.00e+00	0.00e+00	0.00e+00
 9.25199e+17	3.42e-02	8.82e-01	8.36e-02	5.59e-04	2.26e-05	0.00e+00	0.00e+00	0.00e+00
 9.26571e+17	3.81e-02	8.91e-01	7.03e-02	4.50e-04	1.72e-05	0.00e+00	0.00e+00	0.00e+00
 9.28099e+17	4.31e-02	8.99e-01	5.72e-02	3.54e-04	1.25e-05	0.00e+00	0.00e+00	0.00e+00
 9.29485e+17	4.85e-02	9.05e-01	4.66e-02	2.85e-04	9.16e-06	0.00e+00	0.00e+00	0.00e+00
 9.30685e+17	5.41e-02	9.07e-01	3.84e-02	2.36e-04	6.85e-06	0.00e+00	0.00e+00	0.00e+00
 9.31989e+17	6.13e-02	9.08e-01	3.07e-02	1.92e-04	4.90e-06	0.00e+00	0.00e+00	0.00e+00
 9.33393e+17	7.06e-02	9.06e-01	2.36e-02	1.55e-04	3.32e-06	0.00e+00	0.00e+00	0.00e+00
 9.34609e+17	8.05e-02	9.01e-01	1.84e-02	1.29e-04	2.31e-06	0.00e+00	0.00e+00	0.00e+00
 9.35682e+17	9.10e-02	8.94e-01	1.45e-02	1.10e-04	1.65e-06	0.00e+00	0.00e+00	0.00e+00
 9.36711e+17	1.03e-01	8.86e-01	1.14e-02	9.46e-05	1.17e-06	0.00e+00	0.00e+00	0.00e+00
 9.37662e+17	1.16e-01	8.75e-01	9.01e-03	8.25e-05	8.40e-07	0.00e+00	0.00e+00	0.00e+00
 9.38479e+17	1.29e-01	8.64e-01	7.27e-03	7.33e-05	0.00e+00	0.00e+00	0.00e+00	0.00e+00
 9.39175e+17	1.41e-01	8.53e-01	6.01e-03	6.64e-05	0.00e+00	0.00e+00	0.00e+00	0.00e+00
 9.39801e+17	1.54e-01	8.41e-01	5.03e-03	6.08e-05	0.00e+00	0.00e+00	0.00e+00	0.00e+00
 9.40399e+17	1.67e-01	8.28e-01	4.23e-03	5.58e-05	0.00e+00	0.00e+00	0.00e+00	0.00e+00
 9.40967e+17	1.81e-01	8.15e-01	3.56e-03	5.15e-05	0.00e+00	0.00e+00	0.00e+00	0.00e+00
 9.41401e+17	1.92e-01	8.05e-01	3.13e-03	4.84e-05	0.00e+00	0.00e+00	0.00e+00	0.00e+00
 9.41681e+17	2.00e-01	7.97e-01	2.88e-03	4.67e-05	0.00e+00	0.00e+00	0.00e+00	0.00e+00
 9.41947e+17	2.07e-01	7.90e-01	2.64e-03	4.50e-05	0.00e+00	0.00e+00	0.00e+00	0.00e+00
 9.42268e+17	2.17e-01	7.80e-01	2.38e-03	4.28e-05	0.00e+00	0.00e+00	0.00e+00	0.00e+00
 9.42611e+17	2.28e-01	7.70e-01	2.12e-03	4.07e-05	0.00e+00	0.00e+00	0.00e+00	0.00e+00
 9.42925e+17	2.39e-01	7.59e-01	1.91e-03	3.89e-05	0.00e+00	0.00e+00	0.00e+00	0.00e+00
 9.43212e+17	2.49e-01	7.49e-01	1.74e-03	3.73e-05	0.00e+00	0.00e+00	0.00e+00	0.00e+00
 9.43500e+17	2.59e-01	7.39e-01	1.58e-03	3.58e-05	0.00e+00	0.00e+00	0.00e+00	0.00e+00
 9.43797e+17	2.70e-01	7.28e-01	1.43e-03	3.42e-05	0.00e+00	0.00e+00	0.00e+00	0.00e+00
 9.44096e+17	2.82e-01	7.17e-01	1.29e-03	3.27e-05	0.00e+00	0.00e+00	0.00e+00	0.00e+00
 9.44386e+17	2.94e-01	7.05e-01	1.17e-03	3.13e-05	0.00e+00	0.00e+00	0.00e+00	0.00e+00
 9.44670e+17	3.05e-01	6.94e-01	1.06e-03	3.00e-05	0.00e+00	0.00e+00	0.00e+00	0.00e+00
 9.44955e+17	3.18e-01	6.81e-01	9.58e-04	2.87e-05	0.00e+00	0.00e+00	0.00e+00	0.00e+00
 9.45243e+17	3.30e-01	6.69e-01	8.68e-04	2.75e-05	0.00e+00	0.00e+00	0.00e+00	0.00e+00
 9.45530e+17	3.43e-01	6.56e-01	7.87e-04	2.63e-05	0.00e+00	0.00e+00	0.00e+00	0.00e+00
 9.45815e+17	3.56e-01	6.43e-01	7.14e-04	2.52e-05	0.00e+00	0.00e+00	0.00e+00	0.00e+00
 9.46100e+17	3.69e-01	6.31e-01	6.49e-04	2.41e-05	0.00e+00	0.00e+00	0.00e+00	0.00e+00
 9.46388e+17	3.82e-01	6.17e-01	5.90e-04	2.31e-05	0.00e+00	0.00e+00	0.00e+00	0.00e+00
 9.46678e+17	3.96e-01	6.04e-01	5.37e-04	2.21e-05	0.00e+00	0.00e+00	0.00e+00	0.00e+00
 9.46970e+17	4.10e-01	5.90e-01	4.89e-04	2.11e-05	0.00e+00	0.00e+00	0.00e+00	0.00e+00
 9.47267e+17	4.24e-01	5.76e-01	4.45e-04	2.02e-05	0.00e+00	0.00e+00	0.00e+00	0.00e+00
 9.47568e+17	4.38e-01	5.61e-01	4.06e-04	1.93e-05	0.00e+00	0.00e+00	0.00e+00	0.00e+00
 9.47872e+17	4.52e-01	5.48e-01	3.73e-04	1.85e-05	0.00e+00	0.00e+00	0.00e+00	0.00e+00
 9.48181e+17	4.67e-01	5.33e-01	3.41e-04	1.76e-05	0.00e+00	0.00e+00	0.00e+00	0.00e+00
 9.48487e+17	4.80e-01	5.20e-01	3.15e-04	1.69e-05	0.00e+00	0.00e+00	0.00e+00	0.00e+00
 9.48797e+17	4.94e-01	5.06e-01	2.91e-04	1.62e-05	0.00e+00	0.00e+00	0.00e+00	0.00e+00
 9.49114e+17	5.08e-01	4.92e-01	2.70e-04	1.55e-05	0.00e+00	0.00e+00	0.00e+00	0.00e+00
 9.49441e+17	5.21e-01	4.79e-01	2.51e-04	1.49e-05	0.00e+00	0.00e+00	0.00e+00	0.00e+00
 9.49798e+17	5.35e-01	4.65e-01	2.33e-04	1.42e-05	0.00e+00	0.00e+00	0.00e+00	0.00e+00
 9.50173e+17	5.49e-01	4.51e-01	2.18e-04	1.36e-05	0.00e+00	0.00e+00	0.00e+00	0.00e+00
 9.50536e+17	5.61e-01	4.39e-01	2.04e-04	1.30e-05	0.00e+00	0.00e+00	0.00e+00	0.00e+00
 9.50894e+17	5.72e-01	4.27e-01	1.94e-04	1.26e-05	0.00e+00	0.00e+00	0.00e+00	0.00e+00
 9.51298e+17	5.84e-01	4.15e-01	1.83e-04	1.21e-05	0.00e+00	0.00e+00	0.00e+00	0.00e+00
 9.51767e+17	5.97e-01	4.03e-01	1.74e-04	1.16e-05	0.00e+00	0.00e+00	0.00e+00	0.00e+00
 9.52280e+17	6.09e-01	3.91e-01	1.64e-04	1.11e-05	0.00e+00	0.00e+00	0.00e+00	0.00e+00
 9.52819e+17	6.19e-01	3.81e-01	1.57e-04	1.07e-05	0.00e+00	0.00e+00	0.00e+00	0.00e+00
 9.53445e+17	6.29e-01	3.71e-01	1.51e-04	1.03e-05	0.00e+00	0.00e+00	0.00e+00	0.00e+00
 9.54139e+17	6.38e-01	3.62e-01	1.46e-04	9.98e-06	0.00e+00	0.00e+00	0.00e+00	0.00e+00
 9.54818e+17	6.45e-01	3.55e-01	1.42e-04	9.71e-06	0.00e+00	0.00e+00	0.00e+00	0.00e+00
 9.55485e+17	6.51e-01	3.49e-01	1.39e-04	9.51e-06	0.00e+00	0.00e+00	0.00e+00	0.00e+00
 9.56141e+17	6.55e-01	3.45e-01	1.36e-04	9.34e-06	0.00e+00	0.00e+00	0.00e+00	0.00e+00
 9.56791e+17	6.59e-01	3.41e-01	1.34e-04	9.19e-06	0.00e+00	0.00e+00	0.00e+00	0.00e+00
 9.57533e+17	6.62e-01	3.37e-01	1.32e-04	9.05e-06	0.00e+00	0.00e+00	0.00e+00	0.00e+00
 9.58499e+17	6.67e-01	3.33e-01	1.30e-04	8.87e-06	0.00e+00	0.00e+00	0.00e+00	0.00e+00
 9.59754e+17	6.72e-01	3.27e-01	1.27e-04	8.68e-06	0.00e+00	0.00e+00	0.00e+00	0.00e+00
 9.61385e+17	6.78e-01	3.22e-01	1.25e-04	8.47e-06	0.00e+00	0.00e+00	0.00e+00	0.00e+00
 9.63506e+17	6.86e-01	3.14e-01	1.21e-04	8.18e-06	0.00e+00	0.00e+00	0.00e+00	0.00e+00
 9.66263e+17	6.95e-01	3.05e-01	1.17e-04	7.85e-06	0.00e+00	0.00e+00	0.00e+00	0.00e+00
 9.69847e+17	7.06e-01	2.94e-01	1.12e-04	7.43e-06	0.00e+00	0.00e+00	0.00e+00	0.00e+00
 9.74507e+17	7.21e-01	2.79e-01	1.06e-04	6.92e-06	0.00e+00	0.00e+00	0.00e+00	0.00e+00
 9.80285e+17	7.38e-01	2.62e-01	9.93e-05	6.32e-06	0.00e+00	0.00e+00	0.00e+00	0.00e+00
 9.86246e+17	7.55e-01	2.45e-01	9.29e-05	5.75e-06	0.00e+00	0.00e+00	0.00e+00	0.00e+00
 9.91522e+17	7.70e-01	2.30e-01	8.80e-05	5.28e-06	0.00e+00	0.00e+00	0.00e+00	0.00e+00
 9.96398e+17	7.82e-01	2.18e-01	8.37e-05	4.87e-06	0.00e+00	0.00e+00	0.00e+00	0.00e+00
 1.00171e+18	7.97e-01	2.03e-01	7.90e-05	4.42e-06	0.00e+00	0.00e+00	0.00e+00	0.00e+00
 1.00723e+18	8.09e-01	1.91e-01	7.45e-05	4.04e-06	0.00e+00	0.00e+00	0.00e+00	0.00e+00
 1.01247e+18	8.22e-01	1.78e-01	7.05e-05	3.69e-06	0.00e+00	0.00e+00	0.00e+00	0.00e+00
 1.01740e+18	8.34e-01	1.66e-01	6.68e-05	3.35e-06	0.00e+00	0.00e+00	0.00e+00	0.00e+00
 1.02201e+18	8.46e-01	1.54e-01	6.34e-05	3.04e-06	0.00e+00	0.00e+00	0.00e+00	0.00e+00
 1.02656e+18	8.57e-01	1.43e-01	6.02e-05	2.76e-06	0.00e+00	0.00e+00	0.00e+00	0.00e+00
 1.03114e+18	8.68e-01	1.32e-01	5.71e-05	2.49e-06	0.00e+00	0.00e+00	0.00e+00	0.00e+00
 1.03568e+18	8.78e-01	1.22e-01	5.44e-05	2.23e-06	0.00e+00	0.00e+00	0.00e+00	0.00e+00
 1.03985e+18	8.88e-01	1.12e-01	5.14e-05	2.00e-06	0.00e+00	0.00e+00	0.00e+00	0.00e+00
 1.04346e+18	8.96e-01	1.04e-01	4.92e-05	1.82e-06	0.00e+00	0.00e+00	0.00e+00	0.00e+00
 1.04709e+18	9.03e-01	9.65e-02	4.69e-05	1.66e-06	0.00e+00	0.00e+00	0.00e+00	0.00e+00
 1.05115e+18	9.13e-01	8.71e-02	4.40e-05	1.45e-06	0.00e+00	0.00e+00	0.00e+00	0.00e+00
 1.05484e+18	9.21e-01	7.86e-02	4.14e-05	1.28e-06	0.00e+00	0.00e+00	0.00e+00	0.00e+00
 1.05784e+18	9.27e-01	7.32e-02	3.96e-05	1.17e-06	0.00e+00	0.00e+00	0.00e+00	0.00e+00
 1.05988e+18	9.31e-01	6.95e-02	3.82e-05	1.09e-06	0.00e+00	0.00e+00	0.00e+00	0.00e+00
 1.06097e+18	9.31e-01	6.88e-02	3.78e-05	1.07e-06	0.00e+00	0.00e+00	0.00e+00	0.00e+00
 1.06189e+18	9.32e-01	6.77e-02	3.73e-05	1.05e-06	0.00e+00	0.00e+00	0.00e+00	0.00e+00
 1.06308e+18	9.35e-01	6.47e-02	3.64e-05	9.94e-07	0.00e+00	0.00e+00	0.00e+00	0.00e+00
 1.06429e+18	9.38e-01	6.17e-02	3.54e-05	0.00e+00	0.00e+00	0.00e+00	0.00e+00	0.00e+00
 1.06514e+18	9.39e-01	6.06e-02	3.50e-05	0.00e+00	0.00e+00	0.00e+00	0.00e+00	0.00e+00
 1.06589e+18	9.40e-01	5.97e-02	3.46e-05	0.00e+00	0.00e+00	0.00e+00	0.00e+00	0.00e+00
 1.06685e+18	9.41e-01	5.85e-02	3.41e-05	0.00e+00	0.00e+00	0.00e+00	0.00e+00	0.00e+00
 1.06811e+18	9.44e-01	5.60e-02	3.33e-05	0.00e+00	0.00e+00	0.00e+00	0.00e+00	0.00e+00
 1.06938e+18	9.47e-01	5.32e-02	3.23e-05	0.00e+00	0.00e+00	0.00e+00	0.00e+00	0.00e+00
 1.07025e+18	9.48e-01	5.22e-02	3.19e-05	0.00e+00	0.00e+00	0.00e+00	0.00e+00	0.00e+00
 1.07098e+18	9.48e-01	5.16e-02	3.16e-05	0.00e+00	0.00e+00	0.00e+00	0.00e+00	0.00e+00
 1.07193e+18	9.51e-01	4.93e-02	3.08e-05	0.00e+00	0.00e+00	0.00e+00	0.00e+00	0.00e+00
 1.07281e+18	9.53e-01	4.72e-02	3.00e-05	0.00e+00	0.00e+00	0.00e+00	0.00e+00	0.00e+00
 1.07337e+18	9.53e-01	4.67e-02	2.97e-05	0.00e+00	0.00e+00	0.00e+00	0.00e+00	0.00e+00
 1.07389e+18	9.54e-01	4.61e-02	2.94e-05	0.00e+00	0.00e+00	0.00e+00	0.00e+00	0.00e+00
 1.07457e+18	9.56e-01	4.45e-02	2.88e-05	0.00e+00	0.00e+00	0.00e+00	0.00e+00	0.00e+00
 1.07525e+18	9.57e-01	4.28e-02	2.82e-05	0.00e+00	0.00e+00	0.00e+00	0.00e+00	0.00e+00
 1.07574e+18	9.58e-01	4.22e-02	2.80e-05	0.00e+00	0.00e+00	0.00e+00	0.00e+00	0.00e+00
 1.07619e+18	9.58e-01	4.16e-02	2.77e-05	0.00e+00	0.00e+00	0.00e+00	0.00e+00	0.00e+00
 1.07678e+18	9.60e-01	4.01e-02	2.71e-05	0.00e+00	0.00e+00	0.00e+00	0.00e+00	0.00e+00
 1.07733e+18	9.61e-01	3.85e-02	2.65e-05	0.00e+00	0.00e+00	0.00e+00	0.00e+00	0.00e+00
 1.07769e+18	9.62e-01	3.80e-02	2.62e-05	0.00e+00	0.00e+00	0.00e+00	0.00e+00	0.00e+00
 1.07803e+18	9.62e-01	3.77e-02	2.60e-05	0.00e+00	0.00e+00	0.00e+00	0.00e+00	0.00e+00
 1.07846e+18	9.63e-01	3.70e-02	2.58e-05	0.00e+00	0.00e+00	0.00e+00	0.00e+00	0.00e+00
 1.07903e+18	9.65e-01	3.49e-02	2.49e-05	0.00e+00	0.00e+00	0.00e+00	0.00e+00	0.00e+00
 1.07948e+18	9.67e-01	3.31e-02	2.41e-05	0.00e+00	0.00e+00	0.00e+00	0.00e+00	0.00e+00
 1.07968e+18	9.67e-01	3.32e-02	2.40e-05	0.00e+00	0.00e+00	0.00e+00	0.00e+00	0.00e+00
 1.07982e+18	9.67e-01	3.34e-02	2.40e-05	0.00e+00	0.00e+00	0.00e+00	0.00e+00	0.00e+00
 1.08001e+18	9.67e-01	3.31e-02	2.39e-05	0.00e+00	0.00e+00	0.00e+00	0.00e+00	0.00e+00
 1.08025e+18	9.67e-01	3.27e-02	2.38e-05	0.00e+00	0.00e+00	0.00e+00	0.00e+00	0.00e+00
 1.08056e+18	9.68e-01	3.16e-02	2.33e-05	0.00e+00	0.00e+00	0.00e+00	0.00e+00	0.00e+00
 1.08087e+18	9.70e-01	3.05e-02	2.28e-05	0.00e+00	0.00e+00	0.00e+00	0.00e+00	0.00e+00
 1.08107e+18	9.70e-01	3.01e-02	2.27e-05	0.00e+00	0.00e+00	0.00e+00	0.00e+00	0.00e+00
 1.08125e+18	9.70e-01	3.00e-02	2.25e-05	0.00e+00	0.00e+00	0.00e+00	0.00e+00	0.00e+00
 1.08148e+18	9.71e-01	2.95e-02	2.23e-05	0.00e+00	0.00e+00	0.00e+00	0.00e+00	0.00e+00
 1.08176e+18	9.72e-01	2.83e-02	2.18e-05	0.00e+00	0.00e+00	0.00e+00	0.00e+00	0.00e+00
 1.08198e+18	9.73e-01	2.74e-02	2.13e-05	0.00e+00	0.00e+00	0.00e+00	0.00e+00	0.00e+00
 1.08212e+18	9.73e-01	2.72e-02	2.12e-05	0.00e+00	0.00e+00	0.00e+00	0.00e+00	0.00e+00
 1.08226e+18	9.73e-01	2.71e-02	2.11e-05	0.00e+00	0.00e+00	0.00e+00	0.00e+00	0.00e+00
 1.08243e+18	9.73e-01	2.66e-02	2.09e-05	0.00e+00	0.00e+00	0.00e+00	0.00e+00	0.00e+00
 1.08265e+18	9.74e-01	2.56e-02	2.04e-05	0.00e+00	0.00e+00	0.00e+00	0.00e+00	0.00e+00
 1.08286e+18	9.77e-01	2.27e-02	1.88e-05	0.00e+00	0.00e+00	0.00e+00	0.00e+00	0.00e+00
 1.08296e+18	9.77e-01	2.25e-02	1.87e-05	0.00e+00	0.00e+00	0.00e+00	0.00e+00	0.00e+00
 1.08300e+18	9.77e-01	2.26e-02	1.87e-05	0.00e+00	0.00e+00	0.00e+00	0.00e+00	0.00e+00
 1.08306e+18	9.77e-01	2.26e-02	1.86e-05	0.00e+00	0.00e+00	0.00e+00	0.00e+00	0.00e+00
 1.08314e+18	9.78e-01	2.25e-02	1.86e-05	0.00e+00	0.00e+00	0.00e+00	0.00e+00	0.00e+00
 1.08324e+18	9.78e-01	2.22e-02	1.85e-05	0.00e+00	0.00e+00	0.00e+00	0.00e+00	0.00e+00
 1.08337e+18	9.78e-01	2.15e-02	1.81e-05	0.00e+00	0.00e+00	0.00e+00	0.00e+00	0.00e+00
 1.08351e+18	9.80e-01	1.95e-02	1.69e-05	0.00e+00	0.00e+00	0.00e+00	0.00e+00	0.00e+00
 1.08364e+18	9.82e-01	1.79e-02	1.58e-05	0.00e+00	0.00e+00	0.00e+00	0.00e+00	0.00e+00
 1.08376e+18	9.83e-01	1.65e-02	1.48e-05	0.00e+00	0.00e+00	0.00e+00	0.00e+00	0.00e+00
 1.08387e+18	9.85e-01	1.53e-02	1.39e-05	0.00e+00	0.00e+00	0.00e+00	0.00e+00	0.00e+00
 1.08397e+18	9.85e-01	1.46e-02	1.33e-05	0.00e+00	0.00e+00	0.00e+00	0.00e+00	0.00e+00
 1.08406e+18	9.86e-01	1.41e-02	1.29e-05	0.00e+00	0.00e+00	0.00e+00	0.00e+00	0.00e+00
 1.08415e+18	9.86e-01	1.37e-02	1.25e-05	0.00e+00	0.00e+00	0.00e+00	0.00e+00	0.00e+00
 1.08422e+18	9.86e-01	1.35e-02	1.24e-05	0.00e+00	0.00e+00	0.00e+00	0.00e+00	0.00e+00
 1.08431e+18	9.87e-01	1.32e-02	1.21e-05	0.00e+00	0.00e+00	0.00e+00	0.00e+00	0.00e+00
 1.08441e+18	9.87e-01	1.26e-02	1.16e-05	0.00e+00	0.00e+00	0.00e+00	0.00e+00	0.00e+00
 1.08453e+18	9.88e-01	1.20e-02	1.10e-05	0.00e+00	0.00e+00	0.00e+00	0.00e+00	0.00e+00
 1.08463e+18	9.88e-01	1.17e-02	1.08e-05	0.00e+00	0.00e+00	0.00e+00	0.00e+00	0.00e+00
 1.08475e+18	9.88e-01	1.15e-02	1.06e-05	0.00e+00	0.00e+00	0.00e+00	0.00e+00	0.00e+00
 1.08487e+18	9.89e-01	1.11e-02	1.02e-05	0.00e+00	0.00e+00	0.00e+00	0.00e+00	0.00e+00
 1.08499e+18	9.89e-01	1.10e-02	1.01e-05	0.00e+00	0.00e+00	0.00e+00	0.00e+00	0.00e+00
 1.08511e+18	9.89e-01	1.08e-02	9.86e-06	0.00e+00	0.00e+00	0.00e+00	0.00e+00	0.00e+00
 1.08525e+18	9.90e-01	1.04e-02	9.52e-06	0.00e+00	0.00e+00	0.00e+00	0.00e+00	0.00e+00
 1.08537e+18	9.90e-01	1.02e-02	9.33e-06	0.00e+00	0.00e+00	0.00e+00	0.00e+00	0.00e+00
 1.08550e+18	9.90e-01	1.00e-02	9.16e-06	0.00e+00	0.00e+00	0.00e+00	0.00e+00	0.00e+00
 1.08568e+18	9.90e-01	9.71e-03	8.85e-06	0.00e+00	0.00e+00	0.00e+00	0.00e+00	0.00e+00
 1.08587e+18	9.91e-01	9.35e-03	8.56e-06	0.00e+00	0.00e+00	0.00e+00	0.00e+00	0.00e+00
 1.08604e+18	9.91e-01	9.17e-03	8.38e-06	0.00e+00	0.00e+00	0.00e+00	0.00e+00	0.00e+00
 1.08623e+18	9.91e-01	9.00e-03	8.22e-06	0.00e+00	0.00e+00	0.00e+00	0.00e+00	0.00e+00
 1.08647e+18	9.91e-01	8.62e-03	7.91e-06	0.00e+00	0.00e+00	0.00e+00	0.00e+00	0.00e+00
 1.08673e+18	9.92e-01	8.18e-03	7.54e-06	0.00e+00	0.00e+00	0.00e+00	0.00e+00	0.00e+00
 1.08697e+18	9.92e-01	8.00e-03	7.37e-06	0.00e+00	0.00e+00	0.00e+00	0.00e+00	0.00e+00
 1.08719e+18	9.92e-01	7.82e-03	7.20e-06	0.00e+00	0.00e+00	0.00e+00	0.00e+00	0.00e+00
 1.08739e+18	9.92e-01	7.67e-03	7.05e-06	0.00e+00	0.00e+00	0.00e+00	0.00e+00	0.00e+00
 1.08754e+18	9.92e-01	7.53e-03	6.91e-06	0.00e+00	0.00e+00	0.00e+00	0.00e+00	0.00e+00
 1.08765e+18	9.92e-01	7.54e-03	6.87e-06	0.00e+00	0.00e+00	0.00e+00	0.00e+00	0.00e+00
 1.08774e+18	9.92e-01	7.54e-03	6.84e-06	0.00e+00	0.00e+00	0.00e+00	0.00e+00	0.00e+00
 1.08787e+18	9.93e-01	7.45e-03	6.77e-06	0.00e+00	0.00e+00	0.00e+00	0.00e+00	0.00e+00
 1.08803e+18	9.93e-01	7.20e-03	6.57e-06	0.00e+00	0.00e+00	0.00e+00	0.00e+00	0.00e+00
 1.08821e+18	9.93e-01	6.96e-03	6.38e-06	0.00e+00	0.00e+00	0.00e+00	0.00e+00	0.00e+00
 1.08837e+18	9.93e-01	6.85e-03	6.27e-06	0.00e+00	0.00e+00	0.00e+00	0.00e+00	0.00e+00
 1.08850e+18	9.93e-01	6.78e-03	6.20e-06	0.00e+00	0.00e+00	0.00e+00	0.00e+00	0.00e+00
 1.08863e+18	9.93e-01	6.75e-03	6.14e-06	0.00e+00	0.00e+00	0.00e+00	0.00e+00	0.00e+00
 1.08879e+18	9.93e-01	6.58e-03	6.01e-06	0.00e+00	0.00e+00	0.00e+00	0.00e+00	0.00e+00
 1.08896e+18	9.94e-01	6.34e-03	5.82e-06	0.00e+00	0.00e+00	0.00e+00	0.00e+00	0.00e+00
 1.08912e+18	9.94e-01	6.24e-03	5.71e-06	0.00e+00	0.00e+00	0.00e+00	0.00e+00	0.00e+00
 1.08925e+18	9.94e-01	6.19e-03	5.66e-06	0.00e+00	0.00e+00	0.00e+00	0.00e+00	0.00e+00
 1.08936e+18	9.94e-01	6.17e-03	5.61e-06	0.00e+00	0.00e+00	0.00e+00	0.00e+00	0.00e+00
 1.08948e+18	9.94e-01	6.06e-03	5.52e-06	0.00e+00	0.00e+00	0.00e+00	0.00e+00	0.00e+00
 1.08961e+18	9.94e-01	5.91e-03	5.40e-06	0.00e+00	0.00e+00	0.00e+00	0.00e+00	0.00e+00
 1.08973e+18	9.94e-01	5.88e-03	5.35e-06	0.00e+00	0.00e+00	0.00e+00	0.00e+00	0.00e+00
 1.08985e+18	9.94e-01	5.79e-03	5.27e-06	0.00e+00	0.00e+00	0.00e+00	0.00e+00	0.00e+00
 1.08997e+18	9.94e-01	5.66e-03	5.17e-06	0.00e+00	0.00e+00	0.00e+00	0.00e+00	0.00e+00
 1.09007e+18	9.94e-01	5.63e-03	5.12e-06	0.00e+00	0.00e+00	0.00e+00	0.00e+00	0.00e+00
 1.09018e+18	9.94e-01	5.58e-03	5.07e-06	0.00e+00	0.00e+00	0.00e+00	0.00e+00	0.00e+00
 1.09031e+18	9.95e-01	5.45e-03	4.97e-06	0.00e+00	0.00e+00	0.00e+00	0.00e+00	0.00e+00
 1.09042e+18	9.95e-01	5.33e-03	4.87e-06	0.00e+00	0.00e+00	0.00e+00	0.00e+00	0.00e+00
