#depth	N  1	N  2	N  3	N  4	N  5	N  6	N  7	N  8
 3.82785e+13	5.24e-04	1.53e-01	7.25e-01	1.18e-01	3.78e-03	3.28e-05	0.00e+00	0.00e+00
 2.29671e+14	5.25e-04	1.53e-01	7.25e-01	1.18e-01	3.77e-03	3.27e-05	0.00e+00	0.00e+00
 9.95242e+14	5.26e-04	1.52e-01	7.26e-01	1.18e-01	3.74e-03	3.25e-05	0.00e+00	0.00e+00
 4.05753e+15	5.38e-04	1.52e-01	7.28e-01	1.15e-01	3.59e-03	3.10e-05	0.00e+00	0.00e+00
 9.69213e+15	5.49e-04	1.49e-01	7.33e-01	1.14e-01	3.41e-03	2.95e-05	0.00e+00	0.00e+00
 1.70171e+16	5.67e-04	1.48e-01	7.39e-01	1.10e-01	3.13e-03	2.69e-05	0.00e+00	0.00e+00
 2.65396e+16	5.96e-04	1.48e-01	7.45e-01	1.03e-01	2.76e-03	2.35e-05	0.00e+00	0.00e+00
 3.89188e+16	6.47e-04	1.52e-01	7.52e-01	9.30e-02	2.29e-03	1.92e-05	0.00e+00	0.00e+00
 5.46100e+16	7.37e-04	1.62e-01	7.56e-01	7.97e-02	1.77e-03	1.44e-05	0.00e+00	0.00e+00
 7.07244e+16	8.55e-04	1.75e-01	7.56e-01	6.70e-02	1.34e-03	1.06e-05	0.00e+00	0.00e+00
 8.34153e+16	9.90e-04	1.90e-01	7.50e-01	5.74e-02	1.05e-03	8.01e-06	0.00e+00	0.00e+00
 9.25419e+16	1.12e-03	2.04e-01	7.43e-01	5.10e-02	8.75e-04	6.48e-06	0.00e+00	0.00e+00
 9.99949e+16	1.26e-03	2.20e-01	7.33e-01	4.56e-02	7.39e-04	5.29e-06	0.00e+00	0.00e+00
 1.07065e+17	1.41e-03	2.35e-01	7.22e-01	4.10e-02	6.30e-04	4.37e-06	0.00e+00	0.00e+00
 1.15054e+17	1.63e-03	2.56e-01	7.06e-01	3.59e-02	5.18e-04	3.45e-06	0.00e+00	0.00e+00
 1.23334e+17	1.88e-03	2.77e-01	6.89e-01	3.15e-02	4.29e-04	2.74e-06	0.00e+00	0.00e+00
 1.30429e+17	2.13e-03	2.98e-01	6.71e-01	2.80e-02	3.63e-04	2.22e-06	0.00e+00	0.00e+00
 1.38093e+17	2.46e-03	3.24e-01	6.49e-01	2.43e-02	2.99e-04	1.74e-06	0.00e+00	0.00e+00
 1.46343e+17	2.87e-03	3.52e-01	6.24e-01	2.08e-02	2.43e-04	1.34e-06	0.00e+00	0.00e+00
 1.53753e+17	3.31e-03	3.81e-01	5.98e-01	1.79e-02	2.01e-04	1.04e-06	0.00e+00	0.00e+00
 1.60347e+17	3.78e-03	4.08e-01	5.72e-01	1.55e-02	1.67e-04	8.22e-07	0.00e+00	0.00e+00
 1.67486e+17	4.37e-03	4.40e-01	5.42e-01	1.32e-02	1.37e-04	0.00e+00	0.00e+00	0.00e+00
 1.75355e+17	5.14e-03	4.77e-01	5.07e-01	1.09e-02	1.09e-04	0.00e+00	0.00e+00	0.00e+00
 1.82585e+17	6.01e-03	5.14e-01	4.71e-01	8.93e-03	8.67e-05	0.00e+00	0.00e+00	0.00e+00
 1.89156e+17	6.97e-03	5.49e-01	4.36e-01	7.32e-03	6.95e-05	0.00e+00	0.00e+00	0.00e+00
 1.95501e+17	8.06e-03	5.85e-01	4.01e-01	5.96e-03	5.55e-05	0.00e+00	0.00e+00	0.00e+00
 2.02792e+17	9.58e-03	6.27e-01	3.59e-01	4.60e-03	4.22e-05	0.00e+00	0.00e+00	0.00e+00
 2.10469e+17	1.16e-02	6.72e-01	3.13e-01	3.39e-03	3.08e-05	0.00e+00	0.00e+00	0.00e+00
 2.16836e+17	1.37e-02	7.11e-01	2.73e-01	2.55e-03	2.30e-05	0.00e+00	0.00e+00	0.00e+00
 2.22168e+17	1.58e-02	7.43e-01	2.40e-01	1.95e-03	1.76e-05	0.00e+00	0.00e+00	0.00e+00
 2.27151e+17	1.81e-02	7.71e-01	2.09e-01	1.48e-03	1.34e-05	0.00e+00	0.00e+00	0.00e+00
 2.31990e+17	2.09e-02	7.98e-01	1.80e-01	1.11e-03	1.01e-05	0.00e+00	0.00e+00	0.00e+00
 2.36541e+17	2.39e-02	8.21e-01	1.54e-01	8.27e-04	7.57e-06	0.00e+00	0.00e+00	0.00e+00
 2.40661e+17	2.73e-02	8.41e-01	1.31e-01	6.17e-04	5.69e-06	0.00e+00	0.00e+00	0.00e+00
 2.44381e+17	3.09e-02	8.57e-01	1.12e-01	4.63e-04	4.30e-06	0.00e+00	0.00e+00	0.00e+00
 2.47812e+17	3.48e-02	8.69e-01	9.54e-02	3.49e-04	3.27e-06	0.00e+00	0.00e+00	0.00e+00
 2.51047e+17	3.91e-02	8.80e-01	8.09e-02	2.63e-04	2.48e-06	0.00e+00	0.00e+00	0.00e+00
 2.54119e+17	4.39e-02	8.88e-01	6.82e-02	1.97e-04	1.86e-06	0.00e+00	0.00e+00	0.00e+00
 2.56999e+17	4.92e-02	8.93e-01	5.75e-02	1.50e-04	1.42e-06	0.00e+00	0.00e+00	0.00e+00
 2.59708e+17	5.51e-02	8.97e-01	4.82e-02	1.13e-04	1.07e-06	0.00e+00	0.00e+00	0.00e+00
 2.62281e+17	6.16e-02	8.98e-01	4.04e-02	8.59e-05	8.06e-07	0.00e+00	0.00e+00	0.00e+00
 2.64729e+17	6.88e-02	8.97e-01	3.37e-02	6.58e-05	0.00e+00	0.00e+00	0.00e+00	0.00e+00
 2.67091e+17	7.69e-02	8.95e-01	2.80e-02	5.05e-05	0.00e+00	0.00e+00	0.00e+00	0.00e+00
 2.69382e+17	8.61e-02	8.91e-01	2.31e-02	3.90e-05	0.00e+00	0.00e+00	0.00e+00	0.00e+00
 2.71601e+17	9.65e-02	8.85e-01	1.90e-02	3.02e-05	0.00e+00	0.00e+00	0.00e+00	0.00e+00
 2.73758e+17	1.08e-01	8.76e-01	1.55e-02	2.36e-05	0.00e+00	0.00e+00	0.00e+00	0.00e+00
 2.75868e+17	1.22e-01	8.66e-01	1.25e-02	1.86e-05	0.00e+00	0.00e+00	0.00e+00	0.00e+00
 2.77952e+17	1.37e-01	8.53e-01	1.01e-02	1.48e-05	0.00e+00	0.00e+00	0.00e+00	0.00e+00
 2.80000e+17	1.55e-01	8.37e-01	7.99e-03	1.19e-05	0.00e+00	0.00e+00	0.00e+00	0.00e+00
 2.81900e+17	1.74e-01	8.19e-01	6.36e-03	9.71e-06	0.00e+00	0.00e+00	0.00e+00	0.00e+00
 2.83545e+17	1.93e-01	8.02e-01	5.17e-03	8.22e-06	0.00e+00	0.00e+00	0.00e+00	0.00e+00
 2.84981e+17	2.11e-01	7.84e-01	4.28e-03	7.15e-06	0.00e+00	0.00e+00	0.00e+00	0.00e+00
 2.86335e+17	2.30e-01	7.66e-01	3.57e-03	6.30e-06	0.00e+00	0.00e+00	0.00e+00	0.00e+00
 2.87664e+17	2.50e-01	7.47e-01	2.96e-03	5.57e-06	0.00e+00	0.00e+00	0.00e+00	0.00e+00
 2.88702e+17	2.68e-01	7.30e-01	2.54e-03	5.06e-06	0.00e+00	0.00e+00	0.00e+00	0.00e+00
 2.89349e+17	2.78e-01	7.19e-01	2.31e-03	4.81e-06	0.00e+00	0.00e+00	0.00e+00	0.00e+00
 2.89962e+17	2.88e-01	7.09e-01	2.12e-03	4.58e-06	0.00e+00	0.00e+00	0.00e+00	0.00e+00
 2.90757e+17	3.03e-01	6.95e-01	1.87e-03	4.26e-06	0.00e+00	0.00e+00	0.00e+00	0.00e+00
 2.91624e+17	3.20e-01	6.78e-01	1.63e-03	3.95e-06	0.00e+00	0.00e+00	0.00e+00	0.00e+00
 2.92378e+17	3.35e-01	6.63e-01	1.45e-03	3.70e-06	0.00e+00	0.00e+00	0.00e+00	0.00e+00
 2.93029e+17	3.48e-01	6.50e-01	1.31e-03	3.51e-06	0.00e+00	0.00e+00	0.00e+00	0.00e+00
 2.93700e+17	3.63e-01	6.36e-01	1.17e-03	3.31e-06	0.00e+00	0.00e+00	0.00e+00	0.00e+00
 2.94442e+17	3.79e-01	6.20e-01	1.03e-03	3.11e-06	0.00e+00	0.00e+00	0.00e+00	0.00e+00
 2.95186e+17	3.96e-01	6.03e-01	9.09e-04	2.92e-06	0.00e+00	0.00e+00	0.00e+00	0.00e+00
 2.95870e+17	4.12e-01	5.87e-01	8.07e-04	2.75e-06	0.00e+00	0.00e+00	0.00e+00	0.00e+00
 2.96521e+17	4.26e-01	5.73e-01	7.23e-04	2.61e-06	0.00e+00	0.00e+00	0.00e+00	0.00e+00
 2.97202e+17	4.43e-01	5.57e-01	6.41e-04	2.46e-06	0.00e+00	0.00e+00	0.00e+00	0.00e+00
 2.97919e+17	4.60e-01	5.40e-01	5.64e-04	2.31e-06	0.00e+00	0.00e+00	0.00e+00	0.00e+00
 2.98616e+17	4.77e-01	5.23e-01	4.97e-04	2.17e-06	0.00e+00	0.00e+00	0.00e+00	0.00e+00
 2.99281e+17	4.93e-01	5.07e-01	4.43e-04	2.06e-06	0.00e+00	0.00e+00	0.00e+00	0.00e+00
 2.99950e+17	5.09e-01	4.91e-01	3.92e-04	1.94e-06	0.00e+00	0.00e+00	0.00e+00	0.00e+00
 3.00651e+17	5.25e-01	4.74e-01	3.47e-04	1.83e-06	0.00e+00	0.00e+00	0.00e+00	0.00e+00
 3.01364e+17	5.43e-01	4.57e-01	3.04e-04	1.72e-06	0.00e+00	0.00e+00	0.00e+00	0.00e+00
 3.02062e+17	5.59e-01	4.41e-01	2.69e-04	1.63e-06	0.00e+00	0.00e+00	0.00e+00	0.00e+00
 3.02750e+17	5.75e-01	4.25e-01	2.38e-04	1.53e-06	0.00e+00	0.00e+00	0.00e+00	0.00e+00
 3.03460e+17	5.90e-01	4.09e-01	2.11e-04	1.45e-06	0.00e+00	0.00e+00	0.00e+00	0.00e+00
 3.04201e+17	6.07e-01	3.93e-01	1.85e-04	1.36e-06	0.00e+00	0.00e+00	0.00e+00	0.00e+00
 3.04938e+17	6.22e-01	3.78e-01	1.64e-04	1.28e-06	0.00e+00	0.00e+00	0.00e+00	0.00e+00
 3.05662e+17	6.37e-01	3.63e-01	1.45e-04	1.21e-06	0.00e+00	0.00e+00	0.00e+00	0.00e+00
 3.06384e+17	6.51e-01	3.49e-01	1.29e-04	1.14e-06	0.00e+00	0.00e+00	0.00e+00	0.00e+00
 3.07137e+17	6.64e-01	3.36e-01	1.16e-04	1.09e-06	0.00e+00	0.00e+00	0.00e+00	0.00e+00
 3.07935e+17	6.79e-01	3.21e-01	1.02e-04	1.02e-06	0.00e+00	0.00e+00	0.00e+00	0.00e+00
 3.08737e+17	6.91e-01	3.09e-01	9.16e-05	9.66e-07	0.00e+00	0.00e+00	0.00e+00	0.00e+00
 3.09551e+17	7.04e-01	2.96e-01	8.19e-05	0.00e+00	0.00e+00	0.00e+00	0.00e+00	0.00e+00
 3.10415e+17	7.16e-01	2.84e-01	7.34e-05	0.00e+00	0.00e+00	0.00e+00	0.00e+00	0.00e+00
 3.11259e+17	7.28e-01	2.72e-01	6.64e-05	0.00e+00	0.00e+00	0.00e+00	0.00e+00	0.00e+00
 3.12099e+17	7.37e-01	2.63e-01	6.05e-05	0.00e+00	0.00e+00	0.00e+00	0.00e+00	0.00e+00
 3.13092e+17	7.48e-01	2.52e-01	5.48e-05	0.00e+00	0.00e+00	0.00e+00	0.00e+00	0.00e+00
 3.14227e+17	7.60e-01	2.40e-01	4.92e-05	0.00e+00	0.00e+00	0.00e+00	0.00e+00	0.00e+00
 3.15329e+17	7.69e-01	2.31e-01	4.49e-05	0.00e+00	0.00e+00	0.00e+00	0.00e+00	0.00e+00
 3.16482e+17	7.79e-01	2.21e-01	4.10e-05	0.00e+00	0.00e+00	0.00e+00	0.00e+00	0.00e+00
 3.17944e+17	7.88e-01	2.11e-01	3.72e-05	0.00e+00	0.00e+00	0.00e+00	0.00e+00	0.00e+00
 3.19476e+17	7.98e-01	2.02e-01	3.41e-05	0.00e+00	0.00e+00	0.00e+00	0.00e+00	0.00e+00
 3.20969e+17	8.06e-01	1.94e-01	3.15e-05	0.00e+00	0.00e+00	0.00e+00	0.00e+00	0.00e+00
 3.22624e+17	8.13e-01	1.87e-01	2.94e-05	0.00e+00	0.00e+00	0.00e+00	0.00e+00	0.00e+00
 3.24606e+17	8.21e-01	1.79e-01	2.73e-05	0.00e+00	0.00e+00	0.00e+00	0.00e+00	0.00e+00
 3.26996e+17	8.29e-01	1.71e-01	2.51e-05	0.00e+00	0.00e+00	0.00e+00	0.00e+00	0.00e+00
 3.29638e+17	8.37e-01	1.63e-01	2.31e-05	0.00e+00	0.00e+00	0.00e+00	0.00e+00	0.00e+00
 3.32430e+17	8.45e-01	1.55e-01	2.14e-05	0.00e+00	0.00e+00	0.00e+00	0.00e+00	0.00e+00
 3.35324e+17	8.53e-01	1.47e-01	1.97e-05	0.00e+00	0.00e+00	0.00e+00	0.00e+00	0.00e+00
 3.38207e+17	8.59e-01	1.41e-01	1.85e-05	0.00e+00	0.00e+00	0.00e+00	0.00e+00	0.00e+00
 3.41081e+17	8.66e-01	1.34e-01	1.71e-05	0.00e+00	0.00e+00	0.00e+00	0.00e+00	0.00e+00
 3.43890e+17	8.72e-01	1.28e-01	1.61e-05	0.00e+00	0.00e+00	0.00e+00	0.00e+00	0.00e+00
 3.46581e+17	8.78e-01	1.22e-01	1.51e-05	0.00e+00	0.00e+00	0.00e+00	0.00e+00	0.00e+00
 3.49187e+17	8.84e-01	1.16e-01	1.42e-05	0.00e+00	0.00e+00	0.00e+00	0.00e+00	0.00e+00
 3.51633e+17	8.89e-01	1.11e-01	1.35e-05	0.00e+00	0.00e+00	0.00e+00	0.00e+00	0.00e+00
 3.53951e+17	8.94e-01	1.06e-01	1.28e-05	0.00e+00	0.00e+00	0.00e+00	0.00e+00	0.00e+00
 3.56133e+17	8.98e-01	1.02e-01	1.22e-05	0.00e+00	0.00e+00	0.00e+00	0.00e+00	0.00e+00
 3.58268e+17	9.03e-01	9.72e-02	1.16e-05	0.00e+00	0.00e+00	0.00e+00	0.00e+00	0.00e+00
 3.60348e+17	9.07e-01	9.34e-02	1.11e-05	0.00e+00	0.00e+00	0.00e+00	0.00e+00	0.00e+00
 3.62319e+17	9.11e-01	8.92e-02	1.07e-05	0.00e+00	0.00e+00	0.00e+00	0.00e+00	0.00e+00
 3.64180e+17	9.14e-01	8.56e-02	1.02e-05	0.00e+00	0.00e+00	0.00e+00	0.00e+00	0.00e+00
 3.65938e+17	9.18e-01	8.24e-02	9.86e-06	0.00e+00	0.00e+00	0.00e+00	0.00e+00	0.00e+00
 3.67661e+17	9.21e-01	7.88e-02	9.48e-06	0.00e+00	0.00e+00	0.00e+00	0.00e+00	0.00e+00
 3.69331e+17	9.24e-01	7.55e-02	9.14e-06	0.00e+00	0.00e+00	0.00e+00	0.00e+00	0.00e+00
 3.70901e+17	9.27e-01	7.27e-02	8.84e-06	0.00e+00	0.00e+00	0.00e+00	0.00e+00	0.00e+00
 3.72354e+17	9.30e-01	7.01e-02	8.57e-06	0.00e+00	0.00e+00	0.00e+00	0.00e+00	0.00e+00
 3.73750e+17	9.32e-01	6.78e-02	8.37e-06	0.00e+00	0.00e+00	0.00e+00	0.00e+00	0.00e+00
 3.75320e+17	9.36e-01	6.43e-02	8.01e-06	0.00e+00	0.00e+00	0.00e+00	0.00e+00	0.00e+00
 3.76814e+17	9.38e-01	6.16e-02	7.75e-06	0.00e+00	0.00e+00	0.00e+00	0.00e+00	0.00e+00
 3.77943e+17	9.40e-01	5.96e-02	7.56e-06	0.00e+00	0.00e+00	0.00e+00	0.00e+00	0.00e+00
 3.78964e+17	9.42e-01	5.80e-02	7.41e-06	0.00e+00	0.00e+00	0.00e+00	0.00e+00	0.00e+00
 3.80131e+17	9.44e-01	5.55e-02	7.18e-06	0.00e+00	0.00e+00	0.00e+00	0.00e+00	0.00e+00
 3.81315e+17	9.47e-01	5.32e-02	6.97e-06	0.00e+00	0.00e+00	0.00e+00	0.00e+00	0.00e+00
 3.82268e+17	9.48e-01	5.16e-02	6.84e-06	0.00e+00	0.00e+00	0.00e+00	0.00e+00	0.00e+00
 3.83182e+17	9.50e-01	4.99e-02	6.66e-06	0.00e+00	0.00e+00	0.00e+00	0.00e+00	0.00e+00
 3.84106e+17	9.52e-01	4.85e-02	6.55e-06	0.00e+00	0.00e+00	0.00e+00	0.00e+00	0.00e+00
 3.85032e+17	9.54e-01	4.62e-02	6.34e-06	0.00e+00	0.00e+00	0.00e+00	0.00e+00	0.00e+00
 3.85883e+17	9.55e-01	4.45e-02	6.19e-06	0.00e+00	0.00e+00	0.00e+00	0.00e+00	0.00e+00
 3.86553e+17	9.56e-01	4.38e-02	6.12e-06	0.00e+00	0.00e+00	0.00e+00	0.00e+00	0.00e+00
 3.87259e+17	9.58e-01	4.22e-02	5.98e-06	0.00e+00	0.00e+00	0.00e+00	0.00e+00	0.00e+00
 3.87987e+17	9.59e-01	4.06e-02	5.84e-06	0.00e+00	0.00e+00	0.00e+00	0.00e+00	0.00e+00
 3.88584e+17	9.60e-01	3.99e-02	5.77e-06	0.00e+00	0.00e+00	0.00e+00	0.00e+00	0.00e+00
 3.89200e+17	9.60e-01	3.95e-02	5.74e-06	0.00e+00	0.00e+00	0.00e+00	0.00e+00	0.00e+00
 3.90001e+17	9.62e-01	3.83e-02	5.64e-06	0.00e+00	0.00e+00	0.00e+00	0.00e+00	0.00e+00
 3.90915e+17	9.64e-01	3.63e-02	5.46e-06	0.00e+00	0.00e+00	0.00e+00	0.00e+00	0.00e+00
 3.91650e+17	9.65e-01	3.47e-02	5.33e-06	0.00e+00	0.00e+00	0.00e+00	0.00e+00	0.00e+00
 3.92115e+17	9.66e-01	3.43e-02	5.29e-06	0.00e+00	0.00e+00	0.00e+00	0.00e+00	0.00e+00
 3.92553e+17	9.66e-01	3.37e-02	5.23e-06	0.00e+00	0.00e+00	0.00e+00	0.00e+00	0.00e+00
 3.93123e+17	9.68e-01	3.23e-02	5.10e-06	0.00e+00	0.00e+00	0.00e+00	0.00e+00	0.00e+00
 3.93658e+17	9.69e-01	3.08e-02	4.98e-06	0.00e+00	0.00e+00	0.00e+00	0.00e+00	0.00e+00
 3.94022e+17	9.69e-01	3.06e-02	4.95e-06	0.00e+00	0.00e+00	0.00e+00	0.00e+00	0.00e+00
 3.94368e+17	9.69e-01	3.06e-02	4.92e-06	0.00e+00	0.00e+00	0.00e+00	0.00e+00	0.00e+00
 3.94817e+17	9.70e-01	2.98e-02	4.85e-06	0.00e+00	0.00e+00	0.00e+00	0.00e+00	0.00e+00
 3.95324e+17	9.72e-01	2.82e-02	4.71e-06	0.00e+00	0.00e+00	0.00e+00	0.00e+00	0.00e+00
 3.95715e+17	9.73e-01	2.71e-02	4.61e-06	0.00e+00	0.00e+00	0.00e+00	0.00e+00	0.00e+00
 3.95958e+17	9.73e-01	2.69e-02	4.58e-06	0.00e+00	0.00e+00	0.00e+00	0.00e+00	0.00e+00
 3.96196e+17	9.73e-01	2.67e-02	4.56e-06	0.00e+00	0.00e+00	0.00e+00	0.00e+00	0.00e+00
 3.96507e+17	9.74e-01	2.61e-02	4.51e-06	0.00e+00	0.00e+00	0.00e+00	0.00e+00	0.00e+00
 3.96880e+17	9.75e-01	2.50e-02	4.40e-06	0.00e+00	0.00e+00	0.00e+00	0.00e+00	0.00e+00
 3.97198e+17	9.76e-01	2.40e-02	4.31e-06	0.00e+00	0.00e+00	0.00e+00	0.00e+00	0.00e+00
 3.97399e+17	9.76e-01	2.37e-02	4.28e-06	0.00e+00	0.00e+00	0.00e+00	0.00e+00	0.00e+00
 3.97582e+17	9.76e-01	2.35e-02	4.25e-06	0.00e+00	0.00e+00	0.00e+00	0.00e+00	0.00e+00
 3.97819e+17	9.77e-01	2.32e-02	4.22e-06	0.00e+00	0.00e+00	0.00e+00	0.00e+00	0.00e+00
 3.98128e+17	9.78e-01	2.20e-02	4.12e-06	0.00e+00	0.00e+00	0.00e+00	0.00e+00	0.00e+00
 3.98405e+17	9.79e-01	2.09e-02	4.02e-06	0.00e+00	0.00e+00	0.00e+00	0.00e+00	0.00e+00
 3.98565e+17	9.79e-01	2.08e-02	3.99e-06	0.00e+00	0.00e+00	0.00e+00	0.00e+00	0.00e+00
 3.98700e+17	9.79e-01	2.06e-02	3.97e-06	0.00e+00	0.00e+00	0.00e+00	0.00e+00	0.00e+00
 3.98875e+17	9.80e-01	2.03e-02	3.94e-06	0.00e+00	0.00e+00	0.00e+00	0.00e+00	0.00e+00
 3.99103e+17	9.80e-01	1.98e-02	3.89e-06	0.00e+00	0.00e+00	0.00e+00	0.00e+00	0.00e+00
 3.99371e+17	9.82e-01	1.83e-02	3.74e-06	0.00e+00	0.00e+00	0.00e+00	0.00e+00	0.00e+00
 3.99569e+17	9.82e-01	1.75e-02	3.65e-06	0.00e+00	0.00e+00	0.00e+00	0.00e+00	0.00e+00
 3.99663e+17	9.83e-01	1.75e-02	3.64e-06	0.00e+00	0.00e+00	0.00e+00	0.00e+00	0.00e+00
 3.99744e+17	9.83e-01	1.75e-02	3.63e-06	0.00e+00	0.00e+00	0.00e+00	0.00e+00	0.00e+00
 3.99848e+17	9.83e-01	1.74e-02	3.61e-06	0.00e+00	0.00e+00	0.00e+00	0.00e+00	0.00e+00
 3.99985e+17	9.83e-01	1.71e-02	3.59e-06	0.00e+00	0.00e+00	0.00e+00	0.00e+00	0.00e+00
 4.00159e+17	9.83e-01	1.67e-02	3.56e-06	0.00e+00	0.00e+00	0.00e+00	0.00e+00	0.00e+00
 4.00316e+17	9.84e-01	1.59e-02	3.47e-06	0.00e+00	0.00e+00	0.00e+00	0.00e+00	0.00e+00
 4.00412e+17	9.84e-01	1.56e-02	3.44e-06	0.00e+00	0.00e+00	0.00e+00	0.00e+00	0.00e+00
 4.00489e+17	9.84e-01	1.56e-02	3.42e-06	0.00e+00	0.00e+00	0.00e+00	0.00e+00	0.00e+00
 4.00581e+17	9.85e-01	1.54e-02	3.40e-06	0.00e+00	0.00e+00	0.00e+00	0.00e+00	0.00e+00
 4.00702e+17	9.85e-01	1.51e-02	3.37e-06	0.00e+00	0.00e+00	0.00e+00	0.00e+00	0.00e+00
 4.00836e+17	9.86e-01	1.44e-02	3.30e-06	0.00e+00	0.00e+00	0.00e+00	0.00e+00	0.00e+00
 4.00943e+17	9.87e-01	1.35e-02	3.18e-06	0.00e+00	0.00e+00	0.00e+00	0.00e+00	0.00e+00
 4.01006e+17	9.87e-01	1.33e-02	3.15e-06	0.00e+00	0.00e+00	0.00e+00	0.00e+00	0.00e+00
 4.01062e+17	9.87e-01	1.32e-02	3.13e-06	0.00e+00	0.00e+00	0.00e+00	0.00e+00	0.00e+00
 4.01133e+17	9.87e-01	1.30e-02	3.11e-06	0.00e+00	0.00e+00	0.00e+00	0.00e+00	0.00e+00
 4.01226e+17	9.87e-01	1.28e-02	3.08e-06	0.00e+00	0.00e+00	0.00e+00	0.00e+00	0.00e+00
 4.01346e+17	9.88e-01	1.18e-02	2.95e-06	0.00e+00	0.00e+00	0.00e+00	0.00e+00	0.00e+00
 4.01475e+17	9.94e-01	5.54e-03	1.70e-06	0.00e+00	0.00e+00	0.00e+00	0.00e+00	0.00e+00
 4.01592e+17	9.95e-01	5.00e-03	1.54e-06	0.00e+00	0.00e+00	0.00e+00	0.00e+00	0.00e+00
 4.01699e+17	9.95e-01	4.68e-03	1.45e-06	0.00e+00	0.00e+00	0.00e+00	0.00e+00	0.00e+00
 4.01795e+17	9.95e-01	4.53e-03	1.41e-06	0.00e+00	0.00e+00	0.00e+00	0.00e+00	0.00e+00
 4.01884e+17	9.96e-01	4.44e-03	1.39e-06	0.00e+00	0.00e+00	0.00e+00	0.00e+00	0.00e+00
 4.01964e+17	9.96e-01	4.36e-03	1.36e-06	0.00e+00	0.00e+00	0.00e+00	0.00e+00	0.00e+00
 4.02052e+17	9.96e-01	4.32e-03	1.35e-06	0.00e+00	0.00e+00	0.00e+00	0.00e+00	0.00e+00
 4.02166e+17	9.96e-01	4.11e-03	1.30e-06	0.00e+00	0.00e+00	0.00e+00	0.00e+00	0.00e+00
 4.02290e+17	9.96e-01	3.89e-03	1.24e-06	0.00e+00	0.00e+00	0.00e+00	0.00e+00	0.00e+00
 4.02402e+17	9.96e-01	3.78e-03	1.20e-06	0.00e+00	0.00e+00	0.00e+00	0.00e+00	0.00e+00
 4.02504e+17	9.96e-01	3.71e-03	1.18e-06	0.00e+00	0.00e+00	0.00e+00	0.00e+00	0.00e+00
 4.02613e+17	9.96e-01	3.64e-03	1.17e-06	0.00e+00	0.00e+00	0.00e+00	0.00e+00	0.00e+00
 4.02744e+17	9.96e-01	3.51e-03	1.13e-06	0.00e+00	0.00e+00	0.00e+00	0.00e+00	0.00e+00
 4.02883e+17	9.97e-01	3.37e-03	1.09e-06	0.00e+00	0.00e+00	0.00e+00	0.00e+00	0.00e+00
 4.03008e+17	9.97e-01	3.29e-03	1.07e-06	0.00e+00	0.00e+00	0.00e+00	0.00e+00	0.00e+00
 4.03123e+17	9.97e-01	3.23e-03	1.05e-06	0.00e+00	0.00e+00	0.00e+00	0.00e+00	0.00e+00
 4.03232e+17	9.97e-01	3.17e-03	1.04e-06	0.00e+00	0.00e+00	0.00e+00	0.00e+00	0.00e+00
 4.03345e+17	9.97e-01	3.11e-03	1.02e-06	0.00e+00	0.00e+00	0.00e+00	0.00e+00	0.00e+00
 4.03462e+17	9.97e-01	3.03e-03	1.00e-06	0.00e+00	0.00e+00	0.00e+00	0.00e+00	0.00e+00
 4.03574e+17	9.97e-01	2.97e-03	9.85e-07	0.00e+00	0.00e+00	0.00e+00	0.00e+00	0.00e+00
 4.03675e+17	9.97e-01	2.93e-03	9.77e-07	0.00e+00	0.00e+00	0.00e+00	0.00e+00	0.00e+00
 4.03784e+17	9.97e-01	2.88e-03	9.62e-07	0.00e+00	0.00e+00	0.00e+00	0.00e+00	0.00e+00
 4.03913e+17	9.97e-01	2.79e-03	9.42e-07	0.00e+00	0.00e+00	0.00e+00	0.00e+00	0.00e+00
 4.04040e+17	9.97e-01	2.71e-03	9.22e-07	0.00e+00	0.00e+00	0.00e+00	0.00e+00	0.00e+00
 4.04155e+17	9.97e-01	2.66e-03	9.08e-07	0.00e+00	0.00e+00	0.00e+00	0.00e+00	0.00e+00
 4.04262e+17	9.97e-01	2.63e-03	9.01e-07	0.00e+00	0.00e+00	0.00e+00	0.00e+00	0.00e+00
 4.04379e+17	9.97e-01	2.59e-03	8.94e-07	0.00e+00	0.00e+00	0.00e+00	0.00e+00	0.00e+00
 4.04524e+17	9.97e-01	2.51e-03	8.74e-07	0.00e+00	0.00e+00	0.00e+00	0.00e+00	0.00e+00
 4.04676e+17	9.98e-01	2.42e-03	8.55e-07	0.00e+00	0.00e+00	0.00e+00	0.00e+00	0.00e+00
 4.04815e+17	9.98e-01	2.38e-03	8.47e-07	0.00e+00	0.00e+00	0.00e+00	0.00e+00	0.00e+00
 4.04942e+17	9.98e-01	2.34e-03	8.40e-07	0.00e+00	0.00e+00	0.00e+00	0.00e+00	0.00e+00
 4.05069e+17	9.98e-01	2.31e-03	8.33e-07	0.00e+00	0.00e+00	0.00e+00	0.00e+00	0.00e+00
 4.05209e+17	9.98e-01	2.26e-03	8.27e-07	0.00e+00	0.00e+00	0.00e+00	0.00e+00	0.00e+00
 4.05353e+17	9.98e-01	2.20e-03	8.14e-07	0.00e+00	0.00e+00	0.00e+00	0.00e+00	0.00e+00
 4.05478e+17	9.98e-01	2.16e-03	8.10e-07	0.00e+00	0.00e+00	0.00e+00	0.00e+00	0.00e+00
 4.05592e+17	9.98e-01	2.15e-03	8.08e-07	0.00e+00	0.00e+00	0.00e+00	0.00e+00	0.00e+00
 4.05727e+17	9.98e-01	2.11e-03	8.05e-07	0.00e+00	0.00e+00	0.00e+00	0.00e+00	0.00e+00
 4.05886e+17	9.98e-01	2.05e-03	8.00e-07	0.00e+00	0.00e+00	0.00e+00	0.00e+00	0.00e+00
 4.06035e+17	9.98e-01	2.00e-03	7.97e-07	0.00e+00	0.00e+00	0.00e+00	0.00e+00	0.00e+00
###########################
 3.82785e+13	5.22e-04	1.52e-01	7.25e-01	1.18e-01	3.79e-03	3.30e-05	0.00e+00	0.00e+00
 2.29671e+14	5.22e-04	1.52e-01	7.25e-01	1.18e-01	3.79e-03	3.30e-05	0.00e+00	0.00e+00
 9.95242e+14	5.19e-04	1.51e-01	7.27e-01	1.18e-01	3.77e-03	3.28e-05	0.00e+00	0.00e+00
 4.05753e+15	5.18e-04	1.48e-01	7.31e-01	1.17e-01	3.64e-03	3.17e-05	0.00e+00	0.00e+00
 9.69213e+15	5.11e-04	1.42e-01	7.38e-01	1.16e-01	3.51e-03	3.07e-05	0.00e+00	0.00e+00
 1.70171e+16	5.17e-04	1.39e-01	7.45e-01	1.12e-01	3.24e-03	2.84e-05	0.00e+00	0.00e+00
 2.65396e+16	5.39e-04	1.39e-01	7.52e-01	1.06e-01	2.87e-03	2.50e-05	0.00e+00	0.00e+00
 3.89188e+16	5.92e-04	1.45e-01	7.57e-01	9.53e-02	2.39e-03	2.04e-05	0.00e+00	0.00e+00
 5.49228e+16	7.07e-04	1.59e-01	7.58e-01	8.05e-02	1.80e-03	1.49e-05	0.00e+00	0.00e+00
 6.97232e+16	8.35e-04	1.74e-01	7.55e-01	6.86e-02	1.39e-03	1.12e-05	0.00e+00	0.00e+00
 7.95449e+16	9.72e-04	1.90e-01	7.48e-01	6.01e-02	1.13e-03	8.79e-06	0.00e+00	0.00e+00
 8.66237e+16	1.10e-03	2.04e-01	7.39e-01	5.43e-02	9.71e-04	7.31e-06	0.00e+00	0.00e+00
 9.26934e+16	1.23e-03	2.18e-01	7.30e-01	4.94e-02	8.42e-04	6.17e-06	0.00e+00	0.00e+00
 9.96377e+16	1.43e-03	2.39e-01	7.15e-01	4.36e-02	6.99e-04	4.92e-06	0.00e+00	0.00e+00
 1.06746e+17	1.63e-03	2.59e-01	7.00e-01	3.87e-02	5.87e-04	3.98e-06	0.00e+00	0.00e+00
 1.12783e+17	1.84e-03	2.78e-01	6.85e-01	3.48e-02	5.03e-04	3.29e-06	0.00e+00	0.00e+00
 1.19344e+17	2.12e-03	3.01e-01	6.66e-01	3.07e-02	4.20e-04	2.64e-06	0.00e+00	0.00e+00
 1.26458e+17	2.46e-03	3.27e-01	6.44e-01	2.67e-02	3.47e-04	2.08e-06	0.00e+00	0.00e+00
 1.32927e+17	2.81e-03	3.52e-01	6.21e-01	2.34e-02	2.90e-04	1.66e-06	0.00e+00	0.00e+00
 1.39970e+17	3.29e-03	3.83e-01	5.93e-01	2.00e-02	2.35e-04	1.27e-06	0.00e+00	0.00e+00
 1.47032e+17	3.80e-03	4.14e-01	5.65e-01	1.71e-02	1.92e-04	9.78e-07	0.00e+00	0.00e+00
 1.52793e+17	4.32e-03	4.42e-01	5.38e-01	1.48e-02	1.60e-04	0.00e+00	0.00e+00	0.00e+00
 1.58957e+17	4.97e-03	4.74e-01	5.08e-01	1.26e-02	1.31e-04	0.00e+00	0.00e+00	0.00e+00
 1.65902e+17	5.84e-03	5.12e-01	4.71e-01	1.03e-02	1.03e-04	0.00e+00	0.00e+00	0.00e+00
 1.72472e+17	6.80e-03	5.49e-01	4.36e-01	8.39e-03	8.16e-05	0.00e+00	0.00e+00	0.00e+00
 1.78557e+17	7.87e-03	5.85e-01	4.00e-01	6.81e-03	6.45e-05	0.00e+00	0.00e+00	0.00e+00
 1.85398e+17	9.37e-03	6.28e-01	3.57e-01	5.23e-03	4.83e-05	0.00e+00	0.00e+00	0.00e+00
 1.92536e+17	1.13e-02	6.73e-01	3.12e-01	3.88e-03	3.51e-05	0.00e+00	0.00e+00	0.00e+00
 1.98429e+17	1.32e-02	7.10e-01	2.74e-01	2.94e-03	2.62e-05	0.00e+00	0.00e+00	0.00e+00
 2.03527e+17	1.53e-02	7.42e-01	2.40e-01	2.24e-03	1.99e-05	0.00e+00	0.00e+00	0.00e+00
 2.09224e+17	1.81e-02	7.77e-01	2.03e-01	1.60e-03	1.42e-05	0.00e+00	0.00e+00	0.00e+00
 2.15060e+17	2.17e-02	8.10e-01	1.67e-01	1.10e-03	9.68e-06	0.00e+00	0.00e+00	0.00e+00
 2.19544e+17	2.52e-02	8.34e-01	1.40e-01	7.92e-04	7.00e-06	0.00e+00	0.00e+00	0.00e+00
 2.22985e+17	2.84e-02	8.50e-01	1.21e-01	6.04e-04	5.35e-06	0.00e+00	0.00e+00	0.00e+00
 2.26607e+17	3.24e-02	8.66e-01	1.02e-01	4.42e-04	3.94e-06	0.00e+00	0.00e+00	0.00e+00
 2.30449e+17	3.76e-02	8.79e-01	8.28e-02	3.09e-04	2.76e-06	0.00e+00	0.00e+00	0.00e+00
 2.33603e+17	4.27e-02	8.88e-01	6.91e-02	2.27e-04	2.03e-06	0.00e+00	0.00e+00	0.00e+00
 2.36146e+17	4.76e-02	8.93e-01	5.88e-02	1.74e-04	1.56e-06	0.00e+00	0.00e+00	0.00e+00
 2.38869e+17	5.39e-02	8.97e-01	4.86e-02	1.28e-04	1.14e-06	0.00e+00	0.00e+00	0.00e+00
 2.41731e+17	6.16e-02	8.99e-01	3.94e-02	9.21e-05	8.13e-07	0.00e+00	0.00e+00	0.00e+00
 2.44093e+17	6.92e-02	8.98e-01	3.26e-02	6.95e-05	0.00e+00	0.00e+00	0.00e+00	0.00e+00
 2.46075e+17	7.67e-02	8.96e-01	2.76e-02	5.46e-05	0.00e+00	0.00e+00	0.00e+00	0.00e+00
 2.48246e+17	8.62e-02	8.91e-01	2.27e-02	4.15e-05	0.00e+00	0.00e+00	0.00e+00	0.00e+00
 2.50579e+17	9.82e-02	8.84e-01	1.82e-02	3.11e-05	0.00e+00	0.00e+00	0.00e+00	0.00e+00
 2.52593e+17	1.10e-01	8.75e-01	1.48e-02	2.42e-05	0.00e+00	0.00e+00	0.00e+00	0.00e+00
 2.54343e+17	1.22e-01	8.65e-01	1.23e-02	1.95e-05	0.00e+00	0.00e+00	0.00e+00	0.00e+00
 2.56189e+17	1.37e-01	8.53e-01	9.98e-03	1.56e-05	0.00e+00	0.00e+00	0.00e+00	0.00e+00
 2.58181e+17	1.56e-01	8.37e-01	7.90e-03	1.24e-05	0.00e+00	0.00e+00	0.00e+00	0.00e+00
 2.60007e+17	1.75e-01	8.19e-01	6.31e-03	1.01e-05	0.00e+00	0.00e+00	0.00e+00	0.00e+00
 2.61542e+17	1.93e-01	8.02e-01	5.19e-03	8.54e-06	0.00e+00	0.00e+00	0.00e+00	0.00e+00
 2.62895e+17	2.10e-01	7.85e-01	4.33e-03	7.43e-06	0.00e+00	0.00e+00	0.00e+00	0.00e+00
 2.64201e+17	2.29e-01	7.68e-01	3.62e-03	6.53e-06	0.00e+00	0.00e+00	0.00e+00	0.00e+00
 2.65471e+17	2.48e-01	7.49e-01	3.03e-03	5.77e-06	0.00e+00	0.00e+00	0.00e+00	0.00e+00
 2.66456e+17	2.64e-01	7.34e-01	2.64e-03	5.28e-06	0.00e+00	0.00e+00	0.00e+00	0.00e+00
 2.67100e+17	2.74e-01	7.24e-01	2.42e-03	5.01e-06	0.00e+00	0.00e+00	0.00e+00	0.00e+00
 2.67730e+17	2.85e-01	7.13e-01	2.20e-03	4.73e-06	0.00e+00	0.00e+00	0.00e+00	0.00e+00
 2.68500e+17	2.99e-01	6.99e-01	1.95e-03	4.40e-06	0.00e+00	0.00e+00	0.00e+00	0.00e+00
 2.69303e+17	3.14e-01	6.84e-01	1.73e-03	4.10e-06	0.00e+00	0.00e+00	0.00e+00	0.00e+00
 2.70029e+17	3.28e-01	6.70e-01	1.55e-03	3.85e-06	0.00e+00	0.00e+00	0.00e+00	0.00e+00
 2.70715e+17	3.42e-01	6.57e-01	1.39e-03	3.64e-06	0.00e+00	0.00e+00	0.00e+00	0.00e+00
 2.71425e+17	3.57e-01	6.42e-01	1.24e-03	3.42e-06	0.00e+00	0.00e+00	0.00e+00	0.00e+00
 2.72157e+17	3.72e-01	6.27e-01	1.10e-03	3.22e-06	0.00e+00	0.00e+00	0.00e+00	0.00e+00
 2.72877e+17	3.88e-01	6.11e-01	9.83e-04	3.03e-06	0.00e+00	0.00e+00	0.00e+00	0.00e+00
 2.73583e+17	4.03e-01	5.96e-01	8.77e-04	2.86e-06	0.00e+00	0.00e+00	0.00e+00	0.00e+00
 2.74290e+17	4.19e-01	5.81e-01	7.80e-04	2.69e-06	0.00e+00	0.00e+00	0.00e+00	0.00e+00
 2.75007e+17	4.35e-01	5.65e-01	6.93e-04	2.54e-06	0.00e+00	0.00e+00	0.00e+00	0.00e+00
 2.75728e+17	4.51e-01	5.49e-01	6.15e-04	2.40e-06	0.00e+00	0.00e+00	0.00e+00	0.00e+00
 2.76449e+17	4.67e-01	5.32e-01	5.45e-04	2.26e-06	0.00e+00	0.00e+00	0.00e+00	0.00e+00
 2.77172e+17	4.83e-01	5.16e-01	4.83e-04	2.13e-06	0.00e+00	0.00e+00	0.00e+00	0.00e+00
 2.77901e+17	5.00e-01	5.00e-01	4.27e-04	2.01e-06	0.00e+00	0.00e+00	0.00e+00	0.00e+00
 2.78640e+17	5.16e-01	4.83e-01	3.79e-04	1.90e-06	0.00e+00	0.00e+00	0.00e+00	0.00e+00
 2.79390e+17	5.33e-01	4.67e-01	3.34e-04	1.79e-06	0.00e+00	0.00e+00	0.00e+00	0.00e+00
 2.80149e+17	5.49e-01	4.50e-01	2.96e-04	1.69e-06	0.00e+00	0.00e+00	0.00e+00	0.00e+00
 2.80917e+17	5.66e-01	4.34e-01	2.60e-04	1.59e-06	0.00e+00	0.00e+00	0.00e+00	0.00e+00
 2.81698e+17	5.82e-01	4.18e-01	2.30e-04	1.50e-06	0.00e+00	0.00e+00	0.00e+00	0.00e+00
 2.82498e+17	5.98e-01	4.02e-01	2.03e-04	1.41e-06	0.00e+00	0.00e+00	0.00e+00	0.00e+00
 2.83301e+17	6.13e-01	3.86e-01	1.80e-04	1.33e-06	0.00e+00	0.00e+00	0.00e+00	0.00e+00
 2.84118e+17	6.29e-01	3.71e-01	1.59e-04	1.25e-06	0.00e+00	0.00e+00	0.00e+00	0.00e+00
 2.84945e+17	6.43e-01	3.57e-01	1.41e-04	1.19e-06	0.00e+00	0.00e+00	0.00e+00	0.00e+00
 2.85815e+17	6.58e-01	3.42e-01	1.25e-04	1.11e-06	0.00e+00	0.00e+00	0.00e+00	0.00e+00
 2.86752e+17	6.73e-01	3.27e-01	1.10e-04	1.05e-06	0.00e+00	0.00e+00	0.00e+00	0.00e+00
 2.87713e+17	6.87e-01	3.13e-01	9.70e-05	9.84e-07	0.00e+00	0.00e+00	0.00e+00	0.00e+00
 2.88647e+17	6.99e-01	3.01e-01	8.74e-05	0.00e+00	0.00e+00	0.00e+00	0.00e+00	0.00e+00
 2.89582e+17	7.11e-01	2.89e-01	7.84e-05	0.00e+00	0.00e+00	0.00e+00	0.00e+00	0.00e+00
 2.90622e+17	7.23e-01	2.77e-01	7.04e-05	0.00e+00	0.00e+00	0.00e+00	0.00e+00	0.00e+00
 2.91680e+17	7.34e-01	2.66e-01	6.37e-05	0.00e+00	0.00e+00	0.00e+00	0.00e+00	0.00e+00
 2.92785e+17	7.44e-01	2.56e-01	5.77e-05	0.00e+00	0.00e+00	0.00e+00	0.00e+00	0.00e+00
 2.94057e+17	7.56e-01	2.44e-01	5.19e-05	0.00e+00	0.00e+00	0.00e+00	0.00e+00	0.00e+00
 2.95483e+17	7.66e-01	2.34e-01	4.70e-05	0.00e+00	0.00e+00	0.00e+00	0.00e+00	0.00e+00
 2.97021e+17	7.76e-01	2.24e-01	4.25e-05	0.00e+00	0.00e+00	0.00e+00	0.00e+00	0.00e+00
 2.98652e+17	7.85e-01	2.15e-01	3.89e-05	0.00e+00	0.00e+00	0.00e+00	0.00e+00	0.00e+00
 3.00423e+17	7.94e-01	2.06e-01	3.56e-05	0.00e+00	0.00e+00	0.00e+00	0.00e+00	0.00e+00
 3.02544e+17	8.03e-01	1.97e-01	3.26e-05	0.00e+00	0.00e+00	0.00e+00	0.00e+00	0.00e+00
 3.04893e+17	8.12e-01	1.88e-01	2.99e-05	0.00e+00	0.00e+00	0.00e+00	0.00e+00	0.00e+00
 3.07368e+17	8.20e-01	1.80e-01	2.75e-05	0.00e+00	0.00e+00	0.00e+00	0.00e+00	0.00e+00
 3.10227e+17	8.29e-01	1.71e-01	2.51e-05	0.00e+00	0.00e+00	0.00e+00	0.00e+00	0.00e+00
 3.13286e+17	8.37e-01	1.63e-01	2.32e-05	0.00e+00	0.00e+00	0.00e+00	0.00e+00	0.00e+00
 3.16288e+17	8.44e-01	1.56e-01	2.14e-05	0.00e+00	0.00e+00	0.00e+00	0.00e+00	0.00e+00
 3.19293e+17	8.52e-01	1.48e-01	1.98e-05	0.00e+00	0.00e+00	0.00e+00	0.00e+00	0.00e+00
 3.22309e+17	8.59e-01	1.41e-01	1.85e-05	0.00e+00	0.00e+00	0.00e+00	0.00e+00	0.00e+00
 3.25276e+17	8.66e-01	1.34e-01	1.73e-05	0.00e+00	0.00e+00	0.00e+00	0.00e+00	0.00e+00
 3.28092e+17	8.72e-01	1.28e-01	1.62e-05	0.00e+00	0.00e+00	0.00e+00	0.00e+00	0.00e+00
 3.30752e+17	8.77e-01	1.22e-01	1.53e-05	0.00e+00	0.00e+00	0.00e+00	0.00e+00	0.00e+00
 3.33379e+17	8.83e-01	1.17e-01	1.44e-05	0.00e+00	0.00e+00	0.00e+00	0.00e+00	0.00e+00
 3.35898e+17	8.89e-01	1.11e-01	1.36e-05	0.00e+00	0.00e+00	0.00e+00	0.00e+00	0.00e+00
 3.38216e+17	8.93e-01	1.07e-01	1.29e-05	0.00e+00	0.00e+00	0.00e+00	0.00e+00	0.00e+00
 3.40450e+17	8.98e-01	1.02e-01	1.23e-05	0.00e+00	0.00e+00	0.00e+00	0.00e+00	0.00e+00
 3.42628e+17	9.02e-01	9.78e-02	1.17e-05	0.00e+00	0.00e+00	0.00e+00	0.00e+00	0.00e+00
 3.44709e+17	9.07e-01	9.33e-02	1.12e-05	0.00e+00	0.00e+00	0.00e+00	0.00e+00	0.00e+00
 3.46682e+17	9.10e-01	8.96e-02	1.07e-05	0.00e+00	0.00e+00	0.00e+00	0.00e+00	0.00e+00
 3.48541e+17	9.14e-01	8.60e-02	1.03e-05	0.00e+00	0.00e+00	0.00e+00	0.00e+00	0.00e+00
 3.50357e+17	9.18e-01	8.24e-02	9.93e-06	0.00e+00	0.00e+00	0.00e+00	0.00e+00	0.00e+00
 3.52129e+17	9.21e-01	7.90e-02	9.56e-06	0.00e+00	0.00e+00	0.00e+00	0.00e+00	0.00e+00
 3.53834e+17	9.24e-01	7.58e-02	9.20e-06	0.00e+00	0.00e+00	0.00e+00	0.00e+00	0.00e+00
 3.55430e+17	9.27e-01	7.29e-02	8.89e-06	0.00e+00	0.00e+00	0.00e+00	0.00e+00	0.00e+00
 3.56887e+17	9.30e-01	7.00e-02	8.61e-06	0.00e+00	0.00e+00	0.00e+00	0.00e+00	0.00e+00
 3.58235e+17	9.32e-01	6.79e-02	8.41e-06	0.00e+00	0.00e+00	0.00e+00	0.00e+00	0.00e+00
 3.59740e+17	9.35e-01	6.46e-02	8.07e-06	0.00e+00	0.00e+00	0.00e+00	0.00e+00	0.00e+00
 3.61212e+17	9.38e-01	6.19e-02	7.81e-06	0.00e+00	0.00e+00	0.00e+00	0.00e+00	0.00e+00
 3.62357e+17	9.40e-01	6.01e-02	7.64e-06	0.00e+00	0.00e+00	0.00e+00	0.00e+00	0.00e+00
 3.63511e+17	9.42e-01	5.78e-02	7.41e-06	0.00e+00	0.00e+00	0.00e+00	0.00e+00	0.00e+00
 3.64696e+17	9.44e-01	5.55e-02	7.21e-06	0.00e+00	0.00e+00	0.00e+00	0.00e+00	0.00e+00
 3.65720e+17	9.46e-01	5.40e-02	7.07e-06	0.00e+00	0.00e+00	0.00e+00	0.00e+00	0.00e+00
 3.66791e+17	9.48e-01	5.17e-02	6.85e-06	0.00e+00	0.00e+00	0.00e+00	0.00e+00	0.00e+00
 3.67842e+17	9.50e-01	4.96e-02	6.66e-06	0.00e+00	0.00e+00	0.00e+00	0.00e+00	0.00e+00
 3.68671e+17	9.52e-01	4.83e-02	6.56e-06	0.00e+00	0.00e+00	0.00e+00	0.00e+00	0.00e+00
 3.69512e+17	9.53e-01	4.65e-02	6.39e-06	0.00e+00	0.00e+00	0.00e+00	0.00e+00	0.00e+00
 3.70372e+17	9.55e-01	4.48e-02	6.23e-06	0.00e+00	0.00e+00	0.00e+00	0.00e+00	0.00e+00
 3.71096e+17	9.56e-01	4.36e-02	6.14e-06	0.00e+00	0.00e+00	0.00e+00	0.00e+00	0.00e+00
 3.71832e+17	9.58e-01	4.20e-02	5.99e-06	0.00e+00	0.00e+00	0.00e+00	0.00e+00	0.00e+00
 3.72567e+17	9.60e-01	4.04e-02	5.85e-06	0.00e+00	0.00e+00	0.00e+00	0.00e+00	0.00e+00
 3.73165e+17	9.60e-01	4.00e-02	5.79e-06	0.00e+00	0.00e+00	0.00e+00	0.00e+00	0.00e+00
 3.73784e+17	9.61e-01	3.93e-02	5.74e-06	0.00e+00	0.00e+00	0.00e+00	0.00e+00	0.00e+00
 3.74589e+17	9.62e-01	3.82e-02	5.66e-06	0.00e+00	0.00e+00	0.00e+00	0.00e+00	0.00e+00
 3.75528e+17	9.64e-01	3.61e-02	5.47e-06	0.00e+00	0.00e+00	0.00e+00	0.00e+00	0.00e+00
 3.76285e+17	9.65e-01	3.45e-02	5.33e-06	0.00e+00	0.00e+00	0.00e+00	0.00e+00	0.00e+00
 3.76758e+17	9.66e-01	3.42e-02	5.29e-06	0.00e+00	0.00e+00	0.00e+00	0.00e+00	0.00e+00
 3.77218e+17	9.66e-01	3.39e-02	5.24e-06	0.00e+00	0.00e+00	0.00e+00	0.00e+00	0.00e+00
 3.77816e+17	9.68e-01	3.24e-02	5.11e-06	0.00e+00	0.00e+00	0.00e+00	0.00e+00	0.00e+00
 3.78387e+17	9.69e-01	3.10e-02	4.99e-06	0.00e+00	0.00e+00	0.00e+00	0.00e+00	0.00e+00
 3.78779e+17	9.70e-01	3.04e-02	4.94e-06	0.00e+00	0.00e+00	0.00e+00	0.00e+00	0.00e+00
 3.79147e+17	9.70e-01	3.01e-02	4.89e-06	0.00e+00	0.00e+00	0.00e+00	0.00e+00	0.00e+00
 3.79617e+17	9.71e-01	2.87e-02	4.77e-06	0.00e+00	0.00e+00	0.00e+00	0.00e+00	0.00e+00
 3.80058e+17	9.72e-01	2.76e-02	4.67e-06	0.00e+00	0.00e+00	0.00e+00	0.00e+00	0.00e+00
 3.80359e+17	9.73e-01	2.72e-02	4.63e-06	0.00e+00	0.00e+00	0.00e+00	0.00e+00	0.00e+00
 3.80641e+17	9.73e-01	2.68e-02	4.59e-06	0.00e+00	0.00e+00	0.00e+00	0.00e+00	0.00e+00
 3.81009e+17	9.74e-01	2.57e-02	4.48e-06	0.00e+00	0.00e+00	0.00e+00	0.00e+00	0.00e+00
 3.81355e+17	9.75e-01	2.46e-02	4.39e-06	0.00e+00	0.00e+00	0.00e+00	0.00e+00	0.00e+00
 3.81587e+17	9.76e-01	2.42e-02	4.35e-06	0.00e+00	0.00e+00	0.00e+00	0.00e+00	0.00e+00
 3.81802e+17	9.76e-01	2.40e-02	4.32e-06	0.00e+00	0.00e+00	0.00e+00	0.00e+00	0.00e+00
 3.82082e+17	9.77e-01	2.34e-02	4.26e-06	0.00e+00	0.00e+00	0.00e+00	0.00e+00	0.00e+00
 3.82406e+17	9.78e-01	2.22e-02	4.15e-06	0.00e+00	0.00e+00	0.00e+00	0.00e+00	0.00e+00
 3.82665e+17	9.79e-01	2.12e-02	4.05e-06	0.00e+00	0.00e+00	0.00e+00	0.00e+00	0.00e+00
 3.82816e+17	9.79e-01	2.09e-02	4.02e-06	0.00e+00	0.00e+00	0.00e+00	0.00e+00	0.00e+00
 3.82950e+17	9.79e-01	2.07e-02	3.99e-06	0.00e+00	0.00e+00	0.00e+00	0.00e+00	0.00e+00
 3.83125e+17	9.80e-01	2.03e-02	3.96e-06	0.00e+00	0.00e+00	0.00e+00	0.00e+00	0.00e+00
 3.83351e+17	9.81e-01	1.95e-02	3.88e-06	0.00e+00	0.00e+00	0.00e+00	0.00e+00	0.00e+00
 3.83570e+17	9.81e-01	1.87e-02	3.79e-06	0.00e+00	0.00e+00	0.00e+00	0.00e+00	0.00e+00
 3.83724e+17	9.82e-01	1.83e-02	3.75e-06	0.00e+00	0.00e+00	0.00e+00	0.00e+00	0.00e+00
 3.83869e+17	9.82e-01	1.81e-02	3.72e-06	0.00e+00	0.00e+00	0.00e+00	0.00e+00	0.00e+00
 3.84058e+17	9.83e-01	1.73e-02	3.64e-06	0.00e+00	0.00e+00	0.00e+00	0.00e+00	0.00e+00
 3.84228e+17	9.83e-01	1.66e-02	3.57e-06	0.00e+00	0.00e+00	0.00e+00	0.00e+00	0.00e+00
 3.84331e+17	9.84e-01	1.63e-02	3.53e-06	0.00e+00	0.00e+00	0.00e+00	0.00e+00	0.00e+00
 3.84408e+17	9.84e-01	1.62e-02	3.51e-06	0.00e+00	0.00e+00	0.00e+00	0.00e+00	0.00e+00
 3.84496e+17	9.84e-01	1.60e-02	3.48e-06	0.00e+00	0.00e+00	0.00e+00	0.00e+00	0.00e+00
 3.84602e+17	9.84e-01	1.57e-02	3.45e-06	0.00e+00	0.00e+00	0.00e+00	0.00e+00	0.00e+00
 3.84715e+17	9.85e-01	1.54e-02	3.43e-06	0.00e+00	0.00e+00	0.00e+00	0.00e+00	0.00e+00
 3.84828e+17	9.85e-01	1.51e-02	3.39e-06	0.00e+00	0.00e+00	0.00e+00	0.00e+00	0.00e+00
 3.84929e+17	9.85e-01	1.45e-02	3.32e-06	0.00e+00	0.00e+00	0.00e+00	0.00e+00	0.00e+00
 3.85000e+17	9.86e-01	1.43e-02	3.29e-06	0.00e+00	0.00e+00	0.00e+00	0.00e+00	0.00e+00
 3.85056e+17	9.86e-01	1.41e-02	3.26e-06	0.00e+00	0.00e+00	0.00e+00	0.00e+00	0.00e+00
 3.85123e+17	9.86e-01	1.39e-02	3.23e-06	0.00e+00	0.00e+00	0.00e+00	0.00e+00	0.00e+00
 3.85208e+17	9.87e-01	1.32e-02	3.16e-06	0.00e+00	0.00e+00	0.00e+00	0.00e+00	0.00e+00
 3.85283e+17	9.87e-01	1.27e-02	3.09e-06	0.00e+00	0.00e+00	0.00e+00	0.00e+00	0.00e+00
 3.85328e+17	9.88e-01	1.25e-02	3.06e-06	0.00e+00	0.00e+00	0.00e+00	0.00e+00	0.00e+00
 3.85367e+17	9.88e-01	1.23e-02	3.03e-06	0.00e+00	0.00e+00	0.00e+00	0.00e+00	0.00e+00
 3.85418e+17	9.88e-01	1.18e-02	2.96e-06	0.00e+00	0.00e+00	0.00e+00	0.00e+00	0.00e+00
 3.85471e+17	9.88e-01	1.16e-02	2.93e-06	0.00e+00	0.00e+00	0.00e+00	0.00e+00	0.00e+00
 3.85527e+17	9.89e-01	1.10e-02	2.84e-06	0.00e+00	0.00e+00	0.00e+00	0.00e+00	0.00e+00
 3.85588e+17	9.94e-01	5.59e-03	1.72e-06	0.00e+00	0.00e+00	0.00e+00	0.00e+00	0.00e+00
 3.85644e+17	9.95e-01	5.35e-03	1.65e-06	0.00e+00	0.00e+00	0.00e+00	0.00e+00	0.00e+00
 3.85694e+17	9.95e-01	5.17e-03	1.59e-06	0.00e+00	0.00e+00	0.00e+00	0.00e+00	0.00e+00
 3.85740e+17	9.95e-01	5.07e-03	1.56e-06	0.00e+00	0.00e+00	0.00e+00	0.00e+00	0.00e+00
 3.85790e+17	9.95e-01	4.98e-03	1.53e-06	0.00e+00	0.00e+00	0.00e+00	0.00e+00	0.00e+00
 3.85855e+17	9.95e-01	4.86e-03	1.50e-06	0.00e+00	0.00e+00	0.00e+00	0.00e+00	0.00e+00
 3.85926e+17	9.95e-01	4.65e-03	1.44e-06	0.00e+00	0.00e+00	0.00e+00	0.00e+00	0.00e+00
 3.85990e+17	9.95e-01	4.57e-03	1.42e-06	0.00e+00	0.00e+00	0.00e+00	0.00e+00	0.00e+00
 3.86048e+17	9.96e-01	4.49e-03	1.40e-06	0.00e+00	0.00e+00	0.00e+00	0.00e+00	0.00e+00
 3.86112e+17	9.96e-01	4.44e-03	1.38e-06	0.00e+00	0.00e+00	0.00e+00	0.00e+00	0.00e+00
 3.86195e+17	9.96e-01	4.30e-03	1.35e-06	0.00e+00	0.00e+00	0.00e+00	0.00e+00	0.00e+00
 3.86285e+17	9.96e-01	4.15e-03	1.30e-06	0.00e+00	0.00e+00	0.00e+00	0.00e+00	0.00e+00
 3.86367e+17	9.96e-01	4.06e-03	1.28e-06	0.00e+00	0.00e+00	0.00e+00	0.00e+00	0.00e+00
 3.86441e+17	9.96e-01	3.99e-03	1.26e-06	0.00e+00	0.00e+00	0.00e+00	0.00e+00	0.00e+00
 3.86522e+17	9.96e-01	3.92e-03	1.24e-06	0.00e+00	0.00e+00	0.00e+00	0.00e+00	0.00e+00
 3.86626e+17	9.96e-01	3.80e-03	1.21e-06	0.00e+00	0.00e+00	0.00e+00	0.00e+00	0.00e+00
 3.86738e+17	9.96e-01	3.66e-03	1.17e-06	0.00e+00	0.00e+00	0.00e+00	0.00e+00	0.00e+00
 3.86840e+17	9.96e-01	3.59e-03	1.15e-06	0.00e+00	0.00e+00	0.00e+00	0.00e+00	0.00e+00
 3.86941e+17	9.96e-01	3.52e-03	1.13e-06	0.00e+00	0.00e+00	0.00e+00	0.00e+00	0.00e+00
 3.87051e+17	9.97e-01	3.44e-03	1.11e-06	0.00e+00	0.00e+00	0.00e+00	0.00e+00	0.00e+00
 3.87163e+17	9.97e-01	3.35e-03	1.09e-06	0.00e+00	0.00e+00	0.00e+00	0.00e+00	0.00e+00
 3.87264e+17	9.97e-01	3.29e-03	1.07e-06	0.00e+00	0.00e+00	0.00e+00	0.00e+00	0.00e+00
 3.87362e+17	9.97e-01	3.23e-03	1.05e-06	0.00e+00	0.00e+00	0.00e+00	0.00e+00	0.00e+00
 3.87466e+17	9.97e-01	3.16e-03	1.03e-06	0.00e+00	0.00e+00	0.00e+00	0.00e+00	0.00e+00
 3.87574e+17	9.97e-01	3.09e-03	1.02e-06	0.00e+00	0.00e+00	0.00e+00	0.00e+00	0.00e+00
 3.87677e+17	9.97e-01	3.02e-03	9.99e-07	0.00e+00	0.00e+00	0.00e+00	0.00e+00	0.00e+00
 3.87775e+17	9.97e-01	2.99e-03	9.90e-07	0.00e+00	0.00e+00	0.00e+00	0.00e+00	0.00e+00
 3.87888e+17	9.97e-01	2.92e-03	9.71e-07	0.00e+00	0.00e+00	0.00e+00	0.00e+00	0.00e+00
 3.88011e+17	9.97e-01	2.83e-03	9.51e-07	0.00e+00	0.00e+00	0.00e+00	0.00e+00	0.00e+00
 3.88122e+17	9.97e-01	2.77e-03	9.35e-07	0.00e+00	0.00e+00	0.00e+00	0.00e+00	0.00e+00
 3.88222e+17	9.97e-01	2.74e-03	9.27e-07	0.00e+00	0.00e+00	0.00e+00	0.00e+00	0.00e+00
 3.88327e+17	9.97e-01	2.71e-03	9.19e-07	0.00e+00	0.00e+00	0.00e+00	0.00e+00	0.00e+00
 3.88463e+17	9.97e-01	2.62e-03	8.99e-07	0.00e+00	0.00e+00	0.00e+00	0.00e+00	0.00e+00
 3.88609e+17	9.97e-01	2.54e-03	8.79e-07	0.00e+00	0.00e+00	0.00e+00	0.00e+00	0.00e+00
 3.88742e+17	9.98e-01	2.48e-03	8.65e-07	0.00e+00	0.00e+00	0.00e+00	0.00e+00	0.00e+00
 3.88857e+17	9.98e-01	2.44e-03	8.58e-07	0.00e+00	0.00e+00	0.00e+00	0.00e+00	0.00e+00
 3.88968e+17	9.98e-01	2.42e-03	8.52e-07	0.00e+00	0.00e+00	0.00e+00	0.00e+00	0.00e+00
 3.89095e+17	9.98e-01	2.36e-03	8.39e-07	0.00e+00	0.00e+00	0.00e+00	0.00e+00	0.00e+00
 3.89222e+17	9.98e-01	2.31e-03	8.31e-07	0.00e+00	0.00e+00	0.00e+00	0.00e+00	0.00e+00
 3.89340e+17	9.98e-01	2.27e-03	8.25e-07	0.00e+00	0.00e+00	0.00e+00	0.00e+00	0.00e+00
 3.89468e+17	9.98e-01	2.24e-03	8.19e-07	0.00e+00	0.00e+00	0.00e+00	0.00e+00	0.00e+00
 3.89610e+17	9.98e-01	2.18e-03	8.12e-07	0.00e+00	0.00e+00	0.00e+00	0.00e+00	0.00e+00
 3.89750e+17	9.98e-01	2.14e-03	8.06e-07	0.00e+00	0.00e+00	0.00e+00	0.00e+00	0.00e+00
 3.89877e+17	9.98e-01	2.10e-03	8.00e-07	0.00e+00	0.00e+00	0.00e+00	0.00e+00	0.00e+00
 3.89992e+17	9.98e-01	2.07e-03	7.98e-07	0.00e+00	0.00e+00	0.00e+00	0.00e+00	0.00e+00
 3.90106e+17	9.98e-01	2.04e-03	7.95e-07	0.00e+00	0.00e+00	0.00e+00	0.00e+00	0.00e+00
###########################
 3.82785e+13	5.22e-04	1.52e-01	7.25e-01	1.18e-01	3.79e-03	3.30e-05	0.00e+00	0.00e+00
 2.29671e+14	5.22e-04	1.52e-01	7.25e-01	1.18e-01	3.78e-03	3.29e-05	0.00e+00	0.00e+00
 9.95242e+14	5.19e-04	1.51e-01	7.27e-01	1.18e-01	3.77e-03	3.28e-05	0.00e+00	0.00e+00
 4.05753e+15	5.18e-04	1.49e-01	7.31e-01	1.17e-01	3.64e-03	3.17e-05	0.00e+00	0.00e+00
 9.69213e+15	5.11e-04	1.42e-01	7.38e-01	1.16e-01	3.51e-03	3.07e-05	0.00e+00	0.00e+00
 1.70171e+16	5.17e-04	1.39e-01	7.45e-01	1.12e-01	3.24e-03	2.84e-05	0.00e+00	0.00e+00
 2.65396e+16	5.39e-04	1.39e-01	7.52e-01	1.06e-01	2.87e-03	2.50e-05	0.00e+00	0.00e+00
 3.89188e+16	5.93e-04	1.45e-01	7.57e-01	9.52e-02	2.38e-03	2.04e-05	0.00e+00	0.00e+00
 5.49187e+16	7.08e-04	1.59e-01	7.58e-01	8.05e-02	1.80e-03	1.49e-05	0.00e+00	0.00e+00
 6.97051e+16	8.36e-04	1.74e-01	7.55e-01	6.85e-02	1.39e-03	1.12e-05	0.00e+00	0.00e+00
 7.95092e+16	9.73e-04	1.90e-01	7.47e-01	6.01e-02	1.13e-03	8.78e-06	0.00e+00	0.00e+00
 8.65790e+16	1.10e-03	2.04e-01	7.39e-01	5.42e-02	9.70e-04	7.31e-06	0.00e+00	0.00e+00
 9.26493e+16	1.23e-03	2.19e-01	7.30e-01	4.94e-02	8.42e-04	6.17e-06	0.00e+00	0.00e+00
 9.95979e+16	1.43e-03	2.39e-01	7.15e-01	4.36e-02	6.98e-04	4.91e-06	0.00e+00	0.00e+00
 1.06711e+17	1.64e-03	2.59e-01	7.00e-01	3.87e-02	5.86e-04	3.97e-06	0.00e+00	0.00e+00
 1.12746e+17	1.85e-03	2.78e-01	6.85e-01	3.48e-02	5.02e-04	3.29e-06	0.00e+00	0.00e+00
 1.19301e+17	2.13e-03	3.01e-01	6.66e-01	3.07e-02	4.20e-04	2.63e-06	0.00e+00	0.00e+00
 1.26414e+17	2.46e-03	3.27e-01	6.44e-01	2.67e-02	3.47e-04	2.08e-06	0.00e+00	0.00e+00
 1.32889e+17	2.81e-03	3.52e-01	6.21e-01	2.35e-02	2.91e-04	1.66e-06	0.00e+00	0.00e+00
 1.39940e+17	3.28e-03	3.83e-01	5.94e-01	2.01e-02	2.36e-04	1.28e-06	0.00e+00	0.00e+00
 1.47030e+17	3.81e-03	4.14e-01	5.65e-01	1.71e-02	1.92e-04	9.78e-07	0.00e+00	0.00e+00
 1.52786e+17	4.31e-03	4.42e-01	5.39e-01	1.49e-02	1.61e-04	0.00e+00	0.00e+00	0.00e+00
 1.58885e+17	4.97e-03	4.74e-01	5.08e-01	1.26e-02	1.31e-04	0.00e+00	0.00e+00	0.00e+00
 1.65749e+17	5.82e-03	5.12e-01	4.72e-01	1.03e-02	1.03e-04	0.00e+00	0.00e+00	0.00e+00
 1.72270e+17	6.77e-03	5.48e-01	4.37e-01	8.44e-03	8.21e-05	0.00e+00	0.00e+00	0.00e+00
 1.78368e+17	7.84e-03	5.84e-01	4.01e-01	6.85e-03	6.50e-05	0.00e+00	0.00e+00	0.00e+00
 1.85254e+17	9.34e-03	6.27e-01	3.58e-01	5.26e-03	4.86e-05	0.00e+00	0.00e+00	0.00e+00
 1.92419e+17	1.12e-02	6.72e-01	3.13e-01	3.90e-03	3.53e-05	0.00e+00	0.00e+00	0.00e+00
 1.98308e+17	1.32e-02	7.09e-01	2.75e-01	2.95e-03	2.64e-05	0.00e+00	0.00e+00	0.00e+00
 2.03398e+17	1.52e-02	7.41e-01	2.41e-01	2.26e-03	2.00e-05	0.00e+00	0.00e+00	0.00e+00
 2.09089e+17	1.81e-02	7.76e-01	2.04e-01	1.62e-03	1.43e-05	0.00e+00	0.00e+00	0.00e+00
 2.14930e+17	2.16e-02	8.09e-01	1.68e-01	1.11e-03	9.77e-06	0.00e+00	0.00e+00	0.00e+00
 2.19431e+17	2.51e-02	8.33e-01	1.41e-01	7.99e-04	7.06e-06	0.00e+00	0.00e+00	0.00e+00
 2.22889e+17	2.83e-02	8.50e-01	1.22e-01	6.09e-04	5.40e-06	0.00e+00	0.00e+00	0.00e+00
 2.26525e+17	3.23e-02	8.65e-01	1.02e-01	4.45e-04	3.97e-06	0.00e+00	0.00e+00	0.00e+00
 2.30380e+17	3.75e-02	8.79e-01	8.32e-02	3.12e-04	2.79e-06	0.00e+00	0.00e+00	0.00e+00
 2.33539e+17	4.26e-02	8.88e-01	6.94e-02	2.29e-04	2.05e-06	0.00e+00	0.00e+00	0.00e+00
 2.36085e+17	4.74e-02	8.93e-01	5.91e-02	1.75e-04	1.57e-06	0.00e+00	0.00e+00	0.00e+00
 2.38811e+17	5.37e-02	8.97e-01	4.89e-02	1.29e-04	1.15e-06	0.00e+00	0.00e+00	0.00e+00
 2.41678e+17	6.14e-02	8.99e-01	3.96e-02	9.29e-05	8.19e-07	0.00e+00	0.00e+00	0.00e+00
 2.44045e+17	6.90e-02	8.98e-01	3.28e-02	7.01e-05	0.00e+00	0.00e+00	0.00e+00	0.00e+00
 2.46032e+17	7.64e-02	8.96e-01	2.77e-02	5.50e-05	0.00e+00	0.00e+00	0.00e+00	0.00e+00
 2.48206e+17	8.60e-02	8.91e-01	2.28e-02	4.18e-05	0.00e+00	0.00e+00	0.00e+00	0.00e+00
 2.50544e+17	9.79e-02	8.84e-01	1.83e-02	3.13e-05	0.00e+00	0.00e+00	0.00e+00	0.00e+00
 2.52560e+17	1.10e-01	8.75e-01	1.49e-02	2.44e-05	0.00e+00	0.00e+00	0.00e+00	0.00e+00
 2.54312e+17	1.22e-01	8.66e-01	1.24e-02	1.96e-05	0.00e+00	0.00e+00	0.00e+00	0.00e+00
 2.56162e+17	1.37e-01	8.53e-01	1.00e-02	1.57e-05	0.00e+00	0.00e+00	0.00e+00	0.00e+00
 2.58160e+17	1.55e-01	8.37e-01	7.94e-03	1.24e-05	0.00e+00	0.00e+00	0.00e+00	0.00e+00
 2.59989e+17	1.74e-01	8.19e-01	6.34e-03	1.01e-05	0.00e+00	0.00e+00	0.00e+00	0.00e+00
 2.61527e+17	1.92e-01	8.02e-01	5.21e-03	8.58e-06	0.00e+00	0.00e+00	0.00e+00	0.00e+00
 2.62885e+17	2.10e-01	7.86e-01	4.35e-03	7.46e-06	0.00e+00	0.00e+00	0.00e+00	0.00e+00
 2.64193e+17	2.28e-01	7.68e-01	3.64e-03	6.55e-06	0.00e+00	0.00e+00	0.00e+00	0.00e+00
 2.65465e+17	2.48e-01	7.49e-01	3.04e-03	5.79e-06	0.00e+00	0.00e+00	0.00e+00	0.00e+00
 2.66451e+17	2.63e-01	7.34e-01	2.65e-03	5.29e-06	0.00e+00	0.00e+00	0.00e+00	0.00e+00
 2.67095e+17	2.73e-01	7.24e-01	2.43e-03	5.02e-06	0.00e+00	0.00e+00	0.00e+00	0.00e+00
 2.67725e+17	2.84e-01	7.13e-01	2.21e-03	4.75e-06	0.00e+00	0.00e+00	0.00e+00	0.00e+00
 2.68495e+17	2.99e-01	6.99e-01	1.96e-03	4.41e-06	0.00e+00	0.00e+00	0.00e+00	0.00e+00
 2.69298e+17	3.14e-01	6.84e-01	1.74e-03	4.11e-06	0.00e+00	0.00e+00	0.00e+00	0.00e+00
 2.70025e+17	3.28e-01	6.71e-01	1.56e-03	3.86e-06	0.00e+00	0.00e+00	0.00e+00	0.00e+00
 2.70711e+17	3.41e-01	6.57e-01	1.40e-03	3.65e-06	0.00e+00	0.00e+00	0.00e+00	0.00e+00
 2.71428e+17	3.56e-01	6.43e-01	1.25e-03	3.43e-06	0.00e+00	0.00e+00	0.00e+00	0.00e+00
 2.72164e+17	3.72e-01	6.27e-01	1.11e-03	3.22e-06	0.00e+00	0.00e+00	0.00e+00	0.00e+00
 2.72876e+17	3.87e-01	6.12e-01	9.88e-04	3.03e-06	0.00e+00	0.00e+00	0.00e+00	0.00e+00
 2.73577e+17	4.02e-01	5.97e-01	8.83e-04	2.87e-06	0.00e+00	0.00e+00	0.00e+00	0.00e+00
 2.74292e+17	4.18e-01	5.81e-01	7.84e-04	2.70e-06	0.00e+00	0.00e+00	0.00e+00	0.00e+00
 2.75016e+17	4.34e-01	5.65e-01	6.95e-04	2.54e-06	0.00e+00	0.00e+00	0.00e+00	0.00e+00
 2.75731e+17	4.50e-01	5.49e-01	6.17e-04	2.40e-06	0.00e+00	0.00e+00	0.00e+00	0.00e+00
 2.76445e+17	4.66e-01	5.33e-01	5.49e-04	2.27e-06	0.00e+00	0.00e+00	0.00e+00	0.00e+00
 2.77172e+17	4.83e-01	5.17e-01	4.85e-04	2.13e-06	0.00e+00	0.00e+00	0.00e+00	0.00e+00
 2.77908e+17	4.99e-01	5.00e-01	4.30e-04	2.02e-06	0.00e+00	0.00e+00	0.00e+00	0.00e+00
 2.78646e+17	5.16e-01	4.84e-01	3.79e-04	1.90e-06	0.00e+00	0.00e+00	0.00e+00	0.00e+00
 2.79389e+17	5.32e-01	4.68e-01	3.36e-04	1.80e-06	0.00e+00	0.00e+00	0.00e+00	0.00e+00
 2.80143e+17	5.49e-01	4.51e-01	2.96e-04	1.69e-06	0.00e+00	0.00e+00	0.00e+00	0.00e+00
 2.80913e+17	5.65e-01	4.35e-01	2.62e-04	1.59e-06	0.00e+00	0.00e+00	0.00e+00	0.00e+00
 2.81696e+17	5.81e-01	4.18e-01	2.31e-04	1.50e-06	0.00e+00	0.00e+00	0.00e+00	0.00e+00
 2.82487e+17	5.97e-01	4.03e-01	2.04e-04	1.42e-06	0.00e+00	0.00e+00	0.00e+00	0.00e+00
 2.83293e+17	6.13e-01	3.87e-01	1.80e-04	1.33e-06	0.00e+00	0.00e+00	0.00e+00	0.00e+00
 2.84107e+17	6.28e-01	3.72e-01	1.60e-04	1.26e-06	0.00e+00	0.00e+00	0.00e+00	0.00e+00
 2.84945e+17	6.43e-01	3.57e-01	1.41e-04	1.18e-06	0.00e+00	0.00e+00	0.00e+00	0.00e+00
 2.85811e+17	6.57e-01	3.43e-01	1.26e-04	1.12e-06	0.00e+00	0.00e+00	0.00e+00	0.00e+00
 2.86668e+17	6.71e-01	3.29e-01	1.11e-04	1.05e-06	0.00e+00	0.00e+00	0.00e+00	0.00e+00
 2.87539e+17	6.83e-01	3.17e-01	1.00e-04	1.00e-06	0.00e+00	0.00e+00	0.00e+00	0.00e+00
 2.88482e+17	6.97e-01	3.03e-01	8.90e-05	9.44e-07	0.00e+00	0.00e+00	0.00e+00	0.00e+00
 2.89492e+17	7.10e-01	2.90e-01	7.93e-05	0.00e+00	0.00e+00	0.00e+00	0.00e+00	0.00e+00
 2.90441e+17	7.20e-01	2.80e-01	7.22e-05	0.00e+00	0.00e+00	0.00e+00	0.00e+00	0.00e+00
 2.91403e+17	7.31e-01	2.69e-01	6.53e-05	0.00e+00	0.00e+00	0.00e+00	0.00e+00	0.00e+00
 2.92576e+17	7.42e-01	2.58e-01	5.86e-05	0.00e+00	0.00e+00	0.00e+00	0.00e+00	0.00e+00
 2.93792e+17	7.53e-01	2.47e-01	5.31e-05	0.00e+00	0.00e+00	0.00e+00	0.00e+00	0.00e+00
 2.95050e+17	7.62e-01	2.37e-01	4.85e-05	0.00e+00	0.00e+00	0.00e+00	0.00e+00	0.00e+00
 2.96573e+17	7.73e-01	2.27e-01	4.37e-05	0.00e+00	0.00e+00	0.00e+00	0.00e+00	0.00e+00
 2.98312e+17	7.83e-01	2.17e-01	3.97e-05	0.00e+00	0.00e+00	0.00e+00	0.00e+00	0.00e+00
 3.00144e+17	7.92e-01	2.08e-01	3.63e-05	0.00e+00	0.00e+00	0.00e+00	0.00e+00	0.00e+00
 3.01977e+17	8.01e-01	1.99e-01	3.34e-05	0.00e+00	0.00e+00	0.00e+00	0.00e+00	0.00e+00
 3.04060e+17	8.09e-01	1.91e-01	3.08e-05	0.00e+00	0.00e+00	0.00e+00	0.00e+00	0.00e+00
 3.06709e+17	8.18e-01	1.82e-01	2.81e-05	0.00e+00	0.00e+00	0.00e+00	0.00e+00	0.00e+00
 3.09725e+17	8.27e-01	1.73e-01	2.56e-05	0.00e+00	0.00e+00	0.00e+00	0.00e+00	0.00e+00
 3.12782e+17	8.35e-01	1.64e-01	2.35e-05	0.00e+00	0.00e+00	0.00e+00	0.00e+00	0.00e+00
 3.15804e+17	8.43e-01	1.57e-01	2.17e-05	0.00e+00	0.00e+00	0.00e+00	0.00e+00	0.00e+00
 3.18816e+17	8.51e-01	1.49e-01	2.01e-05	0.00e+00	0.00e+00	0.00e+00	0.00e+00	0.00e+00
 3.21859e+17	8.58e-01	1.42e-01	1.87e-05	0.00e+00	0.00e+00	0.00e+00	0.00e+00	0.00e+00
 3.24887e+17	8.65e-01	1.35e-01	1.74e-05	0.00e+00	0.00e+00	0.00e+00	0.00e+00	0.00e+00
 3.27732e+17	8.71e-01	1.29e-01	1.63e-05	0.00e+00	0.00e+00	0.00e+00	0.00e+00	0.00e+00
 3.30398e+17	8.77e-01	1.23e-01	1.54e-05	0.00e+00	0.00e+00	0.00e+00	0.00e+00	0.00e+00
 3.32979e+17	8.82e-01	1.18e-01	1.45e-05	0.00e+00	0.00e+00	0.00e+00	0.00e+00	0.00e+00
 3.35502e+17	8.88e-01	1.12e-01	1.37e-05	0.00e+00	0.00e+00	0.00e+00	0.00e+00	0.00e+00
 3.37906e+17	8.93e-01	1.07e-01	1.30e-05	0.00e+00	0.00e+00	0.00e+00	0.00e+00	0.00e+00
 3.40205e+17	8.98e-01	1.02e-01	1.24e-05	0.00e+00	0.00e+00	0.00e+00	0.00e+00	0.00e+00
 3.42384e+17	9.02e-01	9.83e-02	1.18e-05	0.00e+00	0.00e+00	0.00e+00	0.00e+00	0.00e+00
 3.44449e+17	9.06e-01	9.38e-02	1.13e-05	0.00e+00	0.00e+00	0.00e+00	0.00e+00	0.00e+00
 3.46426e+17	9.10e-01	9.02e-02	1.08e-05	0.00e+00	0.00e+00	0.00e+00	0.00e+00	0.00e+00
 3.48318e+17	9.14e-01	8.62e-02	1.04e-05	0.00e+00	0.00e+00	0.00e+00	0.00e+00	0.00e+00
 3.50149e+17	9.17e-01	8.26e-02	9.95e-06	0.00e+00	0.00e+00	0.00e+00	0.00e+00	0.00e+00
 3.51904e+17	9.20e-01	7.96e-02	9.61e-06	0.00e+00	0.00e+00	0.00e+00	0.00e+00	0.00e+00
 3.53575e+17	9.24e-01	7.62e-02	9.26e-06	0.00e+00	0.00e+00	0.00e+00	0.00e+00	0.00e+00
 3.55119e+17	9.26e-01	7.37e-02	9.00e-06	0.00e+00	0.00e+00	0.00e+00	0.00e+00	0.00e+00
 3.56780e+17	9.30e-01	7.02e-02	8.62e-06	0.00e+00	0.00e+00	0.00e+00	0.00e+00	0.00e+00
 3.58383e+17	9.33e-01	6.72e-02	8.32e-06	0.00e+00	0.00e+00	0.00e+00	0.00e+00	0.00e+00
 3.59648e+17	9.35e-01	6.51e-02	8.14e-06	0.00e+00	0.00e+00	0.00e+00	0.00e+00	0.00e+00
 3.60919e+17	9.37e-01	6.26e-02	7.87e-06	0.00e+00	0.00e+00	0.00e+00	0.00e+00	0.00e+00
 3.62220e+17	9.40e-01	6.01e-02	7.64e-06	0.00e+00	0.00e+00	0.00e+00	0.00e+00	0.00e+00
 3.63377e+17	9.42e-01	5.80e-02	7.44e-06	0.00e+00	0.00e+00	0.00e+00	0.00e+00	0.00e+00
 3.64438e+17	9.44e-01	5.64e-02	7.30e-06	0.00e+00	0.00e+00	0.00e+00	0.00e+00	0.00e+00
 3.65616e+17	9.46e-01	5.38e-02	7.05e-06	0.00e+00	0.00e+00	0.00e+00	0.00e+00	0.00e+00
 3.66777e+17	9.48e-01	5.16e-02	6.85e-06	0.00e+00	0.00e+00	0.00e+00	0.00e+00	0.00e+00
 3.67666e+17	9.50e-01	5.03e-02	6.74e-06	0.00e+00	0.00e+00	0.00e+00	0.00e+00	0.00e+00
 3.68569e+17	9.52e-01	4.84e-02	6.55e-06	0.00e+00	0.00e+00	0.00e+00	0.00e+00	0.00e+00
 3.69491e+17	9.54e-01	4.65e-02	6.39e-06	0.00e+00	0.00e+00	0.00e+00	0.00e+00	0.00e+00
 3.70248e+17	9.55e-01	4.53e-02	6.29e-06	0.00e+00	0.00e+00	0.00e+00	0.00e+00	0.00e+00
 3.71021e+17	9.56e-01	4.36e-02	6.13e-06	0.00e+00	0.00e+00	0.00e+00	0.00e+00	0.00e+00
 3.71801e+17	9.58e-01	4.20e-02	5.99e-06	0.00e+00	0.00e+00	0.00e+00	0.00e+00	0.00e+00
 3.72444e+17	9.59e-01	4.10e-02	5.90e-06	0.00e+00	0.00e+00	0.00e+00	0.00e+00	0.00e+00
 3.73099e+17	9.60e-01	3.99e-02	5.79e-06	0.00e+00	0.00e+00	0.00e+00	0.00e+00	0.00e+00
 3.73872e+17	9.61e-01	3.92e-02	5.73e-06	0.00e+00	0.00e+00	0.00e+00	0.00e+00	0.00e+00
 3.74814e+17	9.63e-01	3.73e-02	5.58e-06	0.00e+00	0.00e+00	0.00e+00	0.00e+00	0.00e+00
 3.75704e+17	9.64e-01	3.55e-02	5.43e-06	0.00e+00	0.00e+00	0.00e+00	0.00e+00	0.00e+00
 3.76294e+17	9.65e-01	3.48e-02	5.36e-06	0.00e+00	0.00e+00	0.00e+00	0.00e+00	0.00e+00
 3.76821e+17	9.66e-01	3.43e-02	5.30e-06	0.00e+00	0.00e+00	0.00e+00	0.00e+00	0.00e+00
 3.77496e+17	9.67e-01	3.30e-02	5.16e-06	0.00e+00	0.00e+00	0.00e+00	0.00e+00	0.00e+00
 3.78128e+17	9.69e-01	3.15e-02	5.03e-06	0.00e+00	0.00e+00	0.00e+00	0.00e+00	0.00e+00
 3.78550e+17	9.69e-01	3.10e-02	4.98e-06	0.00e+00	0.00e+00	0.00e+00	0.00e+00	0.00e+00
 3.78943e+17	9.70e-01	3.03e-02	4.93e-06	0.00e+00	0.00e+00	0.00e+00	0.00e+00	0.00e+00
 3.79455e+17	9.71e-01	2.91e-02	4.80e-06	0.00e+00	0.00e+00	0.00e+00	0.00e+00	0.00e+00
 3.79926e+17	9.72e-01	2.79e-02	4.69e-06	0.00e+00	0.00e+00	0.00e+00	0.00e+00	0.00e+00
 3.80232e+17	9.73e-01	2.74e-02	4.65e-06	0.00e+00	0.00e+00	0.00e+00	0.00e+00	0.00e+00
 3.80514e+17	9.73e-01	2.70e-02	4.61e-06	0.00e+00	0.00e+00	0.00e+00	0.00e+00	0.00e+00
 3.80882e+17	9.74e-01	2.60e-02	4.51e-06	0.00e+00	0.00e+00	0.00e+00	0.00e+00	0.00e+00
 3.81232e+17	9.75e-01	2.53e-02	4.46e-06	0.00e+00	0.00e+00	0.00e+00	0.00e+00	0.00e+00
 3.81518e+17	9.75e-01	2.48e-02	4.41e-06	0.00e+00	0.00e+00	0.00e+00	0.00e+00	0.00e+00
 3.81846e+17	9.76e-01	2.37e-02	4.30e-06	0.00e+00	0.00e+00	0.00e+00	0.00e+00	0.00e+00
 3.82146e+17	9.77e-01	2.27e-02	4.20e-06	0.00e+00	0.00e+00	0.00e+00	0.00e+00	0.00e+00
 3.82334e+17	9.78e-01	2.23e-02	4.17e-06	0.00e+00	0.00e+00	0.00e+00	0.00e+00	0.00e+00
 3.82503e+17	9.78e-01	2.21e-02	4.13e-06	0.00e+00	0.00e+00	0.00e+00	0.00e+00	0.00e+00
 3.82723e+17	9.78e-01	2.16e-02	4.09e-06	0.00e+00	0.00e+00	0.00e+00	0.00e+00	0.00e+00
 3.83002e+17	9.79e-01	2.05e-02	3.99e-06	0.00e+00	0.00e+00	0.00e+00	0.00e+00	0.00e+00
 3.83244e+17	9.80e-01	1.96e-02	3.89e-06	0.00e+00	0.00e+00	0.00e+00	0.00e+00	0.00e+00
 3.83385e+17	9.81e-01	1.93e-02	3.86e-06	0.00e+00	0.00e+00	0.00e+00	0.00e+00	0.00e+00
 3.83511e+17	9.81e-01	1.91e-02	3.83e-06	0.00e+00	0.00e+00	0.00e+00	0.00e+00	0.00e+00
 3.83675e+17	9.81e-01	1.87e-02	3.79e-06	0.00e+00	0.00e+00	0.00e+00	0.00e+00	0.00e+00
 3.83888e+17	9.82e-01	1.79e-02	3.71e-06	0.00e+00	0.00e+00	0.00e+00	0.00e+00	0.00e+00
 3.84080e+17	9.83e-01	1.71e-02	3.62e-06	0.00e+00	0.00e+00	0.00e+00	0.00e+00	0.00e+00
 3.84196e+17	9.83e-01	1.68e-02	3.59e-06	0.00e+00	0.00e+00	0.00e+00	0.00e+00	0.00e+00
 3.84278e+17	9.83e-01	1.66e-02	3.56e-06	0.00e+00	0.00e+00	0.00e+00	0.00e+00	0.00e+00
 3.84363e+17	9.84e-01	1.65e-02	3.54e-06	0.00e+00	0.00e+00	0.00e+00	0.00e+00	0.00e+00
 3.84462e+17	9.84e-01	1.62e-02	3.51e-06	0.00e+00	0.00e+00	0.00e+00	0.00e+00	0.00e+00
 3.84574e+17	9.84e-01	1.59e-02	3.48e-06	0.00e+00	0.00e+00	0.00e+00	0.00e+00	0.00e+00
 3.84686e+17	9.84e-01	1.56e-02	3.45e-06	0.00e+00	0.00e+00	0.00e+00	0.00e+00	0.00e+00
 3.84783e+17	9.85e-01	1.53e-02	3.41e-06	0.00e+00	0.00e+00	0.00e+00	0.00e+00	0.00e+00
 3.84865e+17	9.85e-01	1.50e-02	3.38e-06	0.00e+00	0.00e+00	0.00e+00	0.00e+00	0.00e+00
 3.84940e+17	9.85e-01	1.48e-02	3.35e-06	0.00e+00	0.00e+00	0.00e+00	0.00e+00	0.00e+00
 3.85016e+17	9.85e-01	1.45e-02	3.32e-06	0.00e+00	0.00e+00	0.00e+00	0.00e+00	0.00e+00
 3.85096e+17	9.86e-01	1.43e-02	3.29e-06	0.00e+00	0.00e+00	0.00e+00	0.00e+00	0.00e+00
 3.85187e+17	9.86e-01	1.37e-02	3.22e-06	0.00e+00	0.00e+00	0.00e+00	0.00e+00	0.00e+00
 3.85263e+17	9.87e-01	1.29e-02	3.11e-06	0.00e+00	0.00e+00	0.00e+00	0.00e+00	0.00e+00
 3.85309e+17	9.87e-01	1.26e-02	3.08e-06	0.00e+00	0.00e+00	0.00e+00	0.00e+00	0.00e+00
 3.85349e+17	9.88e-01	1.24e-02	3.05e-06	0.00e+00	0.00e+00	0.00e+00	0.00e+00	0.00e+00
 3.85400e+17	9.88e-01	1.22e-02	3.02e-06	0.00e+00	0.00e+00	0.00e+00	0.00e+00	0.00e+00
 3.85467e+17	9.88e-01	1.18e-02	2.95e-06	0.00e+00	0.00e+00	0.00e+00	0.00e+00	0.00e+00
 3.85534e+17	9.89e-01	1.07e-02	2.80e-06	0.00e+00	0.00e+00	0.00e+00	0.00e+00	0.00e+00
 3.85590e+17	9.94e-01	5.59e-03	1.72e-06	0.00e+00	0.00e+00	0.00e+00	0.00e+00	0.00e+00
 3.85641e+17	9.95e-01	5.41e-03	1.66e-06	0.00e+00	0.00e+00	0.00e+00	0.00e+00	0.00e+00
 3.85687e+17	9.95e-01	5.24e-03	1.61e-06	0.00e+00	0.00e+00	0.00e+00	0.00e+00	0.00e+00
 3.85729e+17	9.95e-01	5.13e-03	1.58e-06	0.00e+00	0.00e+00	0.00e+00	0.00e+00	0.00e+00
 3.85775e+17	9.95e-01	5.04e-03	1.55e-06	0.00e+00	0.00e+00	0.00e+00	0.00e+00	0.00e+00
 3.85835e+17	9.95e-01	4.94e-03	1.52e-06	0.00e+00	0.00e+00	0.00e+00	0.00e+00	0.00e+00
 3.85900e+17	9.95e-01	4.77e-03	1.48e-06	0.00e+00	0.00e+00	0.00e+00	0.00e+00	0.00e+00
 3.85958e+17	9.95e-01	4.67e-03	1.45e-06	0.00e+00	0.00e+00	0.00e+00	0.00e+00	0.00e+00
 3.86022e+17	9.95e-01	4.58e-03	1.42e-06	0.00e+00	0.00e+00	0.00e+00	0.00e+00	0.00e+00
 3.86091e+17	9.96e-01	4.44e-03	1.39e-06	0.00e+00	0.00e+00	0.00e+00	0.00e+00	0.00e+00
 3.86153e+17	9.96e-01	4.36e-03	1.36e-06	0.00e+00	0.00e+00	0.00e+00	0.00e+00	0.00e+00
 3.86221e+17	9.96e-01	4.32e-03	1.35e-06	0.00e+00	0.00e+00	0.00e+00	0.00e+00	0.00e+00
 3.86307e+17	9.96e-01	4.18e-03	1.31e-06	0.00e+00	0.00e+00	0.00e+00	0.00e+00	0.00e+00
 3.86400e+17	9.96e-01	4.03e-03	1.27e-06	0.00e+00	0.00e+00	0.00e+00	0.00e+00	0.00e+00
 3.86485e+17	9.96e-01	3.95e-03	1.25e-06	0.00e+00	0.00e+00	0.00e+00	0.00e+00	0.00e+00
 3.86562e+17	9.96e-01	3.88e-03	1.23e-06	0.00e+00	0.00e+00	0.00e+00	0.00e+00	0.00e+00
 3.86646e+17	9.96e-01	3.84e-03	1.22e-06	0.00e+00	0.00e+00	0.00e+00	0.00e+00	0.00e+00
 3.86756e+17	9.96e-01	3.70e-03	1.18e-06	0.00e+00	0.00e+00	0.00e+00	0.00e+00	0.00e+00
 3.86873e+17	9.96e-01	3.56e-03	1.14e-06	0.00e+00	0.00e+00	0.00e+00	0.00e+00	0.00e+00
 3.86980e+17	9.97e-01	3.49e-03	1.12e-06	0.00e+00	0.00e+00	0.00e+00	0.00e+00	0.00e+00
 3.87078e+17	9.97e-01	3.42e-03	1.10e-06	0.00e+00	0.00e+00	0.00e+00	0.00e+00	0.00e+00
 3.87173e+17	9.97e-01	3.36e-03	1.09e-06	0.00e+00	0.00e+00	0.00e+00	0.00e+00	0.00e+00
 3.87279e+17	9.97e-01	3.30e-03	1.07e-06	0.00e+00	0.00e+00	0.00e+00	0.00e+00	0.00e+00
 3.87397e+17	9.97e-01	3.19e-03	1.04e-06	0.00e+00	0.00e+00	0.00e+00	0.00e+00	0.00e+00
 3.87514e+17	9.97e-01	3.12e-03	1.02e-06	0.00e+00	0.00e+00	0.00e+00	0.00e+00	0.00e+00
 3.87620e+17	9.97e-01	3.06e-03	1.01e-06	0.00e+00	0.00e+00	0.00e+00	0.00e+00	0.00e+00
 3.87723e+17	9.97e-01	3.02e-03	9.98e-07	0.00e+00	0.00e+00	0.00e+00	0.00e+00	0.00e+00
 3.87842e+17	9.97e-01	2.95e-03	9.79e-07	0.00e+00	0.00e+00	0.00e+00	0.00e+00	0.00e+00
 3.87971e+17	9.97e-01	2.86e-03	9.57e-07	0.00e+00	0.00e+00	0.00e+00	0.00e+00	0.00e+00
 3.88088e+17	9.97e-01	2.79e-03	9.40e-07	0.00e+00	0.00e+00	0.00e+00	0.00e+00	0.00e+00
 3.88192e+17	9.97e-01	2.76e-03	9.32e-07	0.00e+00	0.00e+00	0.00e+00	0.00e+00	0.00e+00
 3.88298e+17	9.97e-01	2.71e-03	9.17e-07	0.00e+00	0.00e+00	0.00e+00	0.00e+00	0.00e+00
 3.88414e+17	9.97e-01	2.64e-03	9.02e-07	0.00e+00	0.00e+00	0.00e+00	0.00e+00	0.00e+00
 3.88524e+17	9.97e-01	2.59e-03	8.89e-07	0.00e+00	0.00e+00	0.00e+00	0.00e+00	0.00e+00
 3.88621e+17	9.97e-01	2.56e-03	8.83e-07	0.00e+00	0.00e+00	0.00e+00	0.00e+00	0.00e+00
 3.88726e+17	9.97e-01	2.53e-03	8.76e-07	0.00e+00	0.00e+00	0.00e+00	0.00e+00	0.00e+00
 3.88863e+17	9.98e-01	2.45e-03	8.59e-07	0.00e+00	0.00e+00	0.00e+00	0.00e+00	0.00e+00
 3.89011e+17	9.98e-01	2.37e-03	8.43e-07	0.00e+00	0.00e+00	0.00e+00	0.00e+00	0.00e+00
 3.89146e+17	9.98e-01	2.33e-03	8.36e-07	0.00e+00	0.00e+00	0.00e+00	0.00e+00	0.00e+00
 3.89273e+17	9.98e-01	2.30e-03	8.30e-07	0.00e+00	0.00e+00	0.00e+00	0.00e+00	0.00e+00
 3.89400e+17	9.98e-01	2.26e-03	8.22e-07	0.00e+00	0.00e+00	0.00e+00	0.00e+00	0.00e+00
 3.89536e+17	9.98e-01	2.21e-03	8.16e-07	0.00e+00	0.00e+00	0.00e+00	0.00e+00	0.00e+00
 3.89677e+17	9.98e-01	2.16e-03	8.09e-07	0.00e+00	0.00e+00	0.00e+00	0.00e+00	0.00e+00
 3.89813e+17	9.98e-01	2.12e-03	8.03e-07	0.00e+00	0.00e+00	0.00e+00	0.00e+00	0.00e+00
 3.89933e+17	9.98e-01	2.09e-03	7.99e-07	0.00e+00	0.00e+00	0.00e+00	0.00e+00	0.00e+00
 3.90047e+17	9.98e-01	2.05e-03	7.96e-07	0.00e+00	0.00e+00	0.00e+00	0.00e+00	0.00e+00
 3.90164e+17	9.98e-01	2.01e-03	7.93e-07	0.00e+00	0.00e+00	0.00e+00	0.00e+00	0.00e+00
