#depth	S  1	S  2	S  3	S  4	S  5	S  6	S  7	S  8	S  9	S 10	S 11	S 12	S 13	S 14	S 15	S 16	S 17
 1.46017e+13	7.70e-04	2.66e-01	7.11e-01	2.21e-02	8.31e-04	5.45e-05	1.21e-06	0.00e+00	0.00e+00	0.00e+00	0.00e+00	0.00e+00	0.00e+00	0.00e+00	0.00e+00	0.00e+00	0.00e+00
 8.76101e+13	7.70e-04	2.66e-01	7.10e-01	2.21e-02	8.30e-04	5.44e-05	1.21e-06	0.00e+00	0.00e+00	0.00e+00	0.00e+00	0.00e+00	0.00e+00	0.00e+00	0.00e+00	0.00e+00	0.00e+00
 3.79644e+14	7.72e-04	2.66e-01	7.10e-01	2.21e-02	8.29e-04	5.44e-05	1.21e-06	0.00e+00	0.00e+00	0.00e+00	0.00e+00	0.00e+00	0.00e+00	0.00e+00	0.00e+00	0.00e+00	0.00e+00
 1.54778e+15	7.82e-04	2.68e-01	7.08e-01	2.22e-02	8.22e-04	5.40e-05	1.20e-06	0.00e+00	0.00e+00	0.00e+00	0.00e+00	0.00e+00	0.00e+00	0.00e+00	0.00e+00	0.00e+00	0.00e+00
 3.69715e+15	7.96e-04	2.71e-01	7.05e-01	2.25e-02	8.17e-04	5.43e-05	1.21e-06	0.00e+00	0.00e+00	0.00e+00	0.00e+00	0.00e+00	0.00e+00	0.00e+00	0.00e+00	0.00e+00	0.00e+00
 6.49133e+15	8.19e-04	2.75e-01	7.01e-01	2.22e-02	8.00e-04	5.33e-05	1.18e-06	0.00e+00	0.00e+00	0.00e+00	0.00e+00	0.00e+00	0.00e+00	0.00e+00	0.00e+00	0.00e+00	0.00e+00
 1.01238e+16	8.53e-04	2.79e-01	6.98e-01	2.15e-02	7.73e-04	5.11e-05	1.11e-06	0.00e+00	0.00e+00	0.00e+00	0.00e+00	0.00e+00	0.00e+00	0.00e+00	0.00e+00	0.00e+00	0.00e+00
 1.48459e+16	9.10e-04	2.86e-01	6.93e-01	2.00e-02	7.29e-04	4.72e-05	9.92e-07	0.00e+00	0.00e+00	0.00e+00	0.00e+00	0.00e+00	0.00e+00	0.00e+00	0.00e+00	0.00e+00	0.00e+00
 2.01969e+16	9.80e-04	2.93e-01	6.87e-01	1.82e-02	6.78e-04	4.26e-05	0.00e+00	0.00e+00	0.00e+00	0.00e+00	0.00e+00	0.00e+00	0.00e+00	0.00e+00	0.00e+00	0.00e+00	0.00e+00
 2.53718e+16	1.06e-03	3.00e-01	6.82e-01	1.62e-02	6.26e-04	3.79e-05	0.00e+00	0.00e+00	0.00e+00	0.00e+00	0.00e+00	0.00e+00	0.00e+00	0.00e+00	0.00e+00	0.00e+00	0.00e+00
 3.06955e+16	1.17e-03	3.11e-01	6.73e-01	1.40e-02	5.66e-04	3.27e-05	0.00e+00	0.00e+00	0.00e+00	0.00e+00	0.00e+00	0.00e+00	0.00e+00	0.00e+00	0.00e+00	0.00e+00	0.00e+00
 3.67227e+16	1.32e-03	3.25e-01	6.62e-01	1.16e-02	4.94e-04	2.70e-05	0.00e+00	0.00e+00	0.00e+00	0.00e+00	0.00e+00	0.00e+00	0.00e+00	0.00e+00	0.00e+00	0.00e+00	0.00e+00
 4.25321e+16	1.47e-03	3.39e-01	6.49e-01	9.52e-03	4.30e-04	2.23e-05	0.00e+00	0.00e+00	0.00e+00	0.00e+00	0.00e+00	0.00e+00	0.00e+00	0.00e+00	0.00e+00	0.00e+00	0.00e+00
 4.72843e+16	1.62e-03	3.54e-01	6.36e-01	7.94e-03	3.75e-04	1.86e-05	0.00e+00	0.00e+00	0.00e+00	0.00e+00	0.00e+00	0.00e+00	0.00e+00	0.00e+00	0.00e+00	0.00e+00	0.00e+00
 5.14231e+16	1.76e-03	3.69e-01	6.22e-01	6.66e-03	3.28e-04	1.57e-05	0.00e+00	0.00e+00	0.00e+00	0.00e+00	0.00e+00	0.00e+00	0.00e+00	0.00e+00	0.00e+00	0.00e+00	0.00e+00
 5.54034e+16	1.92e-03	3.86e-01	6.06e-01	5.55e-03	2.84e-04	1.31e-05	0.00e+00	0.00e+00	0.00e+00	0.00e+00	0.00e+00	0.00e+00	0.00e+00	0.00e+00	0.00e+00	0.00e+00	0.00e+00
 5.92840e+16	2.08e-03	4.05e-01	5.88e-01	4.57e-03	2.43e-04	1.08e-05	0.00e+00	0.00e+00	0.00e+00	0.00e+00	0.00e+00	0.00e+00	0.00e+00	0.00e+00	0.00e+00	0.00e+00	0.00e+00
 6.29319e+16	2.25e-03	4.25e-01	5.69e-01	3.74e-03	2.06e-04	8.88e-06	0.00e+00	0.00e+00	0.00e+00	0.00e+00	0.00e+00	0.00e+00	0.00e+00	0.00e+00	0.00e+00	0.00e+00	0.00e+00
 6.63976e+16	2.43e-03	4.47e-01	5.47e-01	3.05e-03	1.73e-04	7.25e-06	0.00e+00	0.00e+00	0.00e+00	0.00e+00	0.00e+00	0.00e+00	0.00e+00	0.00e+00	0.00e+00	0.00e+00	0.00e+00
 6.97125e+16	2.61e-03	4.71e-01	5.24e-01	2.47e-03	1.44e-04	5.86e-06	0.00e+00	0.00e+00	0.00e+00	0.00e+00	0.00e+00	0.00e+00	0.00e+00	0.00e+00	0.00e+00	0.00e+00	0.00e+00
 7.26891e+16	2.78e-03	4.95e-01	5.00e-01	2.01e-03	1.20e-04	4.77e-06	0.00e+00	0.00e+00	0.00e+00	0.00e+00	0.00e+00	0.00e+00	0.00e+00	0.00e+00	0.00e+00	0.00e+00	0.00e+00
 7.52588e+16	2.93e-03	5.17e-01	4.78e-01	1.66e-03	1.01e-04	3.94e-06	0.00e+00	0.00e+00	0.00e+00	0.00e+00	0.00e+00	0.00e+00	0.00e+00	0.00e+00	0.00e+00	0.00e+00	0.00e+00
 7.75327e+16	3.07e-03	5.39e-01	4.57e-01	1.39e-03	8.53e-05	3.28e-06	0.00e+00	0.00e+00	0.00e+00	0.00e+00	0.00e+00	0.00e+00	0.00e+00	0.00e+00	0.00e+00	0.00e+00	0.00e+00
 7.96301e+16	3.19e-03	5.59e-01	4.37e-01	1.17e-03	7.28e-05	2.76e-06	0.00e+00	0.00e+00	0.00e+00	0.00e+00	0.00e+00	0.00e+00	0.00e+00	0.00e+00	0.00e+00	0.00e+00	0.00e+00
 8.16124e+16	3.30e-03	5.79e-01	4.17e-01	9.94e-04	6.22e-05	2.32e-06	0.00e+00	0.00e+00	0.00e+00	0.00e+00	0.00e+00	0.00e+00	0.00e+00	0.00e+00	0.00e+00	0.00e+00	0.00e+00
 8.34978e+16	3.39e-03	5.98e-01	3.98e-01	8.46e-04	5.33e-05	1.96e-06	0.00e+00	0.00e+00	0.00e+00	0.00e+00	0.00e+00	0.00e+00	0.00e+00	0.00e+00	0.00e+00	0.00e+00	0.00e+00
 8.52772e+16	3.47e-03	6.16e-01	3.80e-01	7.24e-04	4.59e-05	1.67e-06	0.00e+00	0.00e+00	0.00e+00	0.00e+00	0.00e+00	0.00e+00	0.00e+00	0.00e+00	0.00e+00	0.00e+00	0.00e+00
 8.69605e+16	3.53e-03	6.32e-01	3.64e-01	6.26e-04	3.98e-05	1.43e-06	0.00e+00	0.00e+00	0.00e+00	0.00e+00	0.00e+00	0.00e+00	0.00e+00	0.00e+00	0.00e+00	0.00e+00	0.00e+00
 8.85772e+16	3.57e-03	6.47e-01	3.49e-01	5.44e-04	3.48e-05	1.24e-06	0.00e+00	0.00e+00	0.00e+00	0.00e+00	0.00e+00	0.00e+00	0.00e+00	0.00e+00	0.00e+00	0.00e+00	0.00e+00
 9.01425e+16	3.60e-03	6.61e-01	3.35e-01	4.76e-04	3.05e-05	1.07e-06	0.00e+00	0.00e+00	0.00e+00	0.00e+00	0.00e+00	0.00e+00	0.00e+00	0.00e+00	0.00e+00	0.00e+00	0.00e+00
 9.16138e+16	3.61e-03	6.73e-01	3.23e-01	4.21e-04	2.71e-05	9.43e-07	0.00e+00	0.00e+00	0.00e+00	0.00e+00	0.00e+00	0.00e+00	0.00e+00	0.00e+00	0.00e+00	0.00e+00	0.00e+00
 9.29461e+16	3.61e-03	6.83e-01	3.13e-01	3.78e-04	2.44e-05	0.00e+00	0.00e+00	0.00e+00	0.00e+00	0.00e+00	0.00e+00	0.00e+00	0.00e+00	0.00e+00	0.00e+00	0.00e+00	0.00e+00
 9.41692e+16	3.59e-03	6.91e-01	3.05e-01	3.44e-04	2.23e-05	0.00e+00	0.00e+00	0.00e+00	0.00e+00	0.00e+00	0.00e+00	0.00e+00	0.00e+00	0.00e+00	0.00e+00	0.00e+00	0.00e+00
 9.53258e+16	3.57e-03	6.98e-01	2.98e-01	3.15e-04	2.05e-05	0.00e+00	0.00e+00	0.00e+00	0.00e+00	0.00e+00	0.00e+00	0.00e+00	0.00e+00	0.00e+00	0.00e+00	0.00e+00	0.00e+00
 9.64405e+16	3.54e-03	7.04e-01	2.92e-01	2.90e-04	1.89e-05	0.00e+00	0.00e+00	0.00e+00	0.00e+00	0.00e+00	0.00e+00	0.00e+00	0.00e+00	0.00e+00	0.00e+00	0.00e+00	0.00e+00
 9.75292e+16	3.50e-03	7.10e-01	2.87e-01	2.68e-04	1.76e-05	0.00e+00	0.00e+00	0.00e+00	0.00e+00	0.00e+00	0.00e+00	0.00e+00	0.00e+00	0.00e+00	0.00e+00	0.00e+00	0.00e+00
 9.83934e+16	3.47e-03	7.13e-01	2.83e-01	2.52e-04	1.66e-05	0.00e+00	0.00e+00	0.00e+00	0.00e+00	0.00e+00	0.00e+00	0.00e+00	0.00e+00	0.00e+00	0.00e+00	0.00e+00	0.00e+00
 9.89755e+16	3.44e-03	7.16e-01	2.81e-01	2.44e-04	1.61e-05	0.00e+00	0.00e+00	0.00e+00	0.00e+00	0.00e+00	0.00e+00	0.00e+00	0.00e+00	0.00e+00	0.00e+00	0.00e+00	0.00e+00
 9.95443e+16	3.42e-03	7.18e-01	2.79e-01	2.35e-04	1.56e-05	0.00e+00	0.00e+00	0.00e+00	0.00e+00	0.00e+00	0.00e+00	0.00e+00	0.00e+00	0.00e+00	0.00e+00	0.00e+00	0.00e+00
 1.00234e+17	3.39e-03	7.20e-01	2.76e-01	2.24e-04	1.49e-05	0.00e+00	0.00e+00	0.00e+00	0.00e+00	0.00e+00	0.00e+00	0.00e+00	0.00e+00	0.00e+00	0.00e+00	0.00e+00	0.00e+00
 1.00974e+17	3.35e-03	7.23e-01	2.74e-01	2.14e-04	1.43e-05	0.00e+00	0.00e+00	0.00e+00	0.00e+00	0.00e+00	0.00e+00	0.00e+00	0.00e+00	0.00e+00	0.00e+00	0.00e+00	0.00e+00
 1.01668e+17	3.31e-03	7.24e-01	2.72e-01	2.05e-04	1.38e-05	0.00e+00	0.00e+00	0.00e+00	0.00e+00	0.00e+00	0.00e+00	0.00e+00	0.00e+00	0.00e+00	0.00e+00	0.00e+00	0.00e+00
 1.02334e+17	3.27e-03	7.26e-01	2.70e-01	1.97e-04	1.33e-05	0.00e+00	0.00e+00	0.00e+00	0.00e+00	0.00e+00	0.00e+00	0.00e+00	0.00e+00	0.00e+00	0.00e+00	0.00e+00	0.00e+00
 1.03007e+17	3.23e-03	7.28e-01	2.69e-01	1.89e-04	1.29e-05	0.00e+00	0.00e+00	0.00e+00	0.00e+00	0.00e+00	0.00e+00	0.00e+00	0.00e+00	0.00e+00	0.00e+00	0.00e+00	0.00e+00
 1.03695e+17	3.19e-03	7.29e-01	2.68e-01	1.82e-04	1.25e-05	0.00e+00	0.00e+00	0.00e+00	0.00e+00	0.00e+00	0.00e+00	0.00e+00	0.00e+00	0.00e+00	0.00e+00	0.00e+00	0.00e+00
 1.04402e+17	3.15e-03	7.30e-01	2.66e-01	1.75e-04	1.20e-05	0.00e+00	0.00e+00	0.00e+00	0.00e+00	0.00e+00	0.00e+00	0.00e+00	0.00e+00	0.00e+00	0.00e+00	0.00e+00	0.00e+00
 1.05106e+17	3.09e-03	7.31e-01	2.66e-01	1.69e-04	1.17e-05	0.00e+00	0.00e+00	0.00e+00	0.00e+00	0.00e+00	0.00e+00	0.00e+00	0.00e+00	0.00e+00	0.00e+00	0.00e+00	0.00e+00
 1.05812e+17	3.05e-03	7.32e-01	2.65e-01	1.62e-04	1.13e-05	0.00e+00	0.00e+00	0.00e+00	0.00e+00	0.00e+00	0.00e+00	0.00e+00	0.00e+00	0.00e+00	0.00e+00	0.00e+00	0.00e+00
 1.06524e+17	2.99e-03	7.32e-01	2.65e-01	1.57e-04	1.10e-05	0.00e+00	0.00e+00	0.00e+00	0.00e+00	0.00e+00	0.00e+00	0.00e+00	0.00e+00	0.00e+00	0.00e+00	0.00e+00	0.00e+00
 1.07239e+17	2.95e-03	7.33e-01	2.64e-01	1.51e-04	1.07e-05	0.00e+00	0.00e+00	0.00e+00	0.00e+00	0.00e+00	0.00e+00	0.00e+00	0.00e+00	0.00e+00	0.00e+00	0.00e+00	0.00e+00
 1.07960e+17	2.89e-03	7.33e-01	2.64e-01	1.46e-04	1.04e-05	0.00e+00	0.00e+00	0.00e+00	0.00e+00	0.00e+00	0.00e+00	0.00e+00	0.00e+00	0.00e+00	0.00e+00	0.00e+00	0.00e+00
 1.08697e+17	2.84e-03	7.34e-01	2.63e-01	1.41e-04	1.01e-05	0.00e+00	0.00e+00	0.00e+00	0.00e+00	0.00e+00	0.00e+00	0.00e+00	0.00e+00	0.00e+00	0.00e+00	0.00e+00	0.00e+00
 1.09444e+17	2.78e-03	7.33e-01	2.64e-01	1.37e-04	9.90e-06	0.00e+00	0.00e+00	0.00e+00	0.00e+00	0.00e+00	0.00e+00	0.00e+00	0.00e+00	0.00e+00	0.00e+00	0.00e+00	0.00e+00
 1.10197e+17	2.73e-03	7.34e-01	2.64e-01	1.32e-04	9.61e-06	0.00e+00	0.00e+00	0.00e+00	0.00e+00	0.00e+00	0.00e+00	0.00e+00	0.00e+00	0.00e+00	0.00e+00	0.00e+00	0.00e+00
 1.10959e+17	2.68e-03	7.33e-01	2.64e-01	1.28e-04	9.41e-06	0.00e+00	0.00e+00	0.00e+00	0.00e+00	0.00e+00	0.00e+00	0.00e+00	0.00e+00	0.00e+00	0.00e+00	0.00e+00	0.00e+00
 1.11712e+17	2.62e-03	7.33e-01	2.65e-01	1.24e-04	9.19e-06	0.00e+00	0.00e+00	0.00e+00	0.00e+00	0.00e+00	0.00e+00	0.00e+00	0.00e+00	0.00e+00	0.00e+00	0.00e+00	0.00e+00
 1.12498e+17	2.57e-03	7.32e-01	2.65e-01	1.20e-04	9.00e-06	0.00e+00	0.00e+00	0.00e+00	0.00e+00	0.00e+00	0.00e+00	0.00e+00	0.00e+00	0.00e+00	0.00e+00	0.00e+00	0.00e+00
 1.13312e+17	2.51e-03	7.31e-01	2.66e-01	1.17e-04	8.79e-06	0.00e+00	0.00e+00	0.00e+00	0.00e+00	0.00e+00	0.00e+00	0.00e+00	0.00e+00	0.00e+00	0.00e+00	0.00e+00	0.00e+00
 1.14128e+17	2.45e-03	7.30e-01	2.67e-01	1.13e-04	8.64e-06	0.00e+00	0.00e+00	0.00e+00	0.00e+00	0.00e+00	0.00e+00	0.00e+00	0.00e+00	0.00e+00	0.00e+00	0.00e+00	0.00e+00
 1.14965e+17	2.40e-03	7.30e-01	2.68e-01	1.10e-04	8.45e-06	0.00e+00	0.00e+00	0.00e+00	0.00e+00	0.00e+00	0.00e+00	0.00e+00	0.00e+00	0.00e+00	0.00e+00	0.00e+00	0.00e+00
 1.15817e+17	2.33e-03	7.28e-01	2.70e-01	1.07e-04	8.32e-06	0.00e+00	0.00e+00	0.00e+00	0.00e+00	0.00e+00	0.00e+00	0.00e+00	0.00e+00	0.00e+00	0.00e+00	0.00e+00	0.00e+00
 1.16675e+17	2.28e-03	7.27e-01	2.70e-01	1.04e-04	8.15e-06	0.00e+00	0.00e+00	0.00e+00	0.00e+00	0.00e+00	0.00e+00	0.00e+00	0.00e+00	0.00e+00	0.00e+00	0.00e+00	0.00e+00
 1.17555e+17	2.22e-03	7.25e-01	2.73e-01	1.02e-04	8.06e-06	0.00e+00	0.00e+00	0.00e+00	0.00e+00	0.00e+00	0.00e+00	0.00e+00	0.00e+00	0.00e+00	0.00e+00	0.00e+00	0.00e+00
 1.18445e+17	2.18e-03	7.25e-01	2.73e-01	9.87e-05	7.88e-06	0.00e+00	0.00e+00	0.00e+00	0.00e+00	0.00e+00	0.00e+00	0.00e+00	0.00e+00	0.00e+00	0.00e+00	0.00e+00	0.00e+00
 1.19319e+17	2.11e-03	7.22e-01	2.75e-01	9.66e-05	7.81e-06	0.00e+00	0.00e+00	0.00e+00	0.00e+00	0.00e+00	0.00e+00	0.00e+00	0.00e+00	0.00e+00	0.00e+00	0.00e+00	0.00e+00
 1.20165e+17	2.07e-03	7.21e-01	2.77e-01	9.45e-05	7.71e-06	0.00e+00	0.00e+00	0.00e+00	0.00e+00	0.00e+00	0.00e+00	0.00e+00	0.00e+00	0.00e+00	0.00e+00	0.00e+00	0.00e+00
 1.21076e+17	2.03e-03	7.20e-01	2.78e-01	9.20e-05	7.56e-06	0.00e+00	0.00e+00	0.00e+00	0.00e+00	0.00e+00	0.00e+00	0.00e+00	0.00e+00	0.00e+00	0.00e+00	0.00e+00	0.00e+00
 1.22137e+17	1.99e-03	7.19e-01	2.79e-01	8.97e-05	7.44e-06	0.00e+00	0.00e+00	0.00e+00	0.00e+00	0.00e+00	0.00e+00	0.00e+00	0.00e+00	0.00e+00	0.00e+00	0.00e+00	0.00e+00
 1.23245e+17	1.93e-03	7.17e-01	2.81e-01	8.73e-05	7.33e-06	0.00e+00	0.00e+00	0.00e+00	0.00e+00	0.00e+00	0.00e+00	0.00e+00	0.00e+00	0.00e+00	0.00e+00	0.00e+00	0.00e+00
 1.24283e+17	1.88e-03	7.15e-01	2.83e-01	8.56e-05	7.25e-06	0.00e+00	0.00e+00	0.00e+00	0.00e+00	0.00e+00	0.00e+00	0.00e+00	0.00e+00	0.00e+00	0.00e+00	0.00e+00	0.00e+00
 1.25337e+17	1.85e-03	7.15e-01	2.83e-01	8.34e-05	7.12e-06	0.00e+00	0.00e+00	0.00e+00	0.00e+00	0.00e+00	0.00e+00	0.00e+00	0.00e+00	0.00e+00	0.00e+00	0.00e+00	0.00e+00
 1.26559e+17	1.79e-03	7.12e-01	2.86e-01	8.16e-05	7.05e-06	0.00e+00	0.00e+00	0.00e+00	0.00e+00	0.00e+00	0.00e+00	0.00e+00	0.00e+00	0.00e+00	0.00e+00	0.00e+00	0.00e+00
 1.27833e+17	1.76e-03	7.11e-01	2.87e-01	7.95e-05	6.92e-06	0.00e+00	0.00e+00	0.00e+00	0.00e+00	0.00e+00	0.00e+00	0.00e+00	0.00e+00	0.00e+00	0.00e+00	0.00e+00	0.00e+00
 1.29116e+17	1.73e-03	7.11e-01	2.87e-01	7.75e-05	6.80e-06	0.00e+00	0.00e+00	0.00e+00	0.00e+00	0.00e+00	0.00e+00	0.00e+00	0.00e+00	0.00e+00	0.00e+00	0.00e+00	0.00e+00
 1.30593e+17	1.69e-03	7.10e-01	2.89e-01	7.55e-05	6.67e-06	0.00e+00	0.00e+00	0.00e+00	0.00e+00	0.00e+00	0.00e+00	0.00e+00	0.00e+00	0.00e+00	0.00e+00	0.00e+00	0.00e+00
 1.32203e+17	1.65e-03	7.08e-01	2.90e-01	7.35e-05	6.56e-06	0.00e+00	0.00e+00	0.00e+00	0.00e+00	0.00e+00	0.00e+00	0.00e+00	0.00e+00	0.00e+00	0.00e+00	0.00e+00	0.00e+00
 1.33761e+17	1.62e-03	7.07e-01	2.91e-01	7.16e-05	6.44e-06	0.00e+00	0.00e+00	0.00e+00	0.00e+00	0.00e+00	0.00e+00	0.00e+00	0.00e+00	0.00e+00	0.00e+00	0.00e+00	0.00e+00
 1.35359e+17	1.60e-03	7.07e-01	2.91e-01	6.98e-05	6.31e-06	0.00e+00	0.00e+00	0.00e+00	0.00e+00	0.00e+00	0.00e+00	0.00e+00	0.00e+00	0.00e+00	0.00e+00	0.00e+00	0.00e+00
 1.37149e+17	1.57e-03	7.07e-01	2.91e-01	6.79e-05	6.17e-06	0.00e+00	0.00e+00	0.00e+00	0.00e+00	0.00e+00	0.00e+00	0.00e+00	0.00e+00	0.00e+00	0.00e+00	0.00e+00	0.00e+00
 1.39043e+17	1.55e-03	7.07e-01	2.91e-01	6.59e-05	6.03e-06	0.00e+00	0.00e+00	0.00e+00	0.00e+00	0.00e+00	0.00e+00	0.00e+00	0.00e+00	0.00e+00	0.00e+00	0.00e+00	0.00e+00
 1.40929e+17	1.53e-03	7.07e-01	2.91e-01	6.41e-05	5.89e-06	0.00e+00	0.00e+00	0.00e+00	0.00e+00	0.00e+00	0.00e+00	0.00e+00	0.00e+00	0.00e+00	0.00e+00	0.00e+00	0.00e+00
 1.42797e+17	1.51e-03	7.08e-01	2.90e-01	6.23e-05	5.74e-06	0.00e+00	0.00e+00	0.00e+00	0.00e+00	0.00e+00	0.00e+00	0.00e+00	0.00e+00	0.00e+00	0.00e+00	0.00e+00	0.00e+00
 1.44643e+17	1.50e-03	7.09e-01	2.90e-01	6.07e-05	5.60e-06	0.00e+00	0.00e+00	0.00e+00	0.00e+00	0.00e+00	0.00e+00	0.00e+00	0.00e+00	0.00e+00	0.00e+00	0.00e+00	0.00e+00
 1.46478e+17	1.50e-03	7.11e-01	2.88e-01	5.89e-05	5.44e-06	0.00e+00	0.00e+00	0.00e+00	0.00e+00	0.00e+00	0.00e+00	0.00e+00	0.00e+00	0.00e+00	0.00e+00	0.00e+00	0.00e+00
 1.48243e+17	1.49e-03	7.11e-01	2.87e-01	5.74e-05	5.31e-06	0.00e+00	0.00e+00	0.00e+00	0.00e+00	0.00e+00	0.00e+00	0.00e+00	0.00e+00	0.00e+00	0.00e+00	0.00e+00	0.00e+00
 1.49917e+17	1.48e-03	7.12e-01	2.87e-01	5.60e-05	5.19e-06	0.00e+00	0.00e+00	0.00e+00	0.00e+00	0.00e+00	0.00e+00	0.00e+00	0.00e+00	0.00e+00	0.00e+00	0.00e+00	0.00e+00
 1.51589e+17	1.47e-03	7.13e-01	2.86e-01	5.46e-05	5.06e-06	0.00e+00	0.00e+00	0.00e+00	0.00e+00	0.00e+00	0.00e+00	0.00e+00	0.00e+00	0.00e+00	0.00e+00	0.00e+00	0.00e+00
 1.53262e+17	1.46e-03	7.14e-01	2.84e-01	5.31e-05	4.93e-06	0.00e+00	0.00e+00	0.00e+00	0.00e+00	0.00e+00	0.00e+00	0.00e+00	0.00e+00	0.00e+00	0.00e+00	0.00e+00	0.00e+00
 1.54849e+17	1.46e-03	7.16e-01	2.83e-01	5.17e-05	4.79e-06	0.00e+00	0.00e+00	0.00e+00	0.00e+00	0.00e+00	0.00e+00	0.00e+00	0.00e+00	0.00e+00	0.00e+00	0.00e+00	0.00e+00
 1.56294e+17	1.46e-03	7.17e-01	2.82e-01	5.05e-05	4.68e-06	0.00e+00	0.00e+00	0.00e+00	0.00e+00	0.00e+00	0.00e+00	0.00e+00	0.00e+00	0.00e+00	0.00e+00	0.00e+00	0.00e+00
 1.57702e+17	1.46e-03	7.18e-01	2.81e-01	4.93e-05	4.56e-06	0.00e+00	0.00e+00	0.00e+00	0.00e+00	0.00e+00	0.00e+00	0.00e+00	0.00e+00	0.00e+00	0.00e+00	0.00e+00	0.00e+00
 1.59114e+17	1.45e-03	7.19e-01	2.80e-01	4.81e-05	4.45e-06	0.00e+00	0.00e+00	0.00e+00	0.00e+00	0.00e+00	0.00e+00	0.00e+00	0.00e+00	0.00e+00	0.00e+00	0.00e+00	0.00e+00
 1.60470e+17	1.46e-03	7.21e-01	2.78e-01	4.69e-05	4.32e-06	0.00e+00	0.00e+00	0.00e+00	0.00e+00	0.00e+00	0.00e+00	0.00e+00	0.00e+00	0.00e+00	0.00e+00	0.00e+00	0.00e+00
 1.61745e+17	1.46e-03	7.22e-01	2.76e-01	4.58e-05	4.22e-06	0.00e+00	0.00e+00	0.00e+00	0.00e+00	0.00e+00	0.00e+00	0.00e+00	0.00e+00	0.00e+00	0.00e+00	0.00e+00	0.00e+00
 1.62938e+17	1.46e-03	7.24e-01	2.75e-01	4.48e-05	4.11e-06	0.00e+00	0.00e+00	0.00e+00	0.00e+00	0.00e+00	0.00e+00	0.00e+00	0.00e+00	0.00e+00	0.00e+00	0.00e+00	0.00e+00
 1.64100e+17	1.46e-03	7.25e-01	2.74e-01	4.38e-05	4.01e-06	0.00e+00	0.00e+00	0.00e+00	0.00e+00	0.00e+00	0.00e+00	0.00e+00	0.00e+00	0.00e+00	0.00e+00	0.00e+00	0.00e+00
 1.65239e+17	1.46e-03	7.26e-01	2.73e-01	4.29e-05	3.92e-06	0.00e+00	0.00e+00	0.00e+00	0.00e+00	0.00e+00	0.00e+00	0.00e+00	0.00e+00	0.00e+00	0.00e+00	0.00e+00	0.00e+00
 1.66343e+17	1.47e-03	7.28e-01	2.70e-01	4.19e-05	3.81e-06	0.00e+00	0.00e+00	0.00e+00	0.00e+00	0.00e+00	0.00e+00	0.00e+00	0.00e+00	0.00e+00	0.00e+00	0.00e+00	0.00e+00
 1.67368e+17	1.47e-03	7.29e-01	2.70e-01	4.10e-05	3.73e-06	0.00e+00	0.00e+00	0.00e+00	0.00e+00	0.00e+00	0.00e+00	0.00e+00	0.00e+00	0.00e+00	0.00e+00	0.00e+00	0.00e+00
 1.68332e+17	1.48e-03	7.31e-01	2.68e-01	4.02e-05	3.64e-06	0.00e+00	0.00e+00	0.00e+00	0.00e+00	0.00e+00	0.00e+00	0.00e+00	0.00e+00	0.00e+00	0.00e+00	0.00e+00	0.00e+00
 1.69305e+17	1.48e-03	7.32e-01	2.66e-01	3.93e-05	3.55e-06	0.00e+00	0.00e+00	0.00e+00	0.00e+00	0.00e+00	0.00e+00	0.00e+00	0.00e+00	0.00e+00	0.00e+00	0.00e+00	0.00e+00
 1.70247e+17	1.48e-03	7.33e-01	2.66e-01	3.85e-05	3.47e-06	0.00e+00	0.00e+00	0.00e+00	0.00e+00	0.00e+00	0.00e+00	0.00e+00	0.00e+00	0.00e+00	0.00e+00	0.00e+00	0.00e+00
 1.71118e+17	1.49e-03	7.35e-01	2.64e-01	3.77e-05	3.38e-06	0.00e+00	0.00e+00	0.00e+00	0.00e+00	0.00e+00	0.00e+00	0.00e+00	0.00e+00	0.00e+00	0.00e+00	0.00e+00	0.00e+00
 1.71949e+17	1.49e-03	7.37e-01	2.62e-01	3.70e-05	3.30e-06	0.00e+00	0.00e+00	0.00e+00	0.00e+00	0.00e+00	0.00e+00	0.00e+00	0.00e+00	0.00e+00	0.00e+00	0.00e+00	0.00e+00
 1.72772e+17	1.50e-03	7.38e-01	2.60e-01	3.62e-05	3.22e-06	0.00e+00	0.00e+00	0.00e+00	0.00e+00	0.00e+00	0.00e+00	0.00e+00	0.00e+00	0.00e+00	0.00e+00	0.00e+00	0.00e+00
 1.73571e+17	1.51e-03	7.40e-01	2.59e-01	3.55e-05	3.14e-06	0.00e+00	0.00e+00	0.00e+00	0.00e+00	0.00e+00	0.00e+00	0.00e+00	0.00e+00	0.00e+00	0.00e+00	0.00e+00	0.00e+00
 1.74309e+17	1.51e-03	7.41e-01	2.57e-01	3.49e-05	3.08e-06	0.00e+00	0.00e+00	0.00e+00	0.00e+00	0.00e+00	0.00e+00	0.00e+00	0.00e+00	0.00e+00	0.00e+00	0.00e+00	0.00e+00
 1.75076e+17	1.52e-03	7.43e-01	2.55e-01	3.40e-05	2.98e-06	0.00e+00	0.00e+00	0.00e+00	0.00e+00	0.00e+00	0.00e+00	0.00e+00	0.00e+00	0.00e+00	0.00e+00	0.00e+00	0.00e+00
 1.75800e+17	1.53e-03	7.44e-01	2.54e-01	3.33e-05	2.91e-06	0.00e+00	0.00e+00	0.00e+00	0.00e+00	0.00e+00	0.00e+00	0.00e+00	0.00e+00	0.00e+00	0.00e+00	0.00e+00	0.00e+00
 1.76389e+17	1.53e-03	7.45e-01	2.53e-01	3.29e-05	2.86e-06	0.00e+00	0.00e+00	0.00e+00	0.00e+00	0.00e+00	0.00e+00	0.00e+00	0.00e+00	0.00e+00	0.00e+00	0.00e+00	0.00e+00
 1.77009e+17	1.55e-03	7.47e-01	2.51e-01	3.21e-05	2.79e-06	0.00e+00	0.00e+00	0.00e+00	0.00e+00	0.00e+00	0.00e+00	0.00e+00	0.00e+00	0.00e+00	0.00e+00	0.00e+00	0.00e+00
 1.77652e+17	1.55e-03	7.49e-01	2.50e-01	3.15e-05	2.72e-06	0.00e+00	0.00e+00	0.00e+00	0.00e+00	0.00e+00	0.00e+00	0.00e+00	0.00e+00	0.00e+00	0.00e+00	0.00e+00	0.00e+00
 1.78206e+17	1.56e-03	7.50e-01	2.48e-01	3.10e-05	2.66e-06	0.00e+00	0.00e+00	0.00e+00	0.00e+00	0.00e+00	0.00e+00	0.00e+00	0.00e+00	0.00e+00	0.00e+00	0.00e+00	0.00e+00
 1.78742e+17	1.58e-03	7.52e-01	2.46e-01	3.03e-05	2.59e-06	0.00e+00	0.00e+00	0.00e+00	0.00e+00	0.00e+00	0.00e+00	0.00e+00	0.00e+00	0.00e+00	0.00e+00	0.00e+00	0.00e+00
 1.79255e+17	1.58e-03	7.53e-01	2.45e-01	2.99e-05	2.54e-06	0.00e+00	0.00e+00	0.00e+00	0.00e+00	0.00e+00	0.00e+00	0.00e+00	0.00e+00	0.00e+00	0.00e+00	0.00e+00	0.00e+00
 1.79737e+17	1.60e-03	7.55e-01	2.43e-01	2.92e-05	2.47e-06	0.00e+00	0.00e+00	0.00e+00	0.00e+00	0.00e+00	0.00e+00	0.00e+00	0.00e+00	0.00e+00	0.00e+00	0.00e+00	0.00e+00
 1.80195e+17	1.59e-03	7.55e-01	2.44e-01	2.90e-05	2.45e-06	0.00e+00	0.00e+00	0.00e+00	0.00e+00	0.00e+00	0.00e+00	0.00e+00	0.00e+00	0.00e+00	0.00e+00	0.00e+00	0.00e+00
 1.80674e+17	1.59e-03	7.56e-01	2.43e-01	2.86e-05	2.41e-06	0.00e+00	0.00e+00	0.00e+00	0.00e+00	0.00e+00	0.00e+00	0.00e+00	0.00e+00	0.00e+00	0.00e+00	0.00e+00	0.00e+00
 1.81281e+17	1.62e-03	7.59e-01	2.40e-01	2.78e-05	2.32e-06	0.00e+00	0.00e+00	0.00e+00	0.00e+00	0.00e+00	0.00e+00	0.00e+00	0.00e+00	0.00e+00	0.00e+00	0.00e+00	0.00e+00
 1.81831e+17	1.63e-03	7.60e-01	2.38e-01	2.71e-05	2.25e-06	0.00e+00	0.00e+00	0.00e+00	0.00e+00	0.00e+00	0.00e+00	0.00e+00	0.00e+00	0.00e+00	0.00e+00	0.00e+00	0.00e+00
 1.82195e+17	1.63e-03	7.61e-01	2.38e-01	2.68e-05	2.23e-06	0.00e+00	0.00e+00	0.00e+00	0.00e+00	0.00e+00	0.00e+00	0.00e+00	0.00e+00	0.00e+00	0.00e+00	0.00e+00	0.00e+00
 1.82543e+17	1.65e-03	7.63e-01	2.35e-01	2.63e-05	2.16e-06	0.00e+00	0.00e+00	0.00e+00	0.00e+00	0.00e+00	0.00e+00	0.00e+00	0.00e+00	0.00e+00	0.00e+00	0.00e+00	0.00e+00
 1.82921e+17	1.66e-03	7.64e-01	2.34e-01	2.60e-05	2.13e-06	0.00e+00	0.00e+00	0.00e+00	0.00e+00	0.00e+00	0.00e+00	0.00e+00	0.00e+00	0.00e+00	0.00e+00	0.00e+00	0.00e+00
 1.83302e+17	1.68e-03	7.66e-01	2.32e-01	2.54e-05	2.06e-06	0.00e+00	0.00e+00	0.00e+00	0.00e+00	0.00e+00	0.00e+00	0.00e+00	0.00e+00	0.00e+00	0.00e+00	0.00e+00	0.00e+00
 1.83654e+17	1.67e-03	7.67e-01	2.31e-01	2.50e-05	2.03e-06	0.00e+00	0.00e+00	0.00e+00	0.00e+00	0.00e+00	0.00e+00	0.00e+00	0.00e+00	0.00e+00	0.00e+00	0.00e+00	0.00e+00
 1.83975e+17	1.70e-03	7.70e-01	2.29e-01	2.45e-05	1.97e-06	0.00e+00	0.00e+00	0.00e+00	0.00e+00	0.00e+00	0.00e+00	0.00e+00	0.00e+00	0.00e+00	0.00e+00	0.00e+00	0.00e+00
 1.84283e+17	1.70e-03	7.70e-01	2.28e-01	2.42e-05	1.94e-06	0.00e+00	0.00e+00	0.00e+00	0.00e+00	0.00e+00	0.00e+00	0.00e+00	0.00e+00	0.00e+00	0.00e+00	0.00e+00	0.00e+00
 1.84582e+17	1.73e-03	7.73e-01	2.25e-01	2.37e-05	1.88e-06	0.00e+00	0.00e+00	0.00e+00	0.00e+00	0.00e+00	0.00e+00	0.00e+00	0.00e+00	0.00e+00	0.00e+00	0.00e+00	0.00e+00
 1.84867e+17	1.73e-03	7.73e-01	2.25e-01	2.34e-05	1.85e-06	0.00e+00	0.00e+00	0.00e+00	0.00e+00	0.00e+00	0.00e+00	0.00e+00	0.00e+00	0.00e+00	0.00e+00	0.00e+00	0.00e+00
 1.85126e+17	1.76e-03	7.76e-01	2.22e-01	2.29e-05	1.79e-06	0.00e+00	0.00e+00	0.00e+00	0.00e+00	0.00e+00	0.00e+00	0.00e+00	0.00e+00	0.00e+00	0.00e+00	0.00e+00	0.00e+00
 1.85371e+17	1.76e-03	7.77e-01	2.22e-01	2.26e-05	1.77e-06	0.00e+00	0.00e+00	0.00e+00	0.00e+00	0.00e+00	0.00e+00	0.00e+00	0.00e+00	0.00e+00	0.00e+00	0.00e+00	0.00e+00
 1.85610e+17	1.77e-03	7.78e-01	2.20e-01	2.23e-05	1.73e-06	0.00e+00	0.00e+00	0.00e+00	0.00e+00	0.00e+00	0.00e+00	0.00e+00	0.00e+00	0.00e+00	0.00e+00	0.00e+00	0.00e+00
 1.85884e+17	1.80e-03	7.81e-01	2.17e-01	2.17e-05	1.67e-06	0.00e+00	0.00e+00	0.00e+00	0.00e+00	0.00e+00	0.00e+00	0.00e+00	0.00e+00	0.00e+00	0.00e+00	0.00e+00	0.00e+00
 1.86114e+17	1.81e-03	7.82e-01	2.16e-01	2.14e-05	1.64e-06	0.00e+00	0.00e+00	0.00e+00	0.00e+00	0.00e+00	0.00e+00	0.00e+00	0.00e+00	0.00e+00	0.00e+00	0.00e+00	0.00e+00
 1.86253e+17	1.83e-03	7.84e-01	2.15e-01	2.12e-05	1.61e-06	0.00e+00	0.00e+00	0.00e+00	0.00e+00	0.00e+00	0.00e+00	0.00e+00	0.00e+00	0.00e+00	0.00e+00	0.00e+00	0.00e+00
 1.86345e+17	1.84e-03	7.85e-01	2.13e-01	2.10e-05	1.59e-06	0.00e+00	0.00e+00	0.00e+00	0.00e+00	0.00e+00	0.00e+00	0.00e+00	0.00e+00	0.00e+00	0.00e+00	0.00e+00	0.00e+00
 1.86431e+17	1.85e-03	7.85e-01	2.13e-01	2.09e-05	1.57e-06	0.00e+00	0.00e+00	0.00e+00	0.00e+00	0.00e+00	0.00e+00	0.00e+00	0.00e+00	0.00e+00	0.00e+00	0.00e+00	0.00e+00
 1.86531e+17	1.85e-03	7.86e-01	2.12e-01	2.07e-05	1.56e-06	0.00e+00	0.00e+00	0.00e+00	0.00e+00	0.00e+00	0.00e+00	0.00e+00	0.00e+00	0.00e+00	0.00e+00	0.00e+00	0.00e+00
 1.86643e+17	1.86e-03	7.87e-01	2.11e-01	2.05e-05	1.54e-06	0.00e+00	0.00e+00	0.00e+00	0.00e+00	0.00e+00	0.00e+00	0.00e+00	0.00e+00	0.00e+00	0.00e+00	0.00e+00	0.00e+00
 1.86755e+17	1.88e-03	7.89e-01	2.10e-01	2.04e-05	1.52e-06	0.00e+00	0.00e+00	0.00e+00	0.00e+00	0.00e+00	0.00e+00	0.00e+00	0.00e+00	0.00e+00	0.00e+00	0.00e+00	0.00e+00
 1.86860e+17	1.88e-03	7.89e-01	2.09e-01	2.02e-05	1.50e-06	0.00e+00	0.00e+00	0.00e+00	0.00e+00	0.00e+00	0.00e+00	0.00e+00	0.00e+00	0.00e+00	0.00e+00	0.00e+00	0.00e+00
 1.86955e+17	1.89e-03	7.90e-01	2.08e-01	2.00e-05	1.48e-06	0.00e+00	0.00e+00	0.00e+00	0.00e+00	0.00e+00	0.00e+00	0.00e+00	0.00e+00	0.00e+00	0.00e+00	0.00e+00	0.00e+00
 1.87040e+17	1.90e-03	7.91e-01	2.07e-01	1.99e-05	1.47e-06	0.00e+00	0.00e+00	0.00e+00	0.00e+00	0.00e+00	0.00e+00	0.00e+00	0.00e+00	0.00e+00	0.00e+00	0.00e+00	0.00e+00
 1.87123e+17	1.92e-03	7.92e-01	2.06e-01	1.97e-05	1.45e-06	0.00e+00	0.00e+00	0.00e+00	0.00e+00	0.00e+00	0.00e+00	0.00e+00	0.00e+00	0.00e+00	0.00e+00	0.00e+00	0.00e+00
 1.87212e+17	1.93e-03	7.93e-01	2.05e-01	1.96e-05	1.43e-06	0.00e+00	0.00e+00	0.00e+00	0.00e+00	0.00e+00	0.00e+00	0.00e+00	0.00e+00	0.00e+00	0.00e+00	0.00e+00	0.00e+00
 1.87312e+17	1.94e-03	7.95e-01	2.03e-01	1.94e-05	1.41e-06	0.00e+00	0.00e+00	0.00e+00	0.00e+00	0.00e+00	0.00e+00	0.00e+00	0.00e+00	0.00e+00	0.00e+00	0.00e+00	0.00e+00
 1.87414e+17	1.94e-03	7.95e-01	2.03e-01	1.92e-05	1.39e-06	0.00e+00	0.00e+00	0.00e+00	0.00e+00	0.00e+00	0.00e+00	0.00e+00	0.00e+00	0.00e+00	0.00e+00	0.00e+00	0.00e+00
 1.87498e+17	1.94e-03	7.96e-01	2.02e-01	1.90e-05	1.38e-06	0.00e+00	0.00e+00	0.00e+00	0.00e+00	0.00e+00	0.00e+00	0.00e+00	0.00e+00	0.00e+00	0.00e+00	0.00e+00	0.00e+00
 1.87572e+17	1.97e-03	7.97e-01	2.01e-01	1.89e-05	1.36e-06	0.00e+00	0.00e+00	0.00e+00	0.00e+00	0.00e+00	0.00e+00	0.00e+00	0.00e+00	0.00e+00	0.00e+00	0.00e+00	0.00e+00
 1.87649e+17	1.97e-03	7.98e-01	2.00e-01	1.87e-05	1.34e-06	0.00e+00	0.00e+00	0.00e+00	0.00e+00	0.00e+00	0.00e+00	0.00e+00	0.00e+00	0.00e+00	0.00e+00	0.00e+00	0.00e+00
 1.87732e+17	1.98e-03	7.99e-01	1.99e-01	1.86e-05	1.32e-06	0.00e+00	0.00e+00	0.00e+00	0.00e+00	0.00e+00	0.00e+00	0.00e+00	0.00e+00	0.00e+00	0.00e+00	0.00e+00	0.00e+00
 1.87819e+17	2.00e-03	8.00e-01	1.98e-01	1.84e-05	1.31e-06	0.00e+00	0.00e+00	0.00e+00	0.00e+00	0.00e+00	0.00e+00	0.00e+00	0.00e+00	0.00e+00	0.00e+00	0.00e+00	0.00e+00
 1.87910e+17	2.01e-03	8.01e-01	1.97e-01	1.82e-05	1.29e-06	0.00e+00	0.00e+00	0.00e+00	0.00e+00	0.00e+00	0.00e+00	0.00e+00	0.00e+00	0.00e+00	0.00e+00	0.00e+00	0.00e+00
 1.87999e+17	2.02e-03	8.03e-01	1.95e-01	1.80e-05	1.27e-06	0.00e+00	0.00e+00	0.00e+00	0.00e+00	0.00e+00	0.00e+00	0.00e+00	0.00e+00	0.00e+00	0.00e+00	0.00e+00	0.00e+00
 1.88086e+17	2.03e-03	8.04e-01	1.94e-01	1.79e-05	1.25e-06	0.00e+00	0.00e+00	0.00e+00	0.00e+00	0.00e+00	0.00e+00	0.00e+00	0.00e+00	0.00e+00	0.00e+00	0.00e+00	0.00e+00
 1.88170e+17	2.05e-03	8.05e-01	1.93e-01	1.77e-05	1.23e-06	0.00e+00	0.00e+00	0.00e+00	0.00e+00	0.00e+00	0.00e+00	0.00e+00	0.00e+00	0.00e+00	0.00e+00	0.00e+00	0.00e+00
 1.88253e+17	2.06e-03	8.06e-01	1.91e-01	1.75e-05	1.21e-06	0.00e+00	0.00e+00	0.00e+00	0.00e+00	0.00e+00	0.00e+00	0.00e+00	0.00e+00	0.00e+00	0.00e+00	0.00e+00	0.00e+00
 1.88336e+17	2.07e-03	8.07e-01	1.91e-01	1.74e-05	1.20e-06	0.00e+00	0.00e+00	0.00e+00	0.00e+00	0.00e+00	0.00e+00	0.00e+00	0.00e+00	0.00e+00	0.00e+00	0.00e+00	0.00e+00
 1.88421e+17	2.08e-03	8.09e-01	1.89e-01	1.71e-05	1.17e-06	0.00e+00	0.00e+00	0.00e+00	0.00e+00	0.00e+00	0.00e+00	0.00e+00	0.00e+00	0.00e+00	0.00e+00	0.00e+00	0.00e+00
 1.88498e+17	2.10e-03	8.10e-01	1.88e-01	1.70e-05	1.15e-06	0.00e+00	0.00e+00	0.00e+00	0.00e+00	0.00e+00	0.00e+00	0.00e+00	0.00e+00	0.00e+00	0.00e+00	0.00e+00	0.00e+00
 1.88566e+17	2.11e-03	8.11e-01	1.86e-01	1.68e-05	1.14e-06	0.00e+00	0.00e+00	0.00e+00	0.00e+00	0.00e+00	0.00e+00	0.00e+00	0.00e+00	0.00e+00	0.00e+00	0.00e+00	0.00e+00
 1.88642e+17	2.13e-03	8.13e-01	1.85e-01	1.66e-05	1.12e-06	0.00e+00	0.00e+00	0.00e+00	0.00e+00	0.00e+00	0.00e+00	0.00e+00	0.00e+00	0.00e+00	0.00e+00	0.00e+00	0.00e+00
 1.88732e+17	2.14e-03	8.14e-01	1.84e-01	1.65e-05	1.10e-06	0.00e+00	0.00e+00	0.00e+00	0.00e+00	0.00e+00	0.00e+00	0.00e+00	0.00e+00	0.00e+00	0.00e+00	0.00e+00	0.00e+00
 1.88833e+17	2.16e-03	8.16e-01	1.82e-01	1.62e-05	1.08e-06	0.00e+00	0.00e+00	0.00e+00	0.00e+00	0.00e+00	0.00e+00	0.00e+00	0.00e+00	0.00e+00	0.00e+00	0.00e+00	0.00e+00
 1.88933e+17	2.18e-03	8.18e-01	1.80e-01	1.60e-05	1.06e-06	0.00e+00	0.00e+00	0.00e+00	0.00e+00	0.00e+00	0.00e+00	0.00e+00	0.00e+00	0.00e+00	0.00e+00	0.00e+00	0.00e+00
 1.89026e+17	2.20e-03	8.19e-01	1.79e-01	1.58e-05	1.04e-06	0.00e+00	0.00e+00	0.00e+00	0.00e+00	0.00e+00	0.00e+00	0.00e+00	0.00e+00	0.00e+00	0.00e+00	0.00e+00	0.00e+00
 1.89115e+17	2.21e-03	8.20e-01	1.78e-01	1.56e-05	1.02e-06	0.00e+00	0.00e+00	0.00e+00	0.00e+00	0.00e+00	0.00e+00	0.00e+00	0.00e+00	0.00e+00	0.00e+00	0.00e+00	0.00e+00
 1.89205e+17	2.23e-03	8.22e-01	1.75e-01	1.54e-05	9.94e-07	0.00e+00	0.00e+00	0.00e+00	0.00e+00	0.00e+00	0.00e+00	0.00e+00	0.00e+00	0.00e+00	0.00e+00	0.00e+00	0.00e+00
 1.89299e+17	2.25e-03	8.24e-01	1.74e-01	1.52e-05	0.00e+00	0.00e+00	0.00e+00	0.00e+00	0.00e+00	0.00e+00	0.00e+00	0.00e+00	0.00e+00	0.00e+00	0.00e+00	0.00e+00	0.00e+00
 1.89398e+17	2.29e-03	8.27e-01	1.71e-01	1.48e-05	0.00e+00	0.00e+00	0.00e+00	0.00e+00	0.00e+00	0.00e+00	0.00e+00	0.00e+00	0.00e+00	0.00e+00	0.00e+00	0.00e+00	0.00e+00
 1.89484e+17	2.31e-03	8.29e-01	1.69e-01	1.46e-05	0.00e+00	0.00e+00	0.00e+00	0.00e+00	0.00e+00	0.00e+00	0.00e+00	0.00e+00	0.00e+00	0.00e+00	0.00e+00	0.00e+00	0.00e+00
 1.89563e+17	2.32e-03	8.30e-01	1.68e-01	1.44e-05	0.00e+00	0.00e+00	0.00e+00	0.00e+00	0.00e+00	0.00e+00	0.00e+00	0.00e+00	0.00e+00	0.00e+00	0.00e+00	0.00e+00	0.00e+00
 1.89665e+17	2.36e-03	8.33e-01	1.64e-01	1.40e-05	0.00e+00	0.00e+00	0.00e+00	0.00e+00	0.00e+00	0.00e+00	0.00e+00	0.00e+00	0.00e+00	0.00e+00	0.00e+00	0.00e+00	0.00e+00
 1.89767e+17	2.41e-03	8.37e-01	1.61e-01	1.36e-05	0.00e+00	0.00e+00	0.00e+00	0.00e+00	0.00e+00	0.00e+00	0.00e+00	0.00e+00	0.00e+00	0.00e+00	0.00e+00	0.00e+00	0.00e+00
 1.89849e+17	2.45e-03	8.39e-01	1.58e-01	1.33e-05	0.00e+00	0.00e+00	0.00e+00	0.00e+00	0.00e+00	0.00e+00	0.00e+00	0.00e+00	0.00e+00	0.00e+00	0.00e+00	0.00e+00	0.00e+00
 1.89925e+17	2.49e-03	8.42e-01	1.55e-01	1.29e-05	0.00e+00	0.00e+00	0.00e+00	0.00e+00	0.00e+00	0.00e+00	0.00e+00	0.00e+00	0.00e+00	0.00e+00	0.00e+00	0.00e+00	0.00e+00
 1.89993e+17	2.53e-03	8.45e-01	1.52e-01	1.25e-05	0.00e+00	0.00e+00	0.00e+00	0.00e+00	0.00e+00	0.00e+00	0.00e+00	0.00e+00	0.00e+00	0.00e+00	0.00e+00	0.00e+00	0.00e+00
 1.90056e+17	2.62e-03	8.50e-01	1.48e-01	1.20e-05	0.00e+00	0.00e+00	0.00e+00	0.00e+00	0.00e+00	0.00e+00	0.00e+00	0.00e+00	0.00e+00	0.00e+00	0.00e+00	0.00e+00	0.00e+00
 1.90112e+17	3.82e-03	8.98e-01	9.82e-02	6.20e-06	0.00e+00	0.00e+00	0.00e+00	0.00e+00	0.00e+00	0.00e+00	0.00e+00	0.00e+00	0.00e+00	0.00e+00	0.00e+00	0.00e+00	0.00e+00
 1.90164e+17	3.99e-03	9.03e-01	9.29e-02	5.74e-06	0.00e+00	0.00e+00	0.00e+00	0.00e+00	0.00e+00	0.00e+00	0.00e+00	0.00e+00	0.00e+00	0.00e+00	0.00e+00	0.00e+00	0.00e+00
 1.90211e+17	4.11e-03	9.07e-01	8.90e-02	5.40e-06	0.00e+00	0.00e+00	0.00e+00	0.00e+00	0.00e+00	0.00e+00	0.00e+00	0.00e+00	0.00e+00	0.00e+00	0.00e+00	0.00e+00	0.00e+00
 1.90254e+17	4.18e-03	9.09e-01	8.69e-02	5.25e-06	0.00e+00	0.00e+00	0.00e+00	0.00e+00	0.00e+00	0.00e+00	0.00e+00	0.00e+00	0.00e+00	0.00e+00	0.00e+00	0.00e+00	0.00e+00
 1.90293e+17	4.28e-03	9.12e-01	8.41e-02	5.04e-06	0.00e+00	0.00e+00	0.00e+00	0.00e+00	0.00e+00	0.00e+00	0.00e+00	0.00e+00	0.00e+00	0.00e+00	0.00e+00	0.00e+00	0.00e+00
 1.90328e+17	4.36e-03	9.14e-01	8.20e-02	4.91e-06	0.00e+00	0.00e+00	0.00e+00	0.00e+00	0.00e+00	0.00e+00	0.00e+00	0.00e+00	0.00e+00	0.00e+00	0.00e+00	0.00e+00	0.00e+00
 1.90367e+17	4.39e-03	9.14e-01	8.12e-02	4.85e-06	0.00e+00	0.00e+00	0.00e+00	0.00e+00	0.00e+00	0.00e+00	0.00e+00	0.00e+00	0.00e+00	0.00e+00	0.00e+00	0.00e+00	0.00e+00
 1.90418e+17	4.52e-03	9.18e-01	7.78e-02	4.63e-06	0.00e+00	0.00e+00	0.00e+00	0.00e+00	0.00e+00	0.00e+00	0.00e+00	0.00e+00	0.00e+00	0.00e+00	0.00e+00	0.00e+00	0.00e+00
 1.90472e+17	4.65e-03	9.21e-01	7.40e-02	4.36e-06	0.00e+00	0.00e+00	0.00e+00	0.00e+00	0.00e+00	0.00e+00	0.00e+00	0.00e+00	0.00e+00	0.00e+00	0.00e+00	0.00e+00	0.00e+00
 1.90522e+17	4.73e-03	9.23e-01	7.20e-02	4.24e-06	0.00e+00	0.00e+00	0.00e+00	0.00e+00	0.00e+00	0.00e+00	0.00e+00	0.00e+00	0.00e+00	0.00e+00	0.00e+00	0.00e+00	0.00e+00
 1.90567e+17	4.81e-03	9.25e-01	6.99e-02	4.13e-06	0.00e+00	0.00e+00	0.00e+00	0.00e+00	0.00e+00	0.00e+00	0.00e+00	0.00e+00	0.00e+00	0.00e+00	0.00e+00	0.00e+00	0.00e+00
 1.90608e+17	4.88e-03	9.27e-01	6.81e-02	4.03e-06	0.00e+00	0.00e+00	0.00e+00	0.00e+00	0.00e+00	0.00e+00	0.00e+00	0.00e+00	0.00e+00	0.00e+00	0.00e+00	0.00e+00	0.00e+00
 1.90653e+17	4.95e-03	9.29e-01	6.62e-02	3.93e-06	0.00e+00	0.00e+00	0.00e+00	0.00e+00	0.00e+00	0.00e+00	0.00e+00	0.00e+00	0.00e+00	0.00e+00	0.00e+00	0.00e+00	0.00e+00
 1.90711e+17	5.08e-03	9.32e-01	6.33e-02	3.77e-06	0.00e+00	0.00e+00	0.00e+00	0.00e+00	0.00e+00	0.00e+00	0.00e+00	0.00e+00	0.00e+00	0.00e+00	0.00e+00	0.00e+00	0.00e+00
 1.90774e+17	5.22e-03	9.35e-01	6.00e-02	3.60e-06	0.00e+00	0.00e+00	0.00e+00	0.00e+00	0.00e+00	0.00e+00	0.00e+00	0.00e+00	0.00e+00	0.00e+00	0.00e+00	0.00e+00	0.00e+00
 1.90832e+17	5.34e-03	9.38e-01	5.71e-02	3.45e-06	0.00e+00	0.00e+00	0.00e+00	0.00e+00	0.00e+00	0.00e+00	0.00e+00	0.00e+00	0.00e+00	0.00e+00	0.00e+00	0.00e+00	0.00e+00
 1.90884e+17	5.38e-03	9.39e-01	5.57e-02	3.41e-06	0.00e+00	0.00e+00	0.00e+00	0.00e+00	0.00e+00	0.00e+00	0.00e+00	0.00e+00	0.00e+00	0.00e+00	0.00e+00	0.00e+00	0.00e+00
 1.90941e+17	5.51e-03	9.42e-01	5.29e-02	3.28e-06	0.00e+00	0.00e+00	0.00e+00	0.00e+00	0.00e+00	0.00e+00	0.00e+00	0.00e+00	0.00e+00	0.00e+00	0.00e+00	0.00e+00	0.00e+00
 1.91003e+17	5.64e-03	9.44e-01	4.99e-02	3.15e-06	0.00e+00	0.00e+00	0.00e+00	0.00e+00	0.00e+00	0.00e+00	0.00e+00	0.00e+00	0.00e+00	0.00e+00	0.00e+00	0.00e+00	0.00e+00
 1.91060e+17	5.69e-03	9.46e-01	4.84e-02	3.11e-06	0.00e+00	0.00e+00	0.00e+00	0.00e+00	0.00e+00	0.00e+00	0.00e+00	0.00e+00	0.00e+00	0.00e+00	0.00e+00	0.00e+00	0.00e+00
 1.91121e+17	5.83e-03	9.49e-01	4.54e-02	3.01e-06	0.00e+00	0.00e+00	0.00e+00	0.00e+00	0.00e+00	0.00e+00	0.00e+00	0.00e+00	0.00e+00	0.00e+00	0.00e+00	0.00e+00	0.00e+00
 1.91188e+17	5.93e-03	9.51e-01	4.28e-02	2.94e-06	0.00e+00	0.00e+00	0.00e+00	0.00e+00	0.00e+00	0.00e+00	0.00e+00	0.00e+00	0.00e+00	0.00e+00	0.00e+00	0.00e+00	0.00e+00
 1.91249e+17	6.03e-03	9.54e-01	4.04e-02	2.88e-06	0.00e+00	0.00e+00	0.00e+00	0.00e+00	0.00e+00	0.00e+00	0.00e+00	0.00e+00	0.00e+00	0.00e+00	0.00e+00	0.00e+00	0.00e+00
 1.91308e+17	6.13e-03	9.56e-01	3.80e-02	2.82e-06	0.00e+00	0.00e+00	0.00e+00	0.00e+00	0.00e+00	0.00e+00	0.00e+00	0.00e+00	0.00e+00	0.00e+00	0.00e+00	0.00e+00	0.00e+00
 1.91373e+17	6.24e-03	9.58e-01	3.55e-02	2.76e-06	0.00e+00	0.00e+00	0.00e+00	0.00e+00	0.00e+00	0.00e+00	0.00e+00	0.00e+00	0.00e+00	0.00e+00	0.00e+00	0.00e+00	0.00e+00
 1.91438e+17	6.36e-03	9.61e-01	3.28e-02	2.69e-06	0.00e+00	0.00e+00	0.00e+00	0.00e+00	0.00e+00	0.00e+00	0.00e+00	0.00e+00	0.00e+00	0.00e+00	0.00e+00	0.00e+00	0.00e+00
 1.91497e+17	6.47e-03	9.63e-01	3.03e-02	2.63e-06	0.00e+00	0.00e+00	0.00e+00	0.00e+00	0.00e+00	0.00e+00	0.00e+00	0.00e+00	0.00e+00	0.00e+00	0.00e+00	0.00e+00	0.00e+00
 1.91551e+17	6.53e-03	9.65e-01	2.85e-02	2.61e-06	0.00e+00	0.00e+00	0.00e+00	0.00e+00	0.00e+00	0.00e+00	0.00e+00	0.00e+00	0.00e+00	0.00e+00	0.00e+00	0.00e+00	0.00e+00
 1.91605e+17	6.64e-03	9.67e-01	2.63e-02	2.55e-06	0.00e+00	0.00e+00	0.00e+00	0.00e+00	0.00e+00	0.00e+00	0.00e+00	0.00e+00	0.00e+00	0.00e+00	0.00e+00	0.00e+00	0.00e+00
 1.91662e+17	6.74e-03	9.69e-01	2.39e-02	2.50e-06	0.00e+00	0.00e+00	0.00e+00	0.00e+00	0.00e+00	0.00e+00	0.00e+00	0.00e+00	0.00e+00	0.00e+00	0.00e+00	0.00e+00	0.00e+00
 1.91712e+17	6.80e-03	9.71e-01	2.21e-02	2.47e-06	0.00e+00	0.00e+00	0.00e+00	0.00e+00	0.00e+00	0.00e+00	0.00e+00	0.00e+00	0.00e+00	0.00e+00	0.00e+00	0.00e+00	0.00e+00
 1.91757e+17	6.87e-03	9.73e-01	2.06e-02	2.45e-06	0.00e+00	0.00e+00	0.00e+00	0.00e+00	0.00e+00	0.00e+00	0.00e+00	0.00e+00	0.00e+00	0.00e+00	0.00e+00	0.00e+00	0.00e+00
 1.91803e+17	6.96e-03	9.74e-01	1.87e-02	2.40e-06	0.00e+00	0.00e+00	0.00e+00	0.00e+00	0.00e+00	0.00e+00	0.00e+00	0.00e+00	0.00e+00	0.00e+00	0.00e+00	0.00e+00	0.00e+00
 1.91848e+17	7.02e-03	9.76e-01	1.71e-02	2.37e-06	0.00e+00	0.00e+00	0.00e+00	0.00e+00	0.00e+00	0.00e+00	0.00e+00	0.00e+00	0.00e+00	0.00e+00	0.00e+00	0.00e+00	0.00e+00
 1.91887e+17	7.08e-03	9.77e-01	1.56e-02	2.35e-06	0.00e+00	0.00e+00	0.00e+00	0.00e+00	0.00e+00	0.00e+00	0.00e+00	0.00e+00	0.00e+00	0.00e+00	0.00e+00	0.00e+00	0.00e+00
