#depth	N  1	N  2	N  3	N  4	N  5	N  6	N  7	N  8
 5.10412e+13	2.93e-05	2.94e-02	6.74e-01	2.79e-01	1.62e-02	3.95e-04	0.00e+00	0.00e+00
 3.06247e+14	2.94e-05	2.95e-02	6.74e-01	2.79e-01	1.62e-02	3.93e-04	6.40e-08	0.00e+00
 1.32707e+15	2.95e-05	2.95e-02	6.75e-01	2.79e-01	1.60e-02	3.88e-04	0.00e+00	0.00e+00
 5.41037e+15	3.02e-05	2.97e-02	6.81e-01	2.74e-01	1.53e-02	3.67e-04	0.00e+00	0.00e+00
 1.29236e+16	3.18e-05	3.02e-02	6.89e-01	2.66e-01	1.40e-02	3.28e-04	0.00e+00	0.00e+00
 2.26909e+16	3.34e-05	3.06e-02	7.01e-01	2.56e-01	1.27e-02	2.90e-04	0.00e+00	0.00e+00
 3.53883e+16	3.53e-05	3.11e-02	7.16e-01	2.41e-01	1.11e-02	2.50e-04	0.00e+00	0.00e+00
 5.18950e+16	3.77e-05	3.20e-02	7.36e-01	2.22e-01	9.31e-03	2.07e-04	0.00e+00	0.00e+00
 7.33536e+16	4.17e-05	3.38e-02	7.62e-01	1.97e-01	7.30e-03	1.61e-04	0.00e+00	0.00e+00
 9.45818e+16	4.57e-05	3.54e-02	7.86e-01	1.73e-01	5.67e-03	1.25e-04	0.00e+00	0.00e+00
 1.10583e+17	5.07e-05	3.76e-02	8.02e-01	1.55e-01	4.58e-03	1.01e-04	0.00e+00	0.00e+00
 1.24261e+17	5.68e-05	4.03e-02	8.15e-01	1.41e-01	3.78e-03	8.30e-05	0.00e+00	0.00e+00
 1.37347e+17	6.46e-05	4.34e-02	8.25e-01	1.28e-01	3.11e-03	6.80e-05	0.00e+00	0.00e+00
 1.49254e+17	7.29e-05	4.66e-02	8.32e-01	1.18e-01	2.62e-03	5.69e-05	0.00e+00	0.00e+00
 1.62129e+17	8.43e-05	5.06e-02	8.39e-01	1.08e-01	2.16e-03	4.68e-05	0.00e+00	0.00e+00
 1.75475e+17	9.71e-05	5.48e-02	8.43e-01	9.98e-02	1.82e-03	3.90e-05	0.00e+00	0.00e+00
 1.87111e+17	1.10e-04	5.88e-02	8.46e-01	9.32e-02	1.57e-03	3.34e-05	0.00e+00	0.00e+00
 1.99915e+17	1.27e-04	6.36e-02	8.48e-01	8.68e-02	1.33e-03	2.82e-05	0.00e+00	0.00e+00
 2.13895e+17	1.46e-04	6.88e-02	8.49e-01	8.10e-02	1.14e-03	2.40e-05	0.00e+00	0.00e+00
 2.27050e+17	1.65e-04	7.37e-02	8.49e-01	7.63e-02	9.98e-04	2.10e-05	0.00e+00	0.00e+00
 2.41799e+17	1.93e-04	8.03e-02	8.48e-01	7.12e-02	8.59e-04	1.78e-05	0.00e+00	0.00e+00
 2.57048e+17	2.22e-04	8.67e-02	8.45e-01	6.69e-02	7.55e-04	1.54e-05	0.00e+00	0.00e+00
 2.70202e+17	2.49e-04	9.24e-02	8.43e-01	6.37e-02	6.85e-04	1.38e-05	0.00e+00	0.00e+00
 2.84557e+17	2.83e-04	9.94e-02	8.39e-01	6.03e-02	6.18e-04	1.22e-05	0.00e+00	0.00e+00
 3.00176e+17	3.25e-04	1.07e-01	8.35e-01	5.69e-02	5.59e-04	1.07e-05	0.00e+00	0.00e+00
 3.14199e+17	3.67e-04	1.15e-01	8.30e-01	5.40e-02	5.14e-04	9.51e-06	0.00e+00	0.00e+00
 3.26925e+17	4.12e-04	1.23e-01	8.25e-01	5.13e-02	4.77e-04	8.53e-06	0.00e+00	0.00e+00
 3.41203e+17	4.73e-04	1.33e-01	8.18e-01	4.82e-02	4.39e-04	7.48e-06	0.00e+00	0.00e+00
 3.56108e+17	5.45e-04	1.44e-01	8.10e-01	4.51e-02	4.03e-04	6.52e-06	0.00e+00	0.00e+00
 3.68419e+17	6.16e-04	1.54e-01	8.02e-01	4.26e-02	3.76e-04	5.79e-06	0.00e+00	0.00e+00
 3.79160e+17	6.90e-04	1.65e-01	7.94e-01	4.02e-02	3.52e-04	5.16e-06	0.00e+00	0.00e+00
 3.91268e+17	7.90e-04	1.78e-01	7.83e-01	3.74e-02	3.26e-04	4.49e-06	0.00e+00	0.00e+00
 4.04143e+17	9.16e-04	1.94e-01	7.71e-01	3.45e-02	2.99e-04	3.84e-06	0.00e+00	0.00e+00
 4.15088e+17	1.04e-03	2.09e-01	7.58e-01	3.20e-02	2.77e-04	3.34e-06	0.00e+00	0.00e+00
 4.24670e+17	1.18e-03	2.23e-01	7.45e-01	2.97e-02	2.57e-04	2.91e-06	0.00e+00	0.00e+00
 4.35406e+17	1.36e-03	2.42e-01	7.29e-01	2.70e-02	2.35e-04	2.47e-06	0.00e+00	0.00e+00
 4.46934e+17	1.60e-03	2.65e-01	7.09e-01	2.43e-02	2.12e-04	2.04e-06	0.00e+00	0.00e+00
 4.56908e+17	1.85e-03	2.87e-01	6.89e-01	2.18e-02	1.92e-04	1.70e-06	0.00e+00	0.00e+00
 4.65666e+17	2.12e-03	3.09e-01	6.69e-01	1.97e-02	1.75e-04	1.43e-06	0.00e+00	0.00e+00
 4.75422e+17	2.48e-03	3.36e-01	6.44e-01	1.74e-02	1.56e-04	1.15e-06	0.00e+00	0.00e+00
 4.86134e+17	2.98e-03	3.69e-01	6.13e-01	1.48e-02	1.35e-04	8.95e-07	0.00e+00	0.00e+00
 4.95713e+17	3.53e-03	4.03e-01	5.81e-01	1.27e-02	1.17e-04	0.00e+00	0.00e+00	0.00e+00
 5.03819e+17	4.11e-03	4.34e-01	5.51e-01	1.09e-02	1.03e-04	0.00e+00	0.00e+00	0.00e+00
 5.12382e+17	4.86e-03	4.71e-01	5.15e-01	9.13e-03	8.73e-05	0.00e+00	0.00e+00	0.00e+00
 5.21705e+17	5.88e-03	5.15e-01	4.72e-01	7.33e-03	7.17e-05	0.00e+00	0.00e+00	0.00e+00
 5.29785e+17	6.97e-03	5.55e-01	4.32e-01	5.92e-03	5.92e-05	0.00e+00	0.00e+00	0.00e+00
 5.36600e+17	8.12e-03	5.92e-01	3.95e-01	4.81e-03	4.91e-05	0.00e+00	0.00e+00	0.00e+00
 5.44004e+17	9.62e-03	6.34e-01	3.53e-01	3.75e-03	3.93e-05	0.00e+00	0.00e+00	0.00e+00
 5.52023e+17	1.16e-02	6.80e-01	3.05e-01	2.75e-03	2.97e-05	0.00e+00	0.00e+00	0.00e+00
 5.58878e+17	1.39e-02	7.21e-01	2.63e-01	2.03e-03	2.25e-05	0.00e+00	0.00e+00	0.00e+00
 5.64161e+17	1.60e-02	7.53e-01	2.29e-01	1.55e-03	1.76e-05	0.00e+00	0.00e+00	0.00e+00
 5.68447e+17	1.79e-02	7.78e-01	2.03e-01	1.22e-03	1.42e-05	0.00e+00	0.00e+00	0.00e+00
 5.73103e+17	2.04e-02	8.03e-01	1.76e-01	9.31e-04	1.10e-05	0.00e+00	0.00e+00	0.00e+00
 5.78070e+17	2.35e-02	8.28e-01	1.47e-01	6.76e-04	8.20e-06	0.00e+00	0.00e+00	0.00e+00
 5.82189e+17	2.67e-02	8.48e-01	1.25e-01	5.03e-04	6.21e-06	0.00e+00	0.00e+00	0.00e+00
 5.85488e+17	2.97e-02	8.62e-01	1.08e-01	3.90e-04	4.88e-06	0.00e+00	0.00e+00	0.00e+00
 5.88969e+17	3.32e-02	8.75e-01	9.15e-02	2.95e-04	3.74e-06	0.00e+00	0.00e+00	0.00e+00
 5.92692e+17	3.78e-02	8.87e-01	7.52e-02	2.13e-04	2.73e-06	0.00e+00	0.00e+00	0.00e+00
 5.95802e+17	4.23e-02	8.95e-01	6.27e-02	1.60e-04	2.05e-06	0.00e+00	0.00e+00	0.00e+00
 5.98333e+17	4.66e-02	9.00e-01	5.37e-02	1.26e-04	1.61e-06	0.00e+00	0.00e+00	0.00e+00
 6.01042e+17	5.19e-02	9.03e-01	4.48e-02	9.64e-05	1.22e-06	0.00e+00	0.00e+00	0.00e+00
 6.03978e+17	5.86e-02	9.05e-01	3.63e-02	7.15e-05	8.82e-07	0.00e+00	0.00e+00	0.00e+00
 6.06510e+17	6.57e-02	9.05e-01	2.97e-02	5.48e-05	0.00e+00	0.00e+00	0.00e+00	0.00e+00
 6.08642e+17	7.25e-02	9.03e-01	2.49e-02	4.38e-05	0.00e+00	0.00e+00	0.00e+00	0.00e+00
 6.10952e+17	8.10e-02	8.99e-01	2.04e-02	3.45e-05	0.00e+00	0.00e+00	0.00e+00	0.00e+00
 6.13482e+17	9.22e-02	8.92e-01	1.60e-02	2.65e-05	0.00e+00	0.00e+00	0.00e+00	0.00e+00
 6.15702e+17	1.04e-01	8.83e-01	1.27e-02	2.10e-05	0.00e+00	0.00e+00	0.00e+00	0.00e+00
 6.17593e+17	1.16e-01	8.74e-01	1.03e-02	1.74e-05	0.00e+00	0.00e+00	0.00e+00	0.00e+00
 6.19414e+17	1.29e-01	8.62e-01	8.34e-03	1.46e-05	0.00e+00	0.00e+00	0.00e+00	0.00e+00
 6.21229e+17	1.45e-01	8.49e-01	6.66e-03	1.23e-05	0.00e+00	0.00e+00	0.00e+00	0.00e+00
 6.22878e+17	1.61e-01	8.34e-01	5.35e-03	1.06e-05	0.00e+00	0.00e+00	0.00e+00	0.00e+00
 6.24268e+17	1.76e-01	8.19e-01	4.41e-03	9.35e-06	0.00e+00	0.00e+00	0.00e+00	0.00e+00
 6.25482e+17	1.91e-01	8.05e-01	3.70e-03	8.43e-06	0.00e+00	0.00e+00	0.00e+00	0.00e+00
 6.26639e+17	2.07e-01	7.90e-01	3.10e-03	7.64e-06	0.00e+00	0.00e+00	0.00e+00	0.00e+00
 6.27570e+17	2.21e-01	7.76e-01	2.67e-03	7.05e-06	0.00e+00	0.00e+00	0.00e+00	0.00e+00
 6.28176e+17	2.31e-01	7.67e-01	2.43e-03	6.71e-06	0.00e+00	0.00e+00	0.00e+00	0.00e+00
 6.28721e+17	2.39e-01	7.59e-01	2.23e-03	6.45e-06	0.00e+00	0.00e+00	0.00e+00	0.00e+00
 6.29395e+17	2.51e-01	7.47e-01	1.99e-03	6.09e-06	0.00e+00	0.00e+00	0.00e+00	0.00e+00
 6.30149e+17	2.65e-01	7.34e-01	1.75e-03	5.72e-06	0.00e+00	0.00e+00	0.00e+00	0.00e+00
 6.30828e+17	2.78e-01	7.20e-01	1.55e-03	5.39e-06	0.00e+00	0.00e+00	0.00e+00	0.00e+00
 6.31408e+17	2.90e-01	7.09e-01	1.39e-03	5.13e-06	0.00e+00	0.00e+00	0.00e+00	0.00e+00
 6.31969e+17	3.01e-01	6.97e-01	1.26e-03	4.92e-06	0.00e+00	0.00e+00	0.00e+00	0.00e+00
 6.32592e+17	3.15e-01	6.84e-01	1.12e-03	4.65e-06	0.00e+00	0.00e+00	0.00e+00	0.00e+00
 6.33240e+17	3.31e-01	6.69e-01	9.84e-04	4.39e-06	0.00e+00	0.00e+00	0.00e+00	0.00e+00
 6.33823e+17	3.45e-01	6.54e-01	8.74e-04	4.16e-06	0.00e+00	0.00e+00	0.00e+00	0.00e+00
 6.34351e+17	3.58e-01	6.41e-01	7.89e-04	3.99e-06	0.00e+00	0.00e+00	0.00e+00	0.00e+00
 6.34904e+17	3.72e-01	6.27e-01	7.02e-04	3.78e-06	0.00e+00	0.00e+00	0.00e+00	0.00e+00
 6.35491e+17	3.88e-01	6.11e-01	6.19e-04	3.58e-06	0.00e+00	0.00e+00	0.00e+00	0.00e+00
 6.36048e+17	4.04e-01	5.96e-01	5.49e-04	3.40e-06	0.00e+00	0.00e+00	0.00e+00	0.00e+00
 6.36566e+17	4.18e-01	5.81e-01	4.90e-04	3.23e-06	0.00e+00	0.00e+00	0.00e+00	0.00e+00
 6.37081e+17	4.33e-01	5.66e-01	4.38e-04	3.09e-06	0.00e+00	0.00e+00	0.00e+00	0.00e+00
 6.37632e+17	4.50e-01	5.50e-01	3.86e-04	2.92e-06	0.00e+00	0.00e+00	0.00e+00	0.00e+00
 6.38183e+17	4.67e-01	5.32e-01	3.40e-04	2.76e-06	0.00e+00	0.00e+00	0.00e+00	0.00e+00
 6.38679e+17	4.83e-01	5.17e-01	3.02e-04	2.62e-06	0.00e+00	0.00e+00	0.00e+00	0.00e+00
 6.39157e+17	4.98e-01	5.02e-01	2.71e-04	2.51e-06	0.00e+00	0.00e+00	0.00e+00	0.00e+00
 6.39673e+17	5.14e-01	4.86e-01	2.38e-04	2.36e-06	0.00e+00	0.00e+00	0.00e+00	0.00e+00
 6.40205e+17	5.32e-01	4.68e-01	2.09e-04	2.23e-06	0.00e+00	0.00e+00	0.00e+00	0.00e+00
 6.40695e+17	5.48e-01	4.52e-01	1.86e-04	2.11e-06	0.00e+00	0.00e+00	0.00e+00	0.00e+00
 6.41160e+17	5.63e-01	4.37e-01	1.66e-04	2.01e-06	0.00e+00	0.00e+00	0.00e+00	0.00e+00
 6.41636e+17	5.79e-01	4.21e-01	1.47e-04	1.90e-06	0.00e+00	0.00e+00	0.00e+00	0.00e+00
 6.42120e+17	5.95e-01	4.05e-01	1.30e-04	1.80e-06	0.00e+00	0.00e+00	0.00e+00	0.00e+00
 6.42596e+17	6.11e-01	3.89e-01	1.16e-04	1.70e-06	0.00e+00	0.00e+00	0.00e+00	0.00e+00
 6.43064e+17	6.27e-01	3.73e-01	1.03e-04	1.60e-06	0.00e+00	0.00e+00	0.00e+00	0.00e+00
 6.43529e+17	6.42e-01	3.58e-01	9.16e-05	1.52e-06	0.00e+00	0.00e+00	0.00e+00	0.00e+00
 6.43992e+17	6.57e-01	3.43e-01	8.16e-05	1.43e-06	0.00e+00	0.00e+00	0.00e+00	0.00e+00
 6.44445e+17	6.72e-01	3.28e-01	7.30e-05	1.35e-06	0.00e+00	0.00e+00	0.00e+00	0.00e+00
 6.44881e+17	6.86e-01	3.14e-01	6.56e-05	1.28e-06	0.00e+00	0.00e+00	0.00e+00	0.00e+00
 6.45322e+17	7.00e-01	3.00e-01	5.90e-05	1.21e-06	0.00e+00	0.00e+00	0.00e+00	0.00e+00
 6.45786e+17	7.14e-01	2.85e-01	5.28e-05	1.13e-06	0.00e+00	0.00e+00	0.00e+00	0.00e+00
 6.46238e+17	7.28e-01	2.72e-01	4.76e-05	1.07e-06	0.00e+00	0.00e+00	0.00e+00	0.00e+00
 6.46657e+17	7.41e-01	2.59e-01	4.31e-05	1.00e-06	0.00e+00	0.00e+00	0.00e+00	0.00e+00
 6.47082e+17	7.53e-01	2.47e-01	3.94e-05	9.51e-07	0.00e+00	0.00e+00	0.00e+00	0.00e+00
 6.47532e+17	7.66e-01	2.34e-01	3.56e-05	0.00e+00	0.00e+00	0.00e+00	0.00e+00	0.00e+00
 6.47990e+17	7.78e-01	2.22e-01	3.24e-05	0.00e+00	0.00e+00	0.00e+00	0.00e+00	0.00e+00
 6.48417e+17	7.90e-01	2.10e-01	2.97e-05	0.00e+00	0.00e+00	0.00e+00	0.00e+00	0.00e+00
 6.48819e+17	8.00e-01	2.00e-01	2.75e-05	0.00e+00	0.00e+00	0.00e+00	0.00e+00	0.00e+00
 6.49259e+17	8.12e-01	1.88e-01	2.52e-05	0.00e+00	0.00e+00	0.00e+00	0.00e+00	0.00e+00
 6.49715e+17	8.22e-01	1.78e-01	2.33e-05	0.00e+00	0.00e+00	0.00e+00	0.00e+00	0.00e+00
 6.50179e+17	8.33e-01	1.67e-01	2.15e-05	0.00e+00	0.00e+00	0.00e+00	0.00e+00	0.00e+00
 6.50616e+17	8.42e-01	1.57e-01	2.00e-05	0.00e+00	0.00e+00	0.00e+00	0.00e+00	0.00e+00
 6.51018e+17	8.51e-01	1.49e-01	1.88e-05	0.00e+00	0.00e+00	0.00e+00	0.00e+00	0.00e+00
 6.51474e+17	8.60e-01	1.40e-01	1.75e-05	0.00e+00	0.00e+00	0.00e+00	0.00e+00	0.00e+00
 6.52007e+17	8.71e-01	1.29e-01	1.63e-05	0.00e+00	0.00e+00	0.00e+00	0.00e+00	0.00e+00
 6.52481e+17	8.80e-01	1.20e-01	1.53e-05	0.00e+00	0.00e+00	0.00e+00	0.00e+00	0.00e+00
 6.52816e+17	8.84e-01	1.16e-01	1.48e-05	0.00e+00	0.00e+00	0.00e+00	0.00e+00	0.00e+00
 6.53141e+17	8.89e-01	1.11e-01	1.42e-05	0.00e+00	0.00e+00	0.00e+00	0.00e+00	0.00e+00
 6.53491e+17	8.95e-01	1.05e-01	1.36e-05	0.00e+00	0.00e+00	0.00e+00	0.00e+00	0.00e+00
 6.53822e+17	9.00e-01	1.00e-01	1.31e-05	0.00e+00	0.00e+00	0.00e+00	0.00e+00	0.00e+00
 6.54142e+17	9.03e-01	9.66e-02	1.28e-05	0.00e+00	0.00e+00	0.00e+00	0.00e+00	0.00e+00
 6.54496e+17	9.08e-01	9.16e-02	1.23e-05	0.00e+00	0.00e+00	0.00e+00	0.00e+00	0.00e+00
 6.54856e+17	9.13e-01	8.72e-02	1.19e-05	0.00e+00	0.00e+00	0.00e+00	0.00e+00	0.00e+00
 6.55165e+17	9.16e-01	8.39e-02	1.16e-05	0.00e+00	0.00e+00	0.00e+00	0.00e+00	0.00e+00
 6.55470e+17	9.19e-01	8.06e-02	1.13e-05	0.00e+00	0.00e+00	0.00e+00	0.00e+00	0.00e+00
 6.55790e+17	9.22e-01	7.78e-02	1.10e-05	0.00e+00	0.00e+00	0.00e+00	0.00e+00	0.00e+00
 6.56166e+17	9.26e-01	7.37e-02	1.06e-05	0.00e+00	0.00e+00	0.00e+00	0.00e+00	0.00e+00
 6.56540e+17	9.30e-01	7.02e-02	1.04e-05	0.00e+00	0.00e+00	0.00e+00	0.00e+00	0.00e+00
 6.56842e+17	9.32e-01	6.84e-02	1.02e-05	0.00e+00	0.00e+00	0.00e+00	0.00e+00	0.00e+00
 6.57170e+17	9.34e-01	6.55e-02	9.93e-06	0.00e+00	0.00e+00	0.00e+00	0.00e+00	0.00e+00
 6.57526e+17	9.37e-01	6.33e-02	9.75e-06	0.00e+00	0.00e+00	0.00e+00	0.00e+00	0.00e+00
 6.57896e+17	9.40e-01	6.03e-02	9.47e-06	0.00e+00	0.00e+00	0.00e+00	0.00e+00	0.00e+00
 6.58259e+17	9.42e-01	5.82e-02	9.31e-06	0.00e+00	0.00e+00	0.00e+00	0.00e+00	0.00e+00
 6.58610e+17	9.44e-01	5.59e-02	9.09e-06	0.00e+00	0.00e+00	0.00e+00	0.00e+00	0.00e+00
 6.58965e+17	9.46e-01	5.42e-02	8.95e-06	0.00e+00	0.00e+00	0.00e+00	0.00e+00	0.00e+00
 6.59336e+17	9.48e-01	5.20e-02	8.74e-06	0.00e+00	0.00e+00	0.00e+00	0.00e+00	0.00e+00
 6.59716e+17	9.50e-01	5.03e-02	8.61e-06	0.00e+00	0.00e+00	0.00e+00	0.00e+00	0.00e+00
 6.60099e+17	9.52e-01	4.83e-02	8.41e-06	0.00e+00	0.00e+00	0.00e+00	0.00e+00	0.00e+00
 6.60480e+17	9.53e-01	4.68e-02	8.29e-06	0.00e+00	0.00e+00	0.00e+00	0.00e+00	0.00e+00
 6.60865e+17	9.54e-01	4.64e-02	8.23e-06	0.00e+00	0.00e+00	0.00e+00	0.00e+00	0.00e+00
 6.61345e+17	9.55e-01	4.52e-02	8.14e-06	0.00e+00	0.00e+00	0.00e+00	0.00e+00	0.00e+00
 6.61970e+17	9.57e-01	4.27e-02	7.92e-06	0.00e+00	0.00e+00	0.00e+00	0.00e+00	0.00e+00
 6.62566e+17	9.59e-01	4.07e-02	7.73e-06	0.00e+00	0.00e+00	0.00e+00	0.00e+00	0.00e+00
 6.62993e+17	9.60e-01	4.01e-02	7.66e-06	0.00e+00	0.00e+00	0.00e+00	0.00e+00	0.00e+00
 6.63416e+17	9.61e-01	3.92e-02	7.57e-06	0.00e+00	0.00e+00	0.00e+00	0.00e+00	0.00e+00
 6.63967e+17	9.63e-01	3.73e-02	7.39e-06	0.00e+00	0.00e+00	0.00e+00	0.00e+00	0.00e+00
 6.64517e+17	9.64e-01	3.55e-02	7.23e-06	0.00e+00	0.00e+00	0.00e+00	0.00e+00	0.00e+00
 6.64931e+17	9.65e-01	3.49e-02	7.17e-06	0.00e+00	0.00e+00	0.00e+00	0.00e+00	0.00e+00
 6.65333e+17	9.66e-01	3.43e-02	7.10e-06	0.00e+00	0.00e+00	0.00e+00	0.00e+00	0.00e+00
 6.65856e+17	9.67e-01	3.26e-02	6.93e-06	0.00e+00	0.00e+00	0.00e+00	0.00e+00	0.00e+00
 6.66351e+17	9.69e-01	3.10e-02	6.77e-06	0.00e+00	0.00e+00	0.00e+00	0.00e+00	0.00e+00
 6.66687e+17	9.69e-01	3.06e-02	6.71e-06	0.00e+00	0.00e+00	0.00e+00	0.00e+00	0.00e+00
 6.67005e+17	9.70e-01	3.02e-02	6.66e-06	0.00e+00	0.00e+00	0.00e+00	0.00e+00	0.00e+00
 6.67418e+17	9.71e-01	2.89e-02	6.53e-06	0.00e+00	0.00e+00	0.00e+00	0.00e+00	0.00e+00
 6.67833e+17	9.73e-01	2.75e-02	6.38e-06	0.00e+00	0.00e+00	0.00e+00	0.00e+00	0.00e+00
 6.68141e+17	9.73e-01	2.71e-02	6.33e-06	0.00e+00	0.00e+00	0.00e+00	0.00e+00	0.00e+00
 6.68432e+17	9.73e-01	2.67e-02	6.27e-06	0.00e+00	0.00e+00	0.00e+00	0.00e+00	0.00e+00
 6.68810e+17	9.75e-01	2.54e-02	6.13e-06	0.00e+00	0.00e+00	0.00e+00	0.00e+00	0.00e+00
 6.69174e+17	9.76e-01	2.40e-02	5.98e-06	0.00e+00	0.00e+00	0.00e+00	0.00e+00	0.00e+00
 6.69420e+17	9.76e-01	2.37e-02	5.93e-06	0.00e+00	0.00e+00	0.00e+00	0.00e+00	0.00e+00
 6.69641e+17	9.77e-01	2.34e-02	5.88e-06	0.00e+00	0.00e+00	0.00e+00	0.00e+00	0.00e+00
 6.69929e+17	9.77e-01	2.27e-02	5.81e-06	0.00e+00	0.00e+00	0.00e+00	0.00e+00	0.00e+00
 6.70294e+17	9.79e-01	2.09e-02	5.58e-06	0.00e+00	0.00e+00	0.00e+00	0.00e+00	0.00e+00
 6.70589e+17	9.81e-01	1.92e-02	5.37e-06	0.00e+00	0.00e+00	0.00e+00	0.00e+00	0.00e+00
 6.70733e+17	9.81e-01	1.92e-02	5.34e-06	0.00e+00	0.00e+00	0.00e+00	0.00e+00	0.00e+00
 6.70846e+17	9.81e-01	1.92e-02	5.33e-06	0.00e+00	0.00e+00	0.00e+00	0.00e+00	0.00e+00
 6.70994e+17	9.81e-01	1.91e-02	5.30e-06	0.00e+00	0.00e+00	0.00e+00	0.00e+00	0.00e+00
 6.71186e+17	9.81e-01	1.87e-02	5.26e-06	0.00e+00	0.00e+00	0.00e+00	0.00e+00	0.00e+00
 6.71435e+17	9.83e-01	1.73e-02	5.08e-06	0.00e+00	0.00e+00	0.00e+00	0.00e+00	0.00e+00
 6.71666e+17	9.85e-01	1.48e-02	4.69e-06	0.00e+00	0.00e+00	0.00e+00	0.00e+00	0.00e+00
 6.71792e+17	9.87e-01	1.29e-02	4.34e-06	0.00e+00	0.00e+00	0.00e+00	0.00e+00	0.00e+00
 6.71858e+17	9.87e-01	1.29e-02	4.31e-06	0.00e+00	0.00e+00	0.00e+00	0.00e+00	0.00e+00
 6.71932e+17	9.87e-01	1.28e-02	4.29e-06	0.00e+00	0.00e+00	0.00e+00	0.00e+00	0.00e+00
 6.72026e+17	9.87e-01	1.26e-02	4.26e-06	0.00e+00	0.00e+00	0.00e+00	0.00e+00	0.00e+00
 6.72150e+17	9.94e-01	6.05e-03	2.47e-06	0.00e+00	0.00e+00	0.00e+00	0.00e+00	0.00e+00
 6.72283e+17	9.95e-01	5.38e-03	2.20e-06	0.00e+00	0.00e+00	0.00e+00	0.00e+00	0.00e+00
 6.72404e+17	9.95e-01	5.02e-03	2.07e-06	0.00e+00	0.00e+00	0.00e+00	0.00e+00	0.00e+00
 6.72515e+17	9.95e-01	4.86e-03	2.01e-06	0.00e+00	0.00e+00	0.00e+00	0.00e+00	0.00e+00
 6.72615e+17	9.95e-01	4.76e-03	1.97e-06	0.00e+00	0.00e+00	0.00e+00	0.00e+00	0.00e+00
 6.72707e+17	9.95e-01	4.68e-03	1.94e-06	0.00e+00	0.00e+00	0.00e+00	0.00e+00	0.00e+00
 6.72807e+17	9.95e-01	4.63e-03	1.92e-06	0.00e+00	0.00e+00	0.00e+00	0.00e+00	0.00e+00
 6.72937e+17	9.96e-01	4.41e-03	1.84e-06	0.00e+00	0.00e+00	0.00e+00	0.00e+00	0.00e+00
 6.73077e+17	9.96e-01	4.18e-03	1.76e-06	0.00e+00	0.00e+00	0.00e+00	0.00e+00	0.00e+00
 6.73205e+17	9.96e-01	4.09e-03	1.73e-06	0.00e+00	0.00e+00	0.00e+00	0.00e+00	0.00e+00
 6.73322e+17	9.96e-01	4.01e-03	1.69e-06	0.00e+00	0.00e+00	0.00e+00	0.00e+00	0.00e+00
 6.73428e+17	9.96e-01	3.94e-03	1.67e-06	0.00e+00	0.00e+00	0.00e+00	0.00e+00	0.00e+00
 6.73544e+17	9.96e-01	3.87e-03	1.64e-06	0.00e+00	0.00e+00	0.00e+00	0.00e+00	0.00e+00
 6.73694e+17	9.96e-01	3.72e-03	1.59e-06	0.00e+00	0.00e+00	0.00e+00	0.00e+00	0.00e+00
 6.73857e+17	9.96e-01	3.55e-03	1.53e-06	0.00e+00	0.00e+00	0.00e+00	0.00e+00	0.00e+00
 6.74005e+17	9.97e-01	3.44e-03	1.49e-06	0.00e+00	0.00e+00	0.00e+00	0.00e+00	0.00e+00
 6.74140e+17	9.97e-01	3.40e-03	1.47e-06	0.00e+00	0.00e+00	0.00e+00	0.00e+00	0.00e+00
 6.74288e+17	9.97e-01	3.32e-03	1.44e-06	0.00e+00	0.00e+00	0.00e+00	0.00e+00	0.00e+00
 6.74448e+17	9.97e-01	3.19e-03	1.40e-06	0.00e+00	0.00e+00	0.00e+00	0.00e+00	0.00e+00
 6.74593e+17	9.97e-01	3.09e-03	1.36e-06	0.00e+00	0.00e+00	0.00e+00	0.00e+00	0.00e+00
 6.74725e+17	9.97e-01	3.04e-03	1.34e-06	0.00e+00	0.00e+00	0.00e+00	0.00e+00	0.00e+00
 6.74870e+17	9.97e-01	2.97e-03	1.31e-06	0.00e+00	0.00e+00	0.00e+00	0.00e+00	0.00e+00
 6.75026e+17	9.97e-01	2.86e-03	1.27e-06	0.00e+00	0.00e+00	0.00e+00	0.00e+00	0.00e+00
 6.75168e+17	9.97e-01	2.80e-03	1.25e-06	0.00e+00	0.00e+00	0.00e+00	0.00e+00	0.00e+00
 6.75298e+17	9.97e-01	2.74e-03	1.23e-06	0.00e+00	0.00e+00	0.00e+00	0.00e+00	0.00e+00
 6.75440e+17	9.97e-01	2.68e-03	1.21e-06	0.00e+00	0.00e+00	0.00e+00	0.00e+00	0.00e+00
 6.75593e+17	9.97e-01	2.57e-03	1.17e-06	0.00e+00	0.00e+00	0.00e+00	0.00e+00	0.00e+00
 6.75732e+17	9.97e-01	2.52e-03	1.15e-06	0.00e+00	0.00e+00	0.00e+00	0.00e+00	0.00e+00
 6.75859e+17	9.98e-01	2.46e-03	1.13e-06	0.00e+00	0.00e+00	0.00e+00	0.00e+00	0.00e+00
 6.75979e+17	9.98e-01	2.41e-03	1.11e-06	0.00e+00	0.00e+00	0.00e+00	0.00e+00	0.00e+00
###########################
 5.10412e+13	2.90e-05	2.93e-02	6.73e-01	2.81e-01	1.63e-02	3.99e-04	0.00e+00	0.00e+00
 3.06247e+14	2.91e-05	2.93e-02	6.74e-01	2.81e-01	1.63e-02	3.97e-04	6.49e-08	0.00e+00
 1.32707e+15	2.91e-05	2.92e-02	6.75e-01	2.80e-01	1.61e-02	3.92e-04	0.00e+00	0.00e+00
 5.41037e+15	2.93e-05	2.91e-02	6.80e-01	2.75e-01	1.55e-02	3.73e-04	0.00e+00	0.00e+00
 1.29236e+16	2.99e-05	2.89e-02	6.88e-01	2.68e-01	1.43e-02	3.37e-04	0.00e+00	0.00e+00
 2.26909e+16	3.06e-05	2.88e-02	7.00e-01	2.58e-01	1.29e-02	3.01e-04	0.00e+00	0.00e+00
 3.53883e+16	3.17e-05	2.90e-02	7.15e-01	2.45e-01	1.14e-02	2.62e-04	0.00e+00	0.00e+00
 5.18950e+16	3.37e-05	2.98e-02	7.35e-01	2.26e-01	9.62e-03	2.18e-04	0.00e+00	0.00e+00
 7.33536e+16	3.77e-05	3.17e-02	7.61e-01	2.00e-01	7.56e-03	1.70e-04	0.00e+00	0.00e+00
 9.46229e+16	4.31e-05	3.44e-02	7.85e-01	1.75e-01	5.80e-03	1.30e-04	0.00e+00	0.00e+00
 1.10331e+17	4.91e-05	3.73e-02	8.01e-01	1.57e-01	4.69e-03	1.04e-04	0.00e+00	0.00e+00
 1.22128e+17	5.53e-05	4.02e-02	8.12e-01	1.44e-01	3.97e-03	8.78e-05	0.00e+00	0.00e+00
 1.32175e+17	6.21e-05	4.32e-02	8.20e-01	1.34e-01	3.42e-03	7.52e-05	0.00e+00	0.00e+00
 1.41778e+17	7.00e-05	4.64e-02	8.26e-01	1.25e-01	2.95e-03	6.45e-05	0.00e+00	0.00e+00
 1.51327e+17	7.91e-05	5.00e-02	8.31e-01	1.16e-01	2.55e-03	5.54e-05	0.00e+00	0.00e+00
 1.60833e+17	8.96e-05	5.38e-02	8.35e-01	1.09e-01	2.21e-03	4.76e-05	0.00e+00	0.00e+00
 1.71737e+17	1.04e-04	5.87e-02	8.39e-01	1.01e-01	1.90e-03	4.02e-05	0.00e+00	0.00e+00
 1.83158e+17	1.20e-04	6.38e-02	8.41e-01	9.35e-02	1.62e-03	3.41e-05	0.00e+00	0.00e+00
 1.93277e+17	1.36e-04	6.85e-02	8.42e-01	8.79e-02	1.41e-03	2.96e-05	0.00e+00	0.00e+00
 2.04456e+17	1.57e-04	7.42e-02	8.42e-01	8.23e-02	1.23e-03	2.54e-05	0.00e+00	0.00e+00
 2.16787e+17	1.80e-04	8.01e-02	8.41e-01	7.72e-02	1.06e-03	2.19e-05	0.00e+00	0.00e+00
 2.28617e+17	2.05e-04	8.62e-02	8.40e-01	7.28e-02	9.39e-04	1.92e-05	0.00e+00	0.00e+00
 2.41997e+17	2.37e-04	9.34e-02	8.37e-01	6.83e-02	8.22e-04	1.65e-05	0.00e+00	0.00e+00
 2.56267e+17	2.80e-04	1.02e-01	8.33e-01	6.34e-02	7.13e-04	1.40e-05	0.00e+00	0.00e+00
 2.68103e+17	3.15e-04	1.09e-01	8.29e-01	6.03e-02	6.49e-04	1.25e-05	0.00e+00	0.00e+00
 2.79895e+17	3.57e-04	1.17e-01	8.25e-01	5.73e-02	5.91e-04	1.11e-05	0.00e+00	0.00e+00
 2.95224e+17	4.18e-04	1.28e-01	8.18e-01	5.35e-02	5.28e-04	9.56e-06	0.00e+00	0.00e+00
 3.10489e+17	4.87e-04	1.39e-01	8.10e-01	5.00e-02	4.76e-04	8.25e-06	0.00e+00	0.00e+00
 3.22142e+17	5.48e-04	1.49e-01	8.03e-01	4.74e-02	4.42e-04	7.37e-06	0.00e+00	0.00e+00
 3.33762e+17	6.23e-04	1.60e-01	7.95e-01	4.47e-02	4.09e-04	6.52e-06	0.00e+00	0.00e+00
 3.46530e+17	7.19e-04	1.73e-01	7.84e-01	4.16e-02	3.75e-04	5.65e-06	0.00e+00	0.00e+00
 3.57825e+17	8.17e-04	1.86e-01	7.74e-01	3.90e-02	3.47e-04	4.95e-06	0.00e+00	0.00e+00
 3.67672e+17	9.19e-04	1.99e-01	7.63e-01	3.66e-02	3.23e-04	4.38e-06	0.00e+00	0.00e+00
 3.78605e+17	1.06e-03	2.15e-01	7.50e-01	3.38e-02	2.97e-04	3.77e-06	0.00e+00	0.00e+00
 3.90191e+17	1.23e-03	2.34e-01	7.34e-01	3.09e-02	2.70e-04	3.19e-06	0.00e+00	0.00e+00
 4.00056e+17	1.41e-03	2.52e-01	7.18e-01	2.84e-02	2.48e-04	2.73e-06	0.00e+00	0.00e+00
 4.08758e+17	1.59e-03	2.70e-01	7.02e-01	2.61e-02	2.29e-04	2.35e-06	0.00e+00	0.00e+00
 4.18519e+17	1.86e-03	2.93e-01	6.81e-01	2.34e-02	2.06e-04	1.95e-06	0.00e+00	0.00e+00
 4.28963e+17	2.19e-03	3.20e-01	6.56e-01	2.07e-02	1.83e-04	1.58e-06	0.00e+00	0.00e+00
 4.38047e+17	2.54e-03	3.47e-01	6.32e-01	1.83e-02	1.63e-04	1.29e-06	0.00e+00	0.00e+00
 4.46227e+17	2.94e-03	3.74e-01	6.07e-01	1.62e-02	1.46e-04	1.05e-06	0.00e+00	0.00e+00
 4.55478e+17	3.49e-03	4.08e-01	5.74e-01	1.38e-02	1.26e-04	8.11e-07	0.00e+00	0.00e+00
 4.64893e+17	4.18e-03	4.46e-01	5.38e-01	1.15e-02	1.07e-04	0.00e+00	0.00e+00	0.00e+00
 4.72518e+17	4.87e-03	4.80e-01	5.05e-01	9.81e-03	9.19e-05	0.00e+00	0.00e+00	0.00e+00
 4.80429e+17	5.79e-03	5.19e-01	4.67e-01	8.04e-03	7.67e-05	0.00e+00	0.00e+00	0.00e+00
 4.88967e+17	6.99e-03	5.64e-01	4.22e-01	6.34e-03	6.17e-05	0.00e+00	0.00e+00	0.00e+00
 4.96342e+17	8.30e-03	6.06e-01	3.81e-01	5.01e-03	4.98e-05	0.00e+00	0.00e+00	0.00e+00
 5.02641e+17	9.66e-03	6.43e-01	3.44e-01	4.00e-03	4.06e-05	0.00e+00	0.00e+00	0.00e+00
 5.09518e+17	1.15e-02	6.86e-01	3.00e-01	3.00e-03	3.12e-05	0.00e+00	0.00e+00	0.00e+00
 5.16817e+17	1.40e-02	7.30e-01	2.54e-01	2.14e-03	2.29e-05	0.00e+00	0.00e+00	0.00e+00
 5.22969e+17	1.66e-02	7.67e-01	2.14e-01	1.54e-03	1.68e-05	0.00e+00	0.00e+00	0.00e+00
 5.27708e+17	1.91e-02	7.95e-01	1.84e-01	1.15e-03	1.29e-05	0.00e+00	0.00e+00	0.00e+00
 5.31437e+17	2.14e-02	8.16e-01	1.61e-01	8.98e-04	1.02e-05	0.00e+00	0.00e+00	0.00e+00
 5.35420e+17	2.43e-02	8.37e-01	1.38e-01	6.72e-04	7.78e-06	0.00e+00	0.00e+00	0.00e+00
 5.39634e+17	2.80e-02	8.57e-01	1.14e-01	4.85e-04	5.72e-06	0.00e+00	0.00e+00	0.00e+00
 5.43107e+17	3.16e-02	8.72e-01	9.64e-02	3.61e-04	4.31e-06	0.00e+00	0.00e+00	0.00e+00
 5.45919e+17	3.50e-02	8.82e-01	8.27e-02	2.79e-04	3.35e-06	0.00e+00	0.00e+00	0.00e+00
 5.48513e+17	3.87e-02	8.90e-01	7.11e-02	2.18e-04	2.62e-06	0.00e+00	0.00e+00	0.00e+00
 5.51485e+17	4.36e-02	8.98e-01	5.87e-02	1.60e-04	1.93e-06	0.00e+00	0.00e+00	0.00e+00
 5.54526e+17	4.96e-02	9.03e-01	4.76e-02	1.16e-04	1.39e-06	0.00e+00	0.00e+00	0.00e+00
 5.56914e+17	5.51e-02	9.05e-01	3.98e-02	8.97e-05	1.05e-06	0.00e+00	0.00e+00	0.00e+00
 5.58883e+17	6.04e-02	9.06e-01	3.40e-02	7.18e-05	8.27e-07	0.00e+00	0.00e+00	0.00e+00
 5.61053e+17	6.72e-02	9.05e-01	2.82e-02	5.59e-05	0.00e+00	0.00e+00	0.00e+00	0.00e+00
 5.63403e+17	7.56e-02	9.01e-01	2.29e-02	4.27e-05	0.00e+00	0.00e+00	0.00e+00	0.00e+00
 5.65448e+17	8.43e-02	8.97e-01	1.88e-02	3.38e-05	0.00e+00	0.00e+00	0.00e+00	0.00e+00
 5.67213e+17	9.30e-02	8.91e-01	1.56e-02	2.76e-05	0.00e+00	0.00e+00	0.00e+00	0.00e+00
 5.69145e+17	1.04e-01	8.83e-01	1.26e-02	2.22e-05	0.00e+00	0.00e+00	0.00e+00	0.00e+00
 5.71227e+17	1.18e-01	8.72e-01	9.95e-03	1.78e-05	0.00e+00	0.00e+00	0.00e+00	0.00e+00
 5.73052e+17	1.32e-01	8.60e-01	7.96e-03	1.47e-05	0.00e+00	0.00e+00	0.00e+00	0.00e+00
 5.74607e+17	1.46e-01	8.47e-01	6.51e-03	1.25e-05	0.00e+00	0.00e+00	0.00e+00	0.00e+00
 5.76006e+17	1.60e-01	8.34e-01	5.39e-03	1.10e-05	0.00e+00	0.00e+00	0.00e+00	0.00e+00
 5.77329e+17	1.75e-01	8.20e-01	4.48e-03	9.68e-06	0.00e+00	0.00e+00	0.00e+00	0.00e+00
 5.78578e+17	1.91e-01	8.05e-01	3.73e-03	8.64e-06	0.00e+00	0.00e+00	0.00e+00	0.00e+00
 5.79724e+17	2.07e-01	7.90e-01	3.14e-03	7.80e-06	0.00e+00	0.00e+00	0.00e+00	0.00e+00
 5.80589e+17	2.19e-01	7.78e-01	2.75e-03	7.25e-06	0.00e+00	0.00e+00	0.00e+00	0.00e+00
 5.81165e+17	2.28e-01	7.70e-01	2.52e-03	6.92e-06	0.00e+00	0.00e+00	0.00e+00	0.00e+00
 5.81731e+17	2.37e-01	7.61e-01	2.29e-03	6.59e-06	0.00e+00	0.00e+00	0.00e+00	0.00e+00
 5.82398e+17	2.49e-01	7.49e-01	2.05e-03	6.22e-06	0.00e+00	0.00e+00	0.00e+00	0.00e+00
 5.83095e+17	2.61e-01	7.37e-01	1.82e-03	5.86e-06	0.00e+00	0.00e+00	0.00e+00	0.00e+00
 5.83743e+17	2.73e-01	7.25e-01	1.63e-03	5.55e-06	0.00e+00	0.00e+00	0.00e+00	0.00e+00
 5.84345e+17	2.85e-01	7.13e-01	1.47e-03	5.27e-06	0.00e+00	0.00e+00	0.00e+00	0.00e+00
 5.84941e+17	2.98e-01	7.01e-01	1.32e-03	5.01e-06	0.00e+00	0.00e+00	0.00e+00	0.00e+00
 5.85549e+17	3.11e-01	6.88e-01	1.17e-03	4.75e-06	0.00e+00	0.00e+00	0.00e+00	0.00e+00
 5.86153e+17	3.24e-01	6.75e-01	1.05e-03	4.52e-06	0.00e+00	0.00e+00	0.00e+00	0.00e+00
 5.86742e+17	3.38e-01	6.61e-01	9.39e-04	4.29e-06	0.00e+00	0.00e+00	0.00e+00	0.00e+00
 5.87323e+17	3.52e-01	6.47e-01	8.39e-04	4.08e-06	0.00e+00	0.00e+00	0.00e+00	0.00e+00
 5.87898e+17	3.66e-01	6.33e-01	7.49e-04	3.88e-06	0.00e+00	0.00e+00	0.00e+00	0.00e+00
 5.88470e+17	3.81e-01	6.19e-01	6.68e-04	3.69e-06	0.00e+00	0.00e+00	0.00e+00	0.00e+00
 5.89036e+17	3.95e-01	6.04e-01	5.95e-04	3.51e-06	0.00e+00	0.00e+00	0.00e+00	0.00e+00
 5.89596e+17	4.11e-01	5.89e-01	5.30e-04	3.34e-06	0.00e+00	0.00e+00	0.00e+00	0.00e+00
 5.90151e+17	4.26e-01	5.74e-01	4.71e-04	3.17e-06	0.00e+00	0.00e+00	0.00e+00	0.00e+00
 5.90703e+17	4.41e-01	5.58e-01	4.18e-04	3.01e-06	0.00e+00	0.00e+00	0.00e+00	0.00e+00
 5.91252e+17	4.57e-01	5.43e-01	3.72e-04	2.86e-06	0.00e+00	0.00e+00	0.00e+00	0.00e+00
 5.91795e+17	4.73e-01	5.27e-01	3.30e-04	2.71e-06	0.00e+00	0.00e+00	0.00e+00	0.00e+00
 5.92334e+17	4.89e-01	5.11e-01	2.93e-04	2.58e-06	0.00e+00	0.00e+00	0.00e+00	0.00e+00
 5.92870e+17	5.05e-01	4.94e-01	2.59e-04	2.44e-06	0.00e+00	0.00e+00	0.00e+00	0.00e+00
 5.93406e+17	5.22e-01	4.78e-01	2.30e-04	2.32e-06	0.00e+00	0.00e+00	0.00e+00	0.00e+00
 5.93938e+17	5.38e-01	4.62e-01	2.04e-04	2.20e-06	0.00e+00	0.00e+00	0.00e+00	0.00e+00
 5.94459e+17	5.54e-01	4.46e-01	1.81e-04	2.08e-06	0.00e+00	0.00e+00	0.00e+00	0.00e+00
 5.94970e+17	5.69e-01	4.31e-01	1.61e-04	1.98e-06	0.00e+00	0.00e+00	0.00e+00	0.00e+00
 5.95475e+17	5.85e-01	4.15e-01	1.43e-04	1.87e-06	0.00e+00	0.00e+00	0.00e+00	0.00e+00
 5.95971e+17	6.01e-01	3.99e-01	1.28e-04	1.78e-06	0.00e+00	0.00e+00	0.00e+00	0.00e+00
 5.96467e+17	6.16e-01	3.84e-01	1.14e-04	1.68e-06	0.00e+00	0.00e+00	0.00e+00	0.00e+00
 5.96983e+17	6.32e-01	3.68e-01	1.01e-04	1.59e-06	0.00e+00	0.00e+00	0.00e+00	0.00e+00
 5.97489e+17	6.47e-01	3.53e-01	8.99e-05	1.50e-06	0.00e+00	0.00e+00	0.00e+00	0.00e+00
 5.97968e+17	6.61e-01	3.39e-01	8.06e-05	1.42e-06	0.00e+00	0.00e+00	0.00e+00	0.00e+00
 5.98469e+17	6.76e-01	3.24e-01	7.19e-05	1.34e-06	0.00e+00	0.00e+00	0.00e+00	0.00e+00
 5.98989e+17	6.91e-01	3.09e-01	6.41e-05	1.26e-06	0.00e+00	0.00e+00	0.00e+00	0.00e+00
 5.99485e+17	7.05e-01	2.95e-01	5.75e-05	1.19e-06	0.00e+00	0.00e+00	0.00e+00	0.00e+00
 5.99961e+17	7.19e-01	2.81e-01	5.20e-05	1.12e-06	0.00e+00	0.00e+00	0.00e+00	0.00e+00
 6.00444e+17	7.31e-01	2.69e-01	4.70e-05	1.06e-06	0.00e+00	0.00e+00	0.00e+00	0.00e+00
 6.00929e+17	7.45e-01	2.55e-01	4.24e-05	9.93e-07	0.00e+00	0.00e+00	0.00e+00	0.00e+00
 6.01423e+17	7.57e-01	2.43e-01	3.86e-05	0.00e+00	0.00e+00	0.00e+00	0.00e+00	0.00e+00
 6.01965e+17	7.71e-01	2.29e-01	3.47e-05	0.00e+00	0.00e+00	0.00e+00	0.00e+00	0.00e+00
 6.02476e+17	7.83e-01	2.17e-01	3.16e-05	0.00e+00	0.00e+00	0.00e+00	0.00e+00	0.00e+00
 6.02911e+17	7.93e-01	2.07e-01	2.94e-05	0.00e+00	0.00e+00	0.00e+00	0.00e+00	0.00e+00
 6.03390e+17	8.04e-01	1.96e-01	2.71e-05	0.00e+00	0.00e+00	0.00e+00	0.00e+00	0.00e+00
 6.03943e+17	8.16e-01	1.84e-01	2.47e-05	0.00e+00	0.00e+00	0.00e+00	0.00e+00	0.00e+00
 6.04486e+17	8.27e-01	1.73e-01	2.28e-05	0.00e+00	0.00e+00	0.00e+00	0.00e+00	0.00e+00
 6.05003e+17	8.37e-01	1.63e-01	2.11e-05	0.00e+00	0.00e+00	0.00e+00	0.00e+00	0.00e+00
 6.05537e+17	8.47e-01	1.53e-01	1.96e-05	0.00e+00	0.00e+00	0.00e+00	0.00e+00	0.00e+00
 6.06146e+17	8.58e-01	1.42e-01	1.82e-05	0.00e+00	0.00e+00	0.00e+00	0.00e+00	0.00e+00
 6.06754e+17	8.68e-01	1.32e-01	1.69e-05	0.00e+00	0.00e+00	0.00e+00	0.00e+00	0.00e+00
 6.07220e+17	8.74e-01	1.26e-01	1.61e-05	0.00e+00	0.00e+00	0.00e+00	0.00e+00	0.00e+00
 6.07610e+17	8.79e-01	1.21e-01	1.55e-05	0.00e+00	0.00e+00	0.00e+00	0.00e+00	0.00e+00
 6.08012e+17	8.84e-01	1.16e-01	1.49e-05	0.00e+00	0.00e+00	0.00e+00	0.00e+00	0.00e+00
 6.08454e+17	8.90e-01	1.10e-01	1.43e-05	0.00e+00	0.00e+00	0.00e+00	0.00e+00	0.00e+00
 6.08908e+17	8.96e-01	1.04e-01	1.38e-05	0.00e+00	0.00e+00	0.00e+00	0.00e+00	0.00e+00
 6.09329e+17	9.00e-01	1.00e-01	1.33e-05	0.00e+00	0.00e+00	0.00e+00	0.00e+00	0.00e+00
 6.09752e+17	9.04e-01	9.58e-02	1.29e-05	0.00e+00	0.00e+00	0.00e+00	0.00e+00	0.00e+00
 6.10190e+17	9.08e-01	9.22e-02	1.26e-05	0.00e+00	0.00e+00	0.00e+00	0.00e+00	0.00e+00
 6.10687e+17	9.13e-01	8.74e-02	1.21e-05	0.00e+00	0.00e+00	0.00e+00	0.00e+00	0.00e+00
 6.11192e+17	9.16e-01	8.36e-02	1.17e-05	0.00e+00	0.00e+00	0.00e+00	0.00e+00	0.00e+00
 6.11638e+17	9.19e-01	8.08e-02	1.15e-05	0.00e+00	0.00e+00	0.00e+00	0.00e+00	0.00e+00
 6.12135e+17	9.23e-01	7.73e-02	1.11e-05	0.00e+00	0.00e+00	0.00e+00	0.00e+00	0.00e+00
 6.12664e+17	9.26e-01	7.40e-02	1.08e-05	0.00e+00	0.00e+00	0.00e+00	0.00e+00	0.00e+00
 6.13154e+17	9.28e-01	7.16e-02	1.06e-05	0.00e+00	0.00e+00	0.00e+00	0.00e+00	0.00e+00
 6.13698e+17	9.31e-01	6.87e-02	1.03e-05	0.00e+00	0.00e+00	0.00e+00	0.00e+00	0.00e+00
 6.14296e+17	9.34e-01	6.58e-02	1.01e-05	0.00e+00	0.00e+00	0.00e+00	0.00e+00	0.00e+00
 6.14863e+17	9.36e-01	6.37e-02	9.91e-06	0.00e+00	0.00e+00	0.00e+00	0.00e+00	0.00e+00
 6.15479e+17	9.39e-01	6.10e-02	9.65e-06	0.00e+00	0.00e+00	0.00e+00	0.00e+00	0.00e+00
 6.16117e+17	9.41e-01	5.90e-02	9.49e-06	0.00e+00	0.00e+00	0.00e+00	0.00e+00	0.00e+00
 6.16768e+17	9.43e-01	5.65e-02	9.25e-06	0.00e+00	0.00e+00	0.00e+00	0.00e+00	0.00e+00
 6.17429e+17	9.45e-01	5.47e-02	9.10e-06	0.00e+00	0.00e+00	0.00e+00	0.00e+00	0.00e+00
 6.18107e+17	9.48e-01	5.25e-02	8.88e-06	0.00e+00	0.00e+00	0.00e+00	0.00e+00	0.00e+00
 6.18792e+17	9.49e-01	5.08e-02	8.74e-06	0.00e+00	0.00e+00	0.00e+00	0.00e+00	0.00e+00
 6.19476e+17	9.51e-01	4.87e-02	8.53e-06	0.00e+00	0.00e+00	0.00e+00	0.00e+00	0.00e+00
 6.20150e+17	9.53e-01	4.71e-02	8.41e-06	0.00e+00	0.00e+00	0.00e+00	0.00e+00	0.00e+00
 6.20811e+17	9.54e-01	4.61e-02	8.27e-06	0.00e+00	0.00e+00	0.00e+00	0.00e+00	0.00e+00
 6.21624e+17	9.55e-01	4.49e-02	8.17e-06	0.00e+00	0.00e+00	0.00e+00	0.00e+00	0.00e+00
 6.22682e+17	9.57e-01	4.27e-02	7.98e-06	0.00e+00	0.00e+00	0.00e+00	0.00e+00	0.00e+00
 6.23738e+17	9.60e-01	4.03e-02	7.76e-06	0.00e+00	0.00e+00	0.00e+00	0.00e+00	0.00e+00
 6.24482e+17	9.61e-01	3.92e-02	7.65e-06	0.00e+00	0.00e+00	0.00e+00	0.00e+00	0.00e+00
 6.25074e+17	9.62e-01	3.81e-02	7.55e-06	0.00e+00	0.00e+00	0.00e+00	0.00e+00	0.00e+00
 6.25776e+17	9.64e-01	3.64e-02	7.35e-06	0.00e+00	0.00e+00	0.00e+00	0.00e+00	0.00e+00
 6.26453e+17	9.65e-01	3.46e-02	7.18e-06	0.00e+00	0.00e+00	0.00e+00	0.00e+00	0.00e+00
 6.26940e+17	9.66e-01	3.38e-02	7.11e-06	0.00e+00	0.00e+00	0.00e+00	0.00e+00	0.00e+00
 6.27409e+17	9.67e-01	3.31e-02	7.02e-06	0.00e+00	0.00e+00	0.00e+00	0.00e+00	0.00e+00
 6.28017e+17	9.69e-01	3.13e-02	6.84e-06	0.00e+00	0.00e+00	0.00e+00	0.00e+00	0.00e+00
 6.28581e+17	9.70e-01	2.98e-02	6.68e-06	0.00e+00	0.00e+00	0.00e+00	0.00e+00	0.00e+00
 6.28957e+17	9.71e-01	2.93e-02	6.62e-06	0.00e+00	0.00e+00	0.00e+00	0.00e+00	0.00e+00
 6.29313e+17	9.71e-01	2.88e-02	6.57e-06	0.00e+00	0.00e+00	0.00e+00	0.00e+00	0.00e+00
 6.29775e+17	9.73e-01	2.73e-02	6.40e-06	0.00e+00	0.00e+00	0.00e+00	0.00e+00	0.00e+00
 6.30201e+17	9.74e-01	2.60e-02	6.25e-06	0.00e+00	0.00e+00	0.00e+00	0.00e+00	0.00e+00
 6.30479e+17	9.74e-01	2.55e-02	6.20e-06	0.00e+00	0.00e+00	0.00e+00	0.00e+00	0.00e+00
 6.30741e+17	9.75e-01	2.52e-02	6.14e-06	0.00e+00	0.00e+00	0.00e+00	0.00e+00	0.00e+00
 6.31082e+17	9.76e-01	2.40e-02	6.01e-06	0.00e+00	0.00e+00	0.00e+00	0.00e+00	0.00e+00
 6.31418e+17	9.77e-01	2.28e-02	5.87e-06	0.00e+00	0.00e+00	0.00e+00	0.00e+00	0.00e+00
 6.31661e+17	9.78e-01	2.23e-02	5.81e-06	0.00e+00	0.00e+00	0.00e+00	0.00e+00	0.00e+00
 6.31891e+17	9.78e-01	2.19e-02	5.75e-06	0.00e+00	0.00e+00	0.00e+00	0.00e+00	0.00e+00
 6.32190e+17	9.79e-01	2.07e-02	5.60e-06	0.00e+00	0.00e+00	0.00e+00	0.00e+00	0.00e+00
 6.32483e+17	9.81e-01	1.92e-02	5.40e-06	0.00e+00	0.00e+00	0.00e+00	0.00e+00	0.00e+00
 6.32675e+17	9.81e-01	1.88e-02	5.34e-06	0.00e+00	0.00e+00	0.00e+00	0.00e+00	0.00e+00
 6.32832e+17	9.81e-01	1.85e-02	5.29e-06	0.00e+00	0.00e+00	0.00e+00	0.00e+00	0.00e+00
 6.33035e+17	9.82e-01	1.77e-02	5.17e-06	0.00e+00	0.00e+00	0.00e+00	0.00e+00	0.00e+00
 6.33263e+17	9.84e-01	1.61e-02	4.93e-06	0.00e+00	0.00e+00	0.00e+00	0.00e+00	0.00e+00
 6.33439e+17	9.86e-01	1.44e-02	4.65e-06	0.00e+00	0.00e+00	0.00e+00	0.00e+00	0.00e+00
 6.33535e+17	9.94e-01	5.72e-03	2.35e-06	0.00e+00	0.00e+00	0.00e+00	0.00e+00	0.00e+00
 6.33600e+17	9.94e-01	5.69e-03	2.34e-06	0.00e+00	0.00e+00	0.00e+00	0.00e+00	0.00e+00
 6.33671e+17	9.94e-01	5.57e-03	2.29e-06	0.00e+00	0.00e+00	0.00e+00	0.00e+00	0.00e+00
 6.33764e+17	9.95e-01	5.33e-03	2.19e-06	0.00e+00	0.00e+00	0.00e+00	0.00e+00	0.00e+00
 6.33864e+17	9.95e-01	5.08e-03	2.11e-06	0.00e+00	0.00e+00	0.00e+00	0.00e+00	0.00e+00
 6.33955e+17	9.95e-01	4.98e-03	2.07e-06	0.00e+00	0.00e+00	0.00e+00	0.00e+00	0.00e+00
 6.34038e+17	9.95e-01	4.88e-03	2.03e-06	0.00e+00	0.00e+00	0.00e+00	0.00e+00	0.00e+00
 6.34129e+17	9.95e-01	4.83e-03	2.01e-06	0.00e+00	0.00e+00	0.00e+00	0.00e+00	0.00e+00
 6.34247e+17	9.95e-01	4.67e-03	1.95e-06	0.00e+00	0.00e+00	0.00e+00	0.00e+00	0.00e+00
 6.34374e+17	9.96e-01	4.49e-03	1.89e-06	0.00e+00	0.00e+00	0.00e+00	0.00e+00	0.00e+00
 6.34490e+17	9.96e-01	4.36e-03	1.84e-06	0.00e+00	0.00e+00	0.00e+00	0.00e+00	0.00e+00
 6.34596e+17	9.96e-01	4.28e-03	1.81e-06	0.00e+00	0.00e+00	0.00e+00	0.00e+00	0.00e+00
 6.34712e+17	9.96e-01	4.19e-03	1.77e-06	0.00e+00	0.00e+00	0.00e+00	0.00e+00	0.00e+00
 6.34836e+17	9.96e-01	4.05e-03	1.72e-06	0.00e+00	0.00e+00	0.00e+00	0.00e+00	0.00e+00
 6.34950e+17	9.96e-01	3.97e-03	1.69e-06	0.00e+00	0.00e+00	0.00e+00	0.00e+00	0.00e+00
 6.35075e+17	9.96e-01	3.89e-03	1.66e-06	0.00e+00	0.00e+00	0.00e+00	0.00e+00	0.00e+00
 6.35209e+17	9.96e-01	3.76e-03	1.61e-06	0.00e+00	0.00e+00	0.00e+00	0.00e+00	0.00e+00
 6.35331e+17	9.96e-01	3.68e-03	1.58e-06	0.00e+00	0.00e+00	0.00e+00	0.00e+00	0.00e+00
 6.35465e+17	9.96e-01	3.60e-03	1.55e-06	0.00e+00	0.00e+00	0.00e+00	0.00e+00	0.00e+00
 6.35610e+17	9.97e-01	3.47e-03	1.51e-06	0.00e+00	0.00e+00	0.00e+00	0.00e+00	0.00e+00
 6.35742e+17	9.97e-01	3.40e-03	1.48e-06	0.00e+00	0.00e+00	0.00e+00	0.00e+00	0.00e+00
 6.35862e+17	9.97e-01	3.33e-03	1.45e-06	0.00e+00	0.00e+00	0.00e+00	0.00e+00	0.00e+00
 6.35993e+17	9.97e-01	3.26e-03	1.42e-06	0.00e+00	0.00e+00	0.00e+00	0.00e+00	0.00e+00
 6.36135e+17	9.97e-01	3.14e-03	1.38e-06	0.00e+00	0.00e+00	0.00e+00	0.00e+00	0.00e+00
 6.36264e+17	9.97e-01	3.07e-03	1.35e-06	0.00e+00	0.00e+00	0.00e+00	0.00e+00	0.00e+00
 6.36381e+17	9.97e-01	3.01e-03	1.33e-06	0.00e+00	0.00e+00	0.00e+00	0.00e+00	0.00e+00
 6.36510e+17	9.97e-01	2.94e-03	1.31e-06	0.00e+00	0.00e+00	0.00e+00	0.00e+00	0.00e+00
 6.36649e+17	9.97e-01	2.84e-03	1.27e-06	0.00e+00	0.00e+00	0.00e+00	0.00e+00	0.00e+00
 6.36775e+17	9.97e-01	2.78e-03	1.25e-06	0.00e+00	0.00e+00	0.00e+00	0.00e+00	0.00e+00
 6.36914e+17	9.97e-01	2.72e-03	1.22e-06	0.00e+00	0.00e+00	0.00e+00	0.00e+00	0.00e+00
 6.37063e+17	9.97e-01	2.62e-03	1.19e-06	0.00e+00	0.00e+00	0.00e+00	0.00e+00	0.00e+00
 6.37199e+17	9.97e-01	2.56e-03	1.16e-06	0.00e+00	0.00e+00	0.00e+00	0.00e+00	0.00e+00
 6.37323e+17	9.97e-01	2.50e-03	1.14e-06	0.00e+00	0.00e+00	0.00e+00	0.00e+00	0.00e+00
 6.37436e+17	9.98e-01	2.45e-03	1.12e-06	0.00e+00	0.00e+00	0.00e+00	0.00e+00	0.00e+00
###########################
 5.10412e+13	2.90e-05	2.93e-02	6.73e-01	2.81e-01	1.63e-02	3.98e-04	0.00e+00	0.00e+00
 3.06247e+14	2.91e-05	2.93e-02	6.74e-01	2.80e-01	1.63e-02	3.97e-04	6.49e-08	0.00e+00
 1.32707e+15	2.91e-05	2.92e-02	6.75e-01	2.80e-01	1.61e-02	3.92e-04	0.00e+00	0.00e+00
 5.41037e+15	2.93e-05	2.91e-02	6.80e-01	2.75e-01	1.55e-02	3.73e-04	0.00e+00	0.00e+00
 1.29236e+16	2.99e-05	2.89e-02	6.88e-01	2.68e-01	1.43e-02	3.37e-04	0.00e+00	0.00e+00
 2.26909e+16	3.06e-05	2.88e-02	7.00e-01	2.58e-01	1.29e-02	3.01e-04	0.00e+00	0.00e+00
 3.53883e+16	3.17e-05	2.90e-02	7.15e-01	2.45e-01	1.14e-02	2.62e-04	0.00e+00	0.00e+00
 5.18950e+16	3.37e-05	2.98e-02	7.35e-01	2.25e-01	9.61e-03	2.18e-04	0.00e+00	0.00e+00
 7.33536e+16	3.77e-05	3.18e-02	7.61e-01	2.00e-01	7.56e-03	1.70e-04	0.00e+00	0.00e+00
 9.46153e+16	4.32e-05	3.45e-02	7.85e-01	1.75e-01	5.80e-03	1.29e-04	0.00e+00	0.00e+00
 1.10308e+17	4.92e-05	3.74e-02	8.01e-01	1.57e-01	4.69e-03	1.04e-04	0.00e+00	0.00e+00
 1.22084e+17	5.55e-05	4.03e-02	8.12e-01	1.44e-01	3.96e-03	8.77e-05	0.00e+00	0.00e+00
 1.32111e+17	6.22e-05	4.32e-02	8.20e-01	1.34e-01	3.41e-03	7.51e-05	0.00e+00	0.00e+00
 1.41705e+17	7.01e-05	4.65e-02	8.26e-01	1.24e-01	2.95e-03	6.44e-05	0.00e+00	0.00e+00
 1.51253e+17	7.93e-05	5.00e-02	8.31e-01	1.16e-01	2.55e-03	5.53e-05	0.00e+00	0.00e+00
 1.60758e+17	8.98e-05	5.39e-02	8.35e-01	1.09e-01	2.21e-03	4.76e-05	0.00e+00	0.00e+00
 1.71662e+17	1.04e-04	5.88e-02	8.39e-01	1.01e-01	1.89e-03	4.01e-05	0.00e+00	0.00e+00
 1.83085e+17	1.20e-04	6.38e-02	8.41e-01	9.34e-02	1.62e-03	3.40e-05	0.00e+00	0.00e+00
 1.93206e+17	1.36e-04	6.86e-02	8.42e-01	8.78e-02	1.41e-03	2.95e-05	0.00e+00	0.00e+00
 2.04386e+17	1.57e-04	7.42e-02	8.42e-01	8.23e-02	1.22e-03	2.54e-05	0.00e+00	0.00e+00
 2.16719e+17	1.80e-04	8.02e-02	8.41e-01	7.72e-02	1.06e-03	2.19e-05	0.00e+00	0.00e+00
 2.28552e+17	2.05e-04	8.62e-02	8.40e-01	7.27e-02	9.38e-04	1.91e-05	0.00e+00	0.00e+00
 2.41935e+17	2.38e-04	9.36e-02	8.37e-01	6.82e-02	8.20e-04	1.65e-05	0.00e+00	0.00e+00
 2.56103e+17	2.80e-04	1.02e-01	8.33e-01	6.34e-02	7.13e-04	1.40e-05	0.00e+00	0.00e+00
 2.67863e+17	3.15e-04	1.09e-01	8.29e-01	6.03e-02	6.49e-04	1.25e-05	0.00e+00	0.00e+00
 2.79724e+17	3.57e-04	1.17e-01	8.25e-01	5.72e-02	5.91e-04	1.11e-05	0.00e+00	0.00e+00
 2.95143e+17	4.19e-04	1.28e-01	8.18e-01	5.34e-02	5.26e-04	9.51e-06	0.00e+00	0.00e+00
 3.10376e+17	4.88e-04	1.39e-01	8.10e-01	4.99e-02	4.75e-04	8.23e-06	0.00e+00	0.00e+00
 3.21938e+17	5.49e-04	1.49e-01	8.03e-01	4.73e-02	4.42e-04	7.35e-06	0.00e+00	0.00e+00
 3.33542e+17	6.24e-04	1.60e-01	7.94e-01	4.46e-02	4.09e-04	6.50e-06	0.00e+00	0.00e+00
 3.46296e+17	7.20e-04	1.73e-01	7.84e-01	4.16e-02	3.74e-04	5.64e-06	0.00e+00	0.00e+00
 3.57612e+17	8.18e-04	1.86e-01	7.74e-01	3.89e-02	3.47e-04	4.95e-06	0.00e+00	0.00e+00
 3.67521e+17	9.22e-04	1.99e-01	7.63e-01	3.65e-02	3.23e-04	4.37e-06	0.00e+00	0.00e+00
 3.78533e+17	1.06e-03	2.16e-01	7.49e-01	3.37e-02	2.96e-04	3.75e-06	0.00e+00	0.00e+00
 3.90166e+17	1.24e-03	2.35e-01	7.33e-01	3.08e-02	2.70e-04	3.17e-06	0.00e+00	0.00e+00
 4.00003e+17	1.41e-03	2.53e-01	7.17e-01	2.83e-02	2.48e-04	2.72e-06	0.00e+00	0.00e+00
 4.08660e+17	1.60e-03	2.71e-01	7.01e-01	2.60e-02	2.28e-04	2.34e-06	0.00e+00	0.00e+00
 4.18386e+17	1.86e-03	2.94e-01	6.81e-01	2.34e-02	2.06e-04	1.94e-06	0.00e+00	0.00e+00
 4.28848e+17	2.20e-03	3.21e-01	6.56e-01	2.06e-02	1.82e-04	1.57e-06	0.00e+00	0.00e+00
 4.37963e+17	2.56e-03	3.48e-01	6.31e-01	1.82e-02	1.63e-04	1.28e-06	0.00e+00	0.00e+00
 4.46098e+17	2.95e-03	3.75e-01	6.06e-01	1.61e-02	1.45e-04	1.04e-06	0.00e+00	0.00e+00
 4.55264e+17	3.50e-03	4.09e-01	5.74e-01	1.38e-02	1.25e-04	8.07e-07	0.00e+00	0.00e+00
 4.64637e+17	4.19e-03	4.47e-01	5.38e-01	1.15e-02	1.06e-04	0.00e+00	0.00e+00	0.00e+00
 4.72291e+17	4.89e-03	4.81e-01	5.04e-01	9.75e-03	9.14e-05	0.00e+00	0.00e+00	0.00e+00
 4.80253e+17	5.81e-03	5.21e-01	4.66e-01	7.99e-03	7.62e-05	0.00e+00	0.00e+00	0.00e+00
 4.88838e+17	7.02e-03	5.65e-01	4.21e-01	6.30e-03	6.14e-05	0.00e+00	0.00e+00	0.00e+00
 4.96251e+17	8.35e-03	6.08e-01	3.79e-01	4.96e-03	4.93e-05	0.00e+00	0.00e+00	0.00e+00
 5.02549e+17	9.73e-03	6.44e-01	3.42e-01	3.95e-03	4.02e-05	0.00e+00	0.00e+00	0.00e+00
 5.09380e+17	1.16e-02	6.86e-01	2.99e-01	2.98e-03	3.10e-05	0.00e+00	0.00e+00	0.00e+00
 5.16687e+17	1.41e-02	7.31e-01	2.53e-01	2.12e-03	2.27e-05	0.00e+00	0.00e+00	0.00e+00
 5.22878e+17	1.67e-02	7.69e-01	2.13e-01	1.51e-03	1.66e-05	0.00e+00	0.00e+00	0.00e+00
 5.27599e+17	1.92e-02	7.97e-01	1.83e-01	1.13e-03	1.27e-05	0.00e+00	0.00e+00	0.00e+00
 5.31286e+17	2.15e-02	8.17e-01	1.60e-01	8.86e-04	1.01e-05	0.00e+00	0.00e+00	0.00e+00
 5.35221e+17	2.45e-02	8.38e-01	1.37e-01	6.65e-04	7.71e-06	0.00e+00	0.00e+00	0.00e+00
 5.39403e+17	2.81e-02	8.58e-01	1.14e-01	4.81e-04	5.67e-06	0.00e+00	0.00e+00	0.00e+00
 5.42876e+17	3.17e-02	8.72e-01	9.59e-02	3.58e-04	4.27e-06	0.00e+00	0.00e+00	0.00e+00
 5.45693e+17	3.52e-02	8.82e-01	8.22e-02	2.76e-04	3.31e-06	0.00e+00	0.00e+00	0.00e+00
 5.48283e+17	3.88e-02	8.90e-01	7.07e-02	2.16e-04	2.60e-06	0.00e+00	0.00e+00	0.00e+00
 5.51244e+17	4.38e-02	8.98e-01	5.84e-02	1.59e-04	1.91e-06	0.00e+00	0.00e+00	0.00e+00
 5.54273e+17	4.97e-02	9.03e-01	4.74e-02	1.16e-04	1.38e-06	0.00e+00	0.00e+00	0.00e+00
 5.56654e+17	5.53e-02	9.05e-01	3.96e-02	8.90e-05	1.04e-06	0.00e+00	0.00e+00	0.00e+00
 5.58623e+17	6.06e-02	9.05e-01	3.39e-02	7.13e-05	8.20e-07	0.00e+00	0.00e+00	0.00e+00
 5.60793e+17	6.74e-02	9.04e-01	2.81e-02	5.55e-05	0.00e+00	0.00e+00	0.00e+00	0.00e+00
 5.63143e+17	7.59e-02	9.01e-01	2.27e-02	4.24e-05	0.00e+00	0.00e+00	0.00e+00	0.00e+00
 5.65187e+17	8.46e-02	8.97e-01	1.86e-02	3.35e-05	0.00e+00	0.00e+00	0.00e+00	0.00e+00
 5.66951e+17	9.33e-02	8.91e-01	1.55e-02	2.74e-05	0.00e+00	0.00e+00	0.00e+00	0.00e+00
 5.68880e+17	1.04e-01	8.83e-01	1.26e-02	2.21e-05	0.00e+00	0.00e+00	0.00e+00	0.00e+00
 5.70958e+17	1.18e-01	8.72e-01	9.90e-03	1.77e-05	0.00e+00	0.00e+00	0.00e+00	0.00e+00
 5.72784e+17	1.33e-01	8.59e-01	7.91e-03	1.46e-05	0.00e+00	0.00e+00	0.00e+00	0.00e+00
 5.74339e+17	1.47e-01	8.47e-01	6.47e-03	1.25e-05	0.00e+00	0.00e+00	0.00e+00	0.00e+00
 5.75734e+17	1.61e-01	8.34e-01	5.36e-03	1.09e-05	0.00e+00	0.00e+00	0.00e+00	0.00e+00
 5.77052e+17	1.76e-01	8.20e-01	4.45e-03	9.64e-06	0.00e+00	0.00e+00	0.00e+00	0.00e+00
 5.78297e+17	1.91e-01	8.05e-01	3.71e-03	8.61e-06	0.00e+00	0.00e+00	0.00e+00	0.00e+00
 5.79449e+17	2.07e-01	7.90e-01	3.11e-03	7.77e-06	0.00e+00	0.00e+00	0.00e+00	0.00e+00
 5.80328e+17	2.20e-01	7.77e-01	2.73e-03	7.21e-06	0.00e+00	0.00e+00	0.00e+00	0.00e+00
 5.80908e+17	2.29e-01	7.69e-01	2.50e-03	6.90e-06	0.00e+00	0.00e+00	0.00e+00	0.00e+00
 5.81474e+17	2.38e-01	7.59e-01	2.27e-03	6.54e-06	0.00e+00	0.00e+00	0.00e+00	0.00e+00
 5.82135e+17	2.50e-01	7.48e-01	2.03e-03	6.19e-06	0.00e+00	0.00e+00	0.00e+00	0.00e+00
 5.82822e+17	2.62e-01	7.36e-01	1.81e-03	5.84e-06	0.00e+00	0.00e+00	0.00e+00	0.00e+00
 5.83472e+17	2.74e-01	7.24e-01	1.62e-03	5.53e-06	0.00e+00	0.00e+00	0.00e+00	0.00e+00
 5.84078e+17	2.86e-01	7.12e-01	1.45e-03	5.25e-06	0.00e+00	0.00e+00	0.00e+00	0.00e+00
 5.84675e+17	2.99e-01	7.00e-01	1.30e-03	4.99e-06	0.00e+00	0.00e+00	0.00e+00	0.00e+00
 5.85280e+17	3.12e-01	6.87e-01	1.16e-03	4.73e-06	0.00e+00	0.00e+00	0.00e+00	0.00e+00
 5.85882e+17	3.25e-01	6.74e-01	1.04e-03	4.50e-06	0.00e+00	0.00e+00	0.00e+00	0.00e+00
 5.86471e+17	3.39e-01	6.60e-01	9.31e-04	4.28e-06	0.00e+00	0.00e+00	0.00e+00	0.00e+00
 5.87052e+17	3.53e-01	6.46e-01	8.31e-04	4.07e-06	0.00e+00	0.00e+00	0.00e+00	0.00e+00
 5.87627e+17	3.67e-01	6.32e-01	7.42e-04	3.87e-06	0.00e+00	0.00e+00	0.00e+00	0.00e+00
 5.88198e+17	3.82e-01	6.18e-01	6.61e-04	3.68e-06	0.00e+00	0.00e+00	0.00e+00	0.00e+00
 5.88763e+17	3.97e-01	6.03e-01	5.89e-04	3.50e-06	0.00e+00	0.00e+00	0.00e+00	0.00e+00
 5.89323e+17	4.12e-01	5.88e-01	5.25e-04	3.32e-06	0.00e+00	0.00e+00	0.00e+00	0.00e+00
 5.89878e+17	4.27e-01	5.72e-01	4.67e-04	3.16e-06	0.00e+00	0.00e+00	0.00e+00	0.00e+00
 5.90429e+17	4.43e-01	5.57e-01	4.15e-04	3.00e-06	0.00e+00	0.00e+00	0.00e+00	0.00e+00
 5.90975e+17	4.59e-01	5.41e-01	3.68e-04	2.85e-06	0.00e+00	0.00e+00	0.00e+00	0.00e+00
 5.91520e+17	4.74e-01	5.25e-01	3.27e-04	2.71e-06	0.00e+00	0.00e+00	0.00e+00	0.00e+00
 5.92062e+17	4.90e-01	5.09e-01	2.90e-04	2.57e-06	0.00e+00	0.00e+00	0.00e+00	0.00e+00
 5.92601e+17	5.07e-01	4.93e-01	2.57e-04	2.43e-06	0.00e+00	0.00e+00	0.00e+00	0.00e+00
 5.93134e+17	5.23e-01	4.77e-01	2.27e-04	2.31e-06	0.00e+00	0.00e+00	0.00e+00	0.00e+00
 5.93664e+17	5.39e-01	4.60e-01	2.02e-04	2.19e-06	0.00e+00	0.00e+00	0.00e+00	0.00e+00
 5.94194e+17	5.56e-01	4.44e-01	1.78e-04	2.07e-06	0.00e+00	0.00e+00	0.00e+00	0.00e+00
 5.94725e+17	5.72e-01	4.28e-01	1.58e-04	1.96e-06	0.00e+00	0.00e+00	0.00e+00	0.00e+00
 5.95253e+17	5.88e-01	4.12e-01	1.40e-04	1.85e-06	0.00e+00	0.00e+00	0.00e+00	0.00e+00
 5.95754e+17	6.04e-01	3.96e-01	1.24e-04	1.75e-06	0.00e+00	0.00e+00	0.00e+00	0.00e+00
 5.96239e+17	6.19e-01	3.81e-01	1.11e-04	1.66e-06	0.00e+00	0.00e+00	0.00e+00	0.00e+00
 5.96746e+17	6.34e-01	3.66e-01	9.90e-05	1.57e-06	0.00e+00	0.00e+00	0.00e+00	0.00e+00
 5.97263e+17	6.50e-01	3.50e-01	8.80e-05	1.48e-06	0.00e+00	0.00e+00	0.00e+00	0.00e+00
 5.97781e+17	6.65e-01	3.35e-01	7.83e-05	1.40e-06	0.00e+00	0.00e+00	0.00e+00	0.00e+00
 5.98270e+17	6.79e-01	3.21e-01	7.02e-05	1.32e-06	0.00e+00	0.00e+00	0.00e+00	0.00e+00
 5.98737e+17	6.92e-01	3.08e-01	6.34e-05	1.25e-06	0.00e+00	0.00e+00	0.00e+00	0.00e+00
 5.99202e+17	7.06e-01	2.94e-01	5.71e-05	1.18e-06	0.00e+00	0.00e+00	0.00e+00	0.00e+00
 5.99682e+17	7.19e-01	2.81e-01	5.15e-05	1.12e-06	0.00e+00	0.00e+00	0.00e+00	0.00e+00
 6.00188e+17	7.33e-01	2.67e-01	4.64e-05	1.05e-06	0.00e+00	0.00e+00	0.00e+00	0.00e+00
 6.00675e+17	7.47e-01	2.53e-01	4.19e-05	9.85e-07	0.00e+00	0.00e+00	0.00e+00	0.00e+00
 6.01154e+17	7.59e-01	2.41e-01	3.81e-05	0.00e+00	0.00e+00	0.00e+00	0.00e+00	0.00e+00
 6.01652e+17	7.71e-01	2.29e-01	3.48e-05	0.00e+00	0.00e+00	0.00e+00	0.00e+00	0.00e+00
 6.02139e+17	7.83e-01	2.17e-01	3.18e-05	0.00e+00	0.00e+00	0.00e+00	0.00e+00	0.00e+00
 6.02637e+17	7.94e-01	2.06e-01	2.91e-05	0.00e+00	0.00e+00	0.00e+00	0.00e+00	0.00e+00
 6.03151e+17	8.06e-01	1.94e-01	2.66e-05	0.00e+00	0.00e+00	0.00e+00	0.00e+00	0.00e+00
 6.03647e+17	8.16e-01	1.84e-01	2.47e-05	0.00e+00	0.00e+00	0.00e+00	0.00e+00	0.00e+00
 6.04155e+17	8.27e-01	1.73e-01	2.28e-05	0.00e+00	0.00e+00	0.00e+00	0.00e+00	0.00e+00
 6.04737e+17	8.38e-01	1.62e-01	2.09e-05	0.00e+00	0.00e+00	0.00e+00	0.00e+00	0.00e+00
 6.05318e+17	8.49e-01	1.51e-01	1.93e-05	0.00e+00	0.00e+00	0.00e+00	0.00e+00	0.00e+00
 6.05869e+17	8.59e-01	1.41e-01	1.81e-05	0.00e+00	0.00e+00	0.00e+00	0.00e+00	0.00e+00
 6.06457e+17	8.68e-01	1.32e-01	1.68e-05	0.00e+00	0.00e+00	0.00e+00	0.00e+00	0.00e+00
 6.06972e+17	8.76e-01	1.24e-01	1.60e-05	0.00e+00	0.00e+00	0.00e+00	0.00e+00	0.00e+00
 6.07373e+17	8.80e-01	1.20e-01	1.55e-05	0.00e+00	0.00e+00	0.00e+00	0.00e+00	0.00e+00
 6.07801e+17	8.86e-01	1.14e-01	1.48e-05	0.00e+00	0.00e+00	0.00e+00	0.00e+00	0.00e+00
 6.08250e+17	8.92e-01	1.08e-01	1.42e-05	0.00e+00	0.00e+00	0.00e+00	0.00e+00	0.00e+00
 6.08669e+17	8.96e-01	1.04e-01	1.37e-05	0.00e+00	0.00e+00	0.00e+00	0.00e+00	0.00e+00
 6.09086e+17	9.00e-01	9.95e-02	1.32e-05	0.00e+00	0.00e+00	0.00e+00	0.00e+00	0.00e+00
 6.09517e+17	9.05e-01	9.50e-02	1.28e-05	0.00e+00	0.00e+00	0.00e+00	0.00e+00	0.00e+00
 6.09958e+17	9.08e-01	9.15e-02	1.25e-05	0.00e+00	0.00e+00	0.00e+00	0.00e+00	0.00e+00
 6.10456e+17	9.13e-01	8.68e-02	1.20e-05	0.00e+00	0.00e+00	0.00e+00	0.00e+00	0.00e+00
 6.10963e+17	9.17e-01	8.30e-02	1.16e-05	0.00e+00	0.00e+00	0.00e+00	0.00e+00	0.00e+00
 6.11412e+17	9.20e-01	7.99e-02	1.13e-05	0.00e+00	0.00e+00	0.00e+00	0.00e+00	0.00e+00
 6.11864e+17	9.23e-01	7.72e-02	1.11e-05	0.00e+00	0.00e+00	0.00e+00	0.00e+00	0.00e+00
 6.12390e+17	9.26e-01	7.39e-02	1.08e-05	0.00e+00	0.00e+00	0.00e+00	0.00e+00	0.00e+00
 6.12963e+17	9.29e-01	7.07e-02	1.05e-05	0.00e+00	0.00e+00	0.00e+00	0.00e+00	0.00e+00
 6.13499e+17	9.32e-01	6.83e-02	1.03e-05	0.00e+00	0.00e+00	0.00e+00	0.00e+00	0.00e+00
 6.14067e+17	9.34e-01	6.55e-02	1.01e-05	0.00e+00	0.00e+00	0.00e+00	0.00e+00	0.00e+00
 6.14660e+17	9.37e-01	6.35e-02	9.89e-06	0.00e+00	0.00e+00	0.00e+00	0.00e+00	0.00e+00
 6.15297e+17	9.39e-01	6.06e-02	9.61e-06	0.00e+00	0.00e+00	0.00e+00	0.00e+00	0.00e+00
 6.15950e+17	9.41e-01	5.86e-02	9.46e-06	0.00e+00	0.00e+00	0.00e+00	0.00e+00	0.00e+00
 6.16619e+17	9.44e-01	5.61e-02	9.21e-06	0.00e+00	0.00e+00	0.00e+00	0.00e+00	0.00e+00
 6.17295e+17	9.46e-01	5.42e-02	9.06e-06	0.00e+00	0.00e+00	0.00e+00	0.00e+00	0.00e+00
 6.17957e+17	9.48e-01	5.20e-02	8.84e-06	0.00e+00	0.00e+00	0.00e+00	0.00e+00	0.00e+00
 6.18625e+17	9.50e-01	5.04e-02	8.71e-06	0.00e+00	0.00e+00	0.00e+00	0.00e+00	0.00e+00
 6.19307e+17	9.52e-01	4.83e-02	8.50e-06	0.00e+00	0.00e+00	0.00e+00	0.00e+00	0.00e+00
 6.19988e+17	9.53e-01	4.68e-02	8.37e-06	0.00e+00	0.00e+00	0.00e+00	0.00e+00	0.00e+00
 6.20650e+17	9.54e-01	4.61e-02	8.27e-06	0.00e+00	0.00e+00	0.00e+00	0.00e+00	0.00e+00
 6.21458e+17	9.55e-01	4.49e-02	8.18e-06	0.00e+00	0.00e+00	0.00e+00	0.00e+00	0.00e+00
 6.22509e+17	9.58e-01	4.23e-02	7.95e-06	0.00e+00	0.00e+00	0.00e+00	0.00e+00	0.00e+00
 6.23481e+17	9.60e-01	4.01e-02	7.74e-06	0.00e+00	0.00e+00	0.00e+00	0.00e+00	0.00e+00
 6.24116e+17	9.61e-01	3.93e-02	7.66e-06	0.00e+00	0.00e+00	0.00e+00	0.00e+00	0.00e+00
 6.24707e+17	9.62e-01	3.84e-02	7.57e-06	0.00e+00	0.00e+00	0.00e+00	0.00e+00	0.00e+00
 6.25476e+17	9.64e-01	3.63e-02	7.36e-06	0.00e+00	0.00e+00	0.00e+00	0.00e+00	0.00e+00
 6.26184e+17	9.66e-01	3.45e-02	7.17e-06	0.00e+00	0.00e+00	0.00e+00	0.00e+00	0.00e+00
 6.26653e+17	9.66e-01	3.39e-02	7.11e-06	0.00e+00	0.00e+00	0.00e+00	0.00e+00	0.00e+00
 6.27102e+17	9.67e-01	3.31e-02	7.03e-06	0.00e+00	0.00e+00	0.00e+00	0.00e+00	0.00e+00
 6.27686e+17	9.69e-01	3.14e-02	6.86e-06	0.00e+00	0.00e+00	0.00e+00	0.00e+00	0.00e+00
 6.28237e+17	9.70e-01	2.99e-02	6.70e-06	0.00e+00	0.00e+00	0.00e+00	0.00e+00	0.00e+00
 6.28611e+17	9.71e-01	2.95e-02	6.64e-06	0.00e+00	0.00e+00	0.00e+00	0.00e+00	0.00e+00
 6.28966e+17	9.71e-01	2.90e-02	6.58e-06	0.00e+00	0.00e+00	0.00e+00	0.00e+00	0.00e+00
 6.29427e+17	9.73e-01	2.75e-02	6.41e-06	0.00e+00	0.00e+00	0.00e+00	0.00e+00	0.00e+00
 6.29852e+17	9.74e-01	2.61e-02	6.27e-06	0.00e+00	0.00e+00	0.00e+00	0.00e+00	0.00e+00
 6.30133e+17	9.74e-01	2.57e-02	6.21e-06	0.00e+00	0.00e+00	0.00e+00	0.00e+00	0.00e+00
 6.30398e+17	9.75e-01	2.53e-02	6.16e-06	0.00e+00	0.00e+00	0.00e+00	0.00e+00	0.00e+00
 6.30743e+17	9.76e-01	2.41e-02	6.03e-06	0.00e+00	0.00e+00	0.00e+00	0.00e+00	0.00e+00
 6.31082e+17	9.77e-01	2.29e-02	5.89e-06	0.00e+00	0.00e+00	0.00e+00	0.00e+00	0.00e+00
 6.31327e+17	9.78e-01	2.24e-02	5.83e-06	0.00e+00	0.00e+00	0.00e+00	0.00e+00	0.00e+00
 6.31557e+17	9.78e-01	2.20e-02	5.77e-06	0.00e+00	0.00e+00	0.00e+00	0.00e+00	0.00e+00
 6.31857e+17	9.79e-01	2.09e-02	5.62e-06	0.00e+00	0.00e+00	0.00e+00	0.00e+00	0.00e+00
 6.32151e+17	9.81e-01	1.94e-02	5.42e-06	0.00e+00	0.00e+00	0.00e+00	0.00e+00	0.00e+00
 6.32345e+17	9.81e-01	1.90e-02	5.36e-06	0.00e+00	0.00e+00	0.00e+00	0.00e+00	0.00e+00
 6.32503e+17	9.81e-01	1.87e-02	5.31e-06	0.00e+00	0.00e+00	0.00e+00	0.00e+00	0.00e+00
 6.32708e+17	9.82e-01	1.78e-02	5.19e-06	0.00e+00	0.00e+00	0.00e+00	0.00e+00	0.00e+00
 6.32939e+17	9.84e-01	1.62e-02	4.95e-06	0.00e+00	0.00e+00	0.00e+00	0.00e+00	0.00e+00
 6.33116e+17	9.85e-01	1.49e-02	4.73e-06	0.00e+00	0.00e+00	0.00e+00	0.00e+00	0.00e+00
 6.33221e+17	9.94e-01	5.78e-03	2.38e-06	0.00e+00	0.00e+00	0.00e+00	0.00e+00	0.00e+00
 6.33303e+17	9.94e-01	5.67e-03	2.33e-06	0.00e+00	0.00e+00	0.00e+00	0.00e+00	0.00e+00
 6.33377e+17	9.95e-01	5.49e-03	2.26e-06	0.00e+00	0.00e+00	0.00e+00	0.00e+00	0.00e+00
 6.33444e+17	9.95e-01	5.39e-03	2.22e-06	0.00e+00	0.00e+00	0.00e+00	0.00e+00	0.00e+00
 6.33518e+17	9.95e-01	5.29e-03	2.18e-06	0.00e+00	0.00e+00	0.00e+00	0.00e+00	0.00e+00
 6.33613e+17	9.95e-01	5.10e-03	2.11e-06	0.00e+00	0.00e+00	0.00e+00	0.00e+00	0.00e+00
 6.33717e+17	9.95e-01	4.87e-03	2.02e-06	0.00e+00	0.00e+00	0.00e+00	0.00e+00	0.00e+00
 6.33811e+17	9.95e-01	4.82e-03	2.01e-06	0.00e+00	0.00e+00	0.00e+00	0.00e+00	0.00e+00
 6.33914e+17	9.95e-01	4.72e-03	1.97e-06	0.00e+00	0.00e+00	0.00e+00	0.00e+00	0.00e+00
 6.34026e+17	9.95e-01	4.56e-03	1.91e-06	0.00e+00	0.00e+00	0.00e+00	0.00e+00	0.00e+00
 6.34127e+17	9.96e-01	4.46e-03	1.88e-06	0.00e+00	0.00e+00	0.00e+00	0.00e+00	0.00e+00
 6.34219e+17	9.96e-01	4.38e-03	1.85e-06	0.00e+00	0.00e+00	0.00e+00	0.00e+00	0.00e+00
 6.34320e+17	9.96e-01	4.30e-03	1.81e-06	0.00e+00	0.00e+00	0.00e+00	0.00e+00	0.00e+00
 6.34452e+17	9.96e-01	4.15e-03	1.76e-06	0.00e+00	0.00e+00	0.00e+00	0.00e+00	0.00e+00
 6.34593e+17	9.96e-01	3.99e-03	1.70e-06	0.00e+00	0.00e+00	0.00e+00	0.00e+00	0.00e+00
 6.34723e+17	9.96e-01	3.91e-03	1.67e-06	0.00e+00	0.00e+00	0.00e+00	0.00e+00	0.00e+00
 6.34840e+17	9.96e-01	3.83e-03	1.64e-06	0.00e+00	0.00e+00	0.00e+00	0.00e+00	0.00e+00
 6.34947e+17	9.96e-01	3.76e-03	1.61e-06	0.00e+00	0.00e+00	0.00e+00	0.00e+00	0.00e+00
 6.35064e+17	9.96e-01	3.69e-03	1.59e-06	0.00e+00	0.00e+00	0.00e+00	0.00e+00	0.00e+00
 6.35216e+17	9.96e-01	3.55e-03	1.54e-06	0.00e+00	0.00e+00	0.00e+00	0.00e+00	0.00e+00
 6.35381e+17	9.97e-01	3.41e-03	1.48e-06	0.00e+00	0.00e+00	0.00e+00	0.00e+00	0.00e+00
 6.35530e+17	9.97e-01	3.31e-03	1.45e-06	0.00e+00	0.00e+00	0.00e+00	0.00e+00	0.00e+00
 6.35666e+17	9.97e-01	3.24e-03	1.42e-06	0.00e+00	0.00e+00	0.00e+00	0.00e+00	0.00e+00
 6.35816e+17	9.97e-01	3.16e-03	1.39e-06	0.00e+00	0.00e+00	0.00e+00	0.00e+00	0.00e+00
 6.35977e+17	9.97e-01	3.04e-03	1.34e-06	0.00e+00	0.00e+00	0.00e+00	0.00e+00	0.00e+00
 6.36123e+17	9.97e-01	2.96e-03	1.32e-06	0.00e+00	0.00e+00	0.00e+00	0.00e+00	0.00e+00
 6.36256e+17	9.97e-01	2.90e-03	1.29e-06	0.00e+00	0.00e+00	0.00e+00	0.00e+00	0.00e+00
 6.36378e+17	9.97e-01	2.84e-03	1.27e-06	0.00e+00	0.00e+00	0.00e+00	0.00e+00	0.00e+00
 6.36511e+17	9.97e-01	2.77e-03	1.24e-06	0.00e+00	0.00e+00	0.00e+00	0.00e+00	0.00e+00
 6.36654e+17	9.97e-01	2.67e-03	1.21e-06	0.00e+00	0.00e+00	0.00e+00	0.00e+00	0.00e+00
 6.36785e+17	9.97e-01	2.62e-03	1.18e-06	0.00e+00	0.00e+00	0.00e+00	0.00e+00	0.00e+00
 6.36904e+17	9.97e-01	2.56e-03	1.16e-06	0.00e+00	0.00e+00	0.00e+00	0.00e+00	0.00e+00
 6.37017e+17	9.97e-01	2.51e-03	1.14e-06	0.00e+00	0.00e+00	0.00e+00	0.00e+00	0.00e+00
 6.37130e+17	9.98e-01	2.46e-03	1.12e-06	0.00e+00	0.00e+00	0.00e+00	0.00e+00	0.00e+00
 6.37236e+17	9.98e-01	2.32e-03	1.07e-06	0.00e+00	0.00e+00	0.00e+00	0.00e+00	0.00e+00
