#depth	S  1	S  2	S  3	S  4	S  5	S  6	S  7	S  8	S  9	S 10	S 11	S 12	S 13	S 14	S 15	S 16	S 17
 1.75958e+13	6.27e-04	3.00e-01	6.86e-01	1.31e-02	3.64e-04	2.44e-05	0.00e+00	0.00e+00	0.00e+00	0.00e+00	0.00e+00	0.00e+00	0.00e+00	0.00e+00	0.00e+00	0.00e+00	0.00e+00
 1.05575e+14	6.27e-04	3.00e-01	6.86e-01	1.31e-02	3.63e-04	2.44e-05	0.00e+00	0.00e+00	0.00e+00	0.00e+00	0.00e+00	0.00e+00	0.00e+00	0.00e+00	0.00e+00	0.00e+00	0.00e+00
 4.57490e+14	6.29e-04	3.01e-01	6.85e-01	1.31e-02	3.62e-04	2.43e-05	0.00e+00	0.00e+00	0.00e+00	0.00e+00	0.00e+00	0.00e+00	0.00e+00	0.00e+00	0.00e+00	0.00e+00	0.00e+00
 1.86515e+15	6.42e-04	3.03e-01	6.83e-01	1.30e-02	3.56e-04	2.39e-05	0.00e+00	0.00e+00	0.00e+00	0.00e+00	0.00e+00	0.00e+00	0.00e+00	0.00e+00	0.00e+00	0.00e+00	0.00e+00
 4.45524e+15	6.60e-04	3.07e-01	6.79e-01	1.29e-02	3.49e-04	2.34e-05	0.00e+00	0.00e+00	0.00e+00	0.00e+00	0.00e+00	0.00e+00	0.00e+00	0.00e+00	0.00e+00	0.00e+00	0.00e+00
 7.82237e+15	6.88e-04	3.11e-01	6.75e-01	1.25e-02	3.37e-04	2.25e-05	0.00e+00	0.00e+00	0.00e+00	0.00e+00	0.00e+00	0.00e+00	0.00e+00	0.00e+00	0.00e+00	0.00e+00	0.00e+00
 1.21996e+16	7.28e-04	3.18e-01	6.70e-01	1.16e-02	3.19e-04	2.10e-05	0.00e+00	0.00e+00	0.00e+00	0.00e+00	0.00e+00	0.00e+00	0.00e+00	0.00e+00	0.00e+00	0.00e+00	0.00e+00
 1.78568e+16	7.89e-04	3.27e-01	6.62e-01	1.03e-02	2.95e-04	1.89e-05	0.00e+00	0.00e+00	0.00e+00	0.00e+00	0.00e+00	0.00e+00	0.00e+00	0.00e+00	0.00e+00	0.00e+00	0.00e+00
 2.39694e+16	8.62e-04	3.37e-01	6.53e-01	8.94e-03	2.69e-04	1.66e-05	0.00e+00	0.00e+00	0.00e+00	0.00e+00	0.00e+00	0.00e+00	0.00e+00	0.00e+00	0.00e+00	0.00e+00	0.00e+00
 2.95454e+16	9.37e-04	3.47e-01	6.44e-01	7.71e-03	2.46e-04	1.46e-05	0.00e+00	0.00e+00	0.00e+00	0.00e+00	0.00e+00	0.00e+00	0.00e+00	0.00e+00	0.00e+00	0.00e+00	0.00e+00
 3.48770e+16	1.03e-03	3.60e-01	6.32e-01	6.51e-03	2.20e-04	1.25e-05	0.00e+00	0.00e+00	0.00e+00	0.00e+00	0.00e+00	0.00e+00	0.00e+00	0.00e+00	0.00e+00	0.00e+00	0.00e+00
 4.04302e+16	1.13e-03	3.75e-01	6.18e-01	5.38e-03	1.95e-04	1.06e-05	0.00e+00	0.00e+00	0.00e+00	0.00e+00	0.00e+00	0.00e+00	0.00e+00	0.00e+00	0.00e+00	0.00e+00	0.00e+00
 4.59743e+16	1.23e-03	3.93e-01	6.02e-01	4.38e-03	1.69e-04	8.74e-06	0.00e+00	0.00e+00	0.00e+00	0.00e+00	0.00e+00	0.00e+00	0.00e+00	0.00e+00	0.00e+00	0.00e+00	0.00e+00
 5.09795e+16	1.34e-03	4.11e-01	5.84e-01	3.56e-03	1.46e-04	7.23e-06	0.00e+00	0.00e+00	0.00e+00	0.00e+00	0.00e+00	0.00e+00	0.00e+00	0.00e+00	0.00e+00	0.00e+00	0.00e+00
 5.54044e+16	1.44e-03	4.30e-01	5.66e-01	2.91e-03	1.25e-04	5.98e-06	0.00e+00	0.00e+00	0.00e+00	0.00e+00	0.00e+00	0.00e+00	0.00e+00	0.00e+00	0.00e+00	0.00e+00	0.00e+00
 5.94723e+16	1.54e-03	4.50e-01	5.45e-01	2.36e-03	1.06e-04	4.91e-06	0.00e+00	0.00e+00	0.00e+00	0.00e+00	0.00e+00	0.00e+00	0.00e+00	0.00e+00	0.00e+00	0.00e+00	0.00e+00
 6.32026e+16	1.64e-03	4.73e-01	5.24e-01	1.91e-03	8.94e-05	4.01e-06	0.00e+00	0.00e+00	0.00e+00	0.00e+00	0.00e+00	0.00e+00	0.00e+00	0.00e+00	0.00e+00	0.00e+00	0.00e+00
 6.65113e+16	1.73e-03	4.95e-01	5.02e-01	1.55e-03	7.51e-05	3.28e-06	0.00e+00	0.00e+00	0.00e+00	0.00e+00	0.00e+00	0.00e+00	0.00e+00	0.00e+00	0.00e+00	0.00e+00	0.00e+00
 6.95124e+16	1.82e-03	5.18e-01	4.79e-01	1.26e-03	6.28e-05	2.68e-06	0.00e+00	0.00e+00	0.00e+00	0.00e+00	0.00e+00	0.00e+00	0.00e+00	0.00e+00	0.00e+00	0.00e+00	0.00e+00
 7.23707e+16	1.92e-03	5.43e-01	4.54e-01	1.02e-03	5.19e-05	2.16e-06	0.00e+00	0.00e+00	0.00e+00	0.00e+00	0.00e+00	0.00e+00	0.00e+00	0.00e+00	0.00e+00	0.00e+00	0.00e+00
 7.50663e+16	2.00e-03	5.70e-01	4.27e-01	8.15e-04	4.24e-05	1.73e-06	0.00e+00	0.00e+00	0.00e+00	0.00e+00	0.00e+00	0.00e+00	0.00e+00	0.00e+00	0.00e+00	0.00e+00	0.00e+00
 7.74592e+16	2.08e-03	5.95e-01	4.02e-01	6.58e-04	3.48e-05	1.39e-06	0.00e+00	0.00e+00	0.00e+00	0.00e+00	0.00e+00	0.00e+00	0.00e+00	0.00e+00	0.00e+00	0.00e+00	0.00e+00
 7.95190e+16	2.15e-03	6.20e-01	3.78e-01	5.38e-04	2.88e-05	1.13e-06	0.00e+00	0.00e+00	0.00e+00	0.00e+00	0.00e+00	0.00e+00	0.00e+00	0.00e+00	0.00e+00	0.00e+00	0.00e+00
 8.13322e+16	2.20e-03	6.42e-01	3.56e-01	4.47e-04	2.41e-05	9.28e-07	0.00e+00	0.00e+00	0.00e+00	0.00e+00	0.00e+00	0.00e+00	0.00e+00	0.00e+00	0.00e+00	0.00e+00	0.00e+00
 8.30028e+16	2.25e-03	6.63e-01	3.34e-01	3.74e-04	2.02e-05	0.00e+00	0.00e+00	0.00e+00	0.00e+00	0.00e+00	0.00e+00	0.00e+00	0.00e+00	0.00e+00	0.00e+00	0.00e+00	0.00e+00
 8.45900e+16	2.28e-03	6.84e-01	3.14e-01	3.14e-04	1.70e-05	0.00e+00	0.00e+00	0.00e+00	0.00e+00	0.00e+00	0.00e+00	0.00e+00	0.00e+00	0.00e+00	0.00e+00	0.00e+00	0.00e+00
 8.60821e+16	2.30e-03	7.03e-01	2.95e-01	2.66e-04	1.44e-05	0.00e+00	0.00e+00	0.00e+00	0.00e+00	0.00e+00	0.00e+00	0.00e+00	0.00e+00	0.00e+00	0.00e+00	0.00e+00	0.00e+00
 8.74152e+16	2.31e-03	7.19e-01	2.78e-01	2.30e-04	1.24e-05	0.00e+00	0.00e+00	0.00e+00	0.00e+00	0.00e+00	0.00e+00	0.00e+00	0.00e+00	0.00e+00	0.00e+00	0.00e+00	0.00e+00
 8.85559e+16	2.31e-03	7.33e-01	2.64e-01	2.02e-04	1.09e-05	0.00e+00	0.00e+00	0.00e+00	0.00e+00	0.00e+00	0.00e+00	0.00e+00	0.00e+00	0.00e+00	0.00e+00	0.00e+00	0.00e+00
 8.95560e+16	2.31e-03	7.45e-01	2.53e-01	1.81e-04	9.79e-06	0.00e+00	0.00e+00	0.00e+00	0.00e+00	0.00e+00	0.00e+00	0.00e+00	0.00e+00	0.00e+00	0.00e+00	0.00e+00	0.00e+00
 9.04901e+16	2.29e-03	7.55e-01	2.42e-01	1.64e-04	8.84e-06	0.00e+00	0.00e+00	0.00e+00	0.00e+00	0.00e+00	0.00e+00	0.00e+00	0.00e+00	0.00e+00	0.00e+00	0.00e+00	0.00e+00
 9.13947e+16	2.28e-03	7.65e-01	2.33e-01	1.49e-04	8.02e-06	0.00e+00	0.00e+00	0.00e+00	0.00e+00	0.00e+00	0.00e+00	0.00e+00	0.00e+00	0.00e+00	0.00e+00	0.00e+00	0.00e+00
 9.22663e+16	2.26e-03	7.73e-01	2.24e-01	1.37e-04	7.33e-06	0.00e+00	0.00e+00	0.00e+00	0.00e+00	0.00e+00	0.00e+00	0.00e+00	0.00e+00	0.00e+00	0.00e+00	0.00e+00	0.00e+00
 9.30952e+16	2.23e-03	7.81e-01	2.17e-01	1.26e-04	6.74e-06	0.00e+00	0.00e+00	0.00e+00	0.00e+00	0.00e+00	0.00e+00	0.00e+00	0.00e+00	0.00e+00	0.00e+00	0.00e+00	0.00e+00
 9.37401e+16	2.21e-03	7.86e-01	2.12e-01	1.19e-04	6.35e-06	0.00e+00	0.00e+00	0.00e+00	0.00e+00	0.00e+00	0.00e+00	0.00e+00	0.00e+00	0.00e+00	0.00e+00	0.00e+00	0.00e+00
 9.41724e+16	2.20e-03	7.89e-01	2.08e-01	1.15e-04	6.12e-06	0.00e+00	0.00e+00	0.00e+00	0.00e+00	0.00e+00	0.00e+00	0.00e+00	0.00e+00	0.00e+00	0.00e+00	0.00e+00	0.00e+00
 9.45959e+16	2.18e-03	7.93e-01	2.05e-01	1.10e-04	5.87e-06	0.00e+00	0.00e+00	0.00e+00	0.00e+00	0.00e+00	0.00e+00	0.00e+00	0.00e+00	0.00e+00	0.00e+00	0.00e+00	0.00e+00
 9.50948e+16	2.16e-03	7.96e-01	2.02e-01	1.06e-04	5.63e-06	0.00e+00	0.00e+00	0.00e+00	0.00e+00	0.00e+00	0.00e+00	0.00e+00	0.00e+00	0.00e+00	0.00e+00	0.00e+00	0.00e+00
 9.56389e+16	2.14e-03	8.00e-01	1.98e-01	1.00e-04	5.34e-06	0.00e+00	0.00e+00	0.00e+00	0.00e+00	0.00e+00	0.00e+00	0.00e+00	0.00e+00	0.00e+00	0.00e+00	0.00e+00	0.00e+00
 9.61683e+16	2.11e-03	8.03e-01	1.95e-01	9.66e-05	5.14e-06	0.00e+00	0.00e+00	0.00e+00	0.00e+00	0.00e+00	0.00e+00	0.00e+00	0.00e+00	0.00e+00	0.00e+00	0.00e+00	0.00e+00
 9.66746e+16	2.10e-03	8.06e-01	1.91e-01	9.24e-05	4.91e-06	0.00e+00	0.00e+00	0.00e+00	0.00e+00	0.00e+00	0.00e+00	0.00e+00	0.00e+00	0.00e+00	0.00e+00	0.00e+00	0.00e+00
 9.71807e+16	2.06e-03	8.09e-01	1.89e-01	8.91e-05	4.74e-06	0.00e+00	0.00e+00	0.00e+00	0.00e+00	0.00e+00	0.00e+00	0.00e+00	0.00e+00	0.00e+00	0.00e+00	0.00e+00	0.00e+00
 9.77019e+16	2.04e-03	8.12e-01	1.86e-01	8.53e-05	4.54e-06	0.00e+00	0.00e+00	0.00e+00	0.00e+00	0.00e+00	0.00e+00	0.00e+00	0.00e+00	0.00e+00	0.00e+00	0.00e+00	0.00e+00
 9.82326e+16	2.01e-03	8.14e-01	1.84e-01	8.23e-05	4.39e-06	0.00e+00	0.00e+00	0.00e+00	0.00e+00	0.00e+00	0.00e+00	0.00e+00	0.00e+00	0.00e+00	0.00e+00	0.00e+00	0.00e+00
 9.87649e+16	1.99e-03	8.16e-01	1.82e-01	7.90e-05	4.21e-06	0.00e+00	0.00e+00	0.00e+00	0.00e+00	0.00e+00	0.00e+00	0.00e+00	0.00e+00	0.00e+00	0.00e+00	0.00e+00	0.00e+00
 9.92997e+16	1.95e-03	8.18e-01	1.80e-01	7.63e-05	4.08e-06	0.00e+00	0.00e+00	0.00e+00	0.00e+00	0.00e+00	0.00e+00	0.00e+00	0.00e+00	0.00e+00	0.00e+00	0.00e+00	0.00e+00
 9.98381e+16	1.93e-03	8.20e-01	1.78e-01	7.33e-05	3.93e-06	0.00e+00	0.00e+00	0.00e+00	0.00e+00	0.00e+00	0.00e+00	0.00e+00	0.00e+00	0.00e+00	0.00e+00	0.00e+00	0.00e+00
 1.00380e+17	1.89e-03	8.21e-01	1.77e-01	7.10e-05	3.82e-06	0.00e+00	0.00e+00	0.00e+00	0.00e+00	0.00e+00	0.00e+00	0.00e+00	0.00e+00	0.00e+00	0.00e+00	0.00e+00	0.00e+00
 1.00928e+17	1.87e-03	8.23e-01	1.75e-01	6.83e-05	3.68e-06	0.00e+00	0.00e+00	0.00e+00	0.00e+00	0.00e+00	0.00e+00	0.00e+00	0.00e+00	0.00e+00	0.00e+00	0.00e+00	0.00e+00
 1.01481e+17	1.83e-03	8.24e-01	1.74e-01	6.62e-05	3.58e-06	0.00e+00	0.00e+00	0.00e+00	0.00e+00	0.00e+00	0.00e+00	0.00e+00	0.00e+00	0.00e+00	0.00e+00	0.00e+00	0.00e+00
 1.02039e+17	1.80e-03	8.26e-01	1.72e-01	6.38e-05	3.46e-06	0.00e+00	0.00e+00	0.00e+00	0.00e+00	0.00e+00	0.00e+00	0.00e+00	0.00e+00	0.00e+00	0.00e+00	0.00e+00	0.00e+00
 1.02601e+17	1.76e-03	8.26e-01	1.72e-01	6.20e-05	3.38e-06	0.00e+00	0.00e+00	0.00e+00	0.00e+00	0.00e+00	0.00e+00	0.00e+00	0.00e+00	0.00e+00	0.00e+00	0.00e+00	0.00e+00
 1.03170e+17	1.73e-03	8.28e-01	1.71e-01	5.98e-05	3.27e-06	0.00e+00	0.00e+00	0.00e+00	0.00e+00	0.00e+00	0.00e+00	0.00e+00	0.00e+00	0.00e+00	0.00e+00	0.00e+00	0.00e+00
 1.03744e+17	1.69e-03	8.28e-01	1.70e-01	5.82e-05	3.20e-06	0.00e+00	0.00e+00	0.00e+00	0.00e+00	0.00e+00	0.00e+00	0.00e+00	0.00e+00	0.00e+00	0.00e+00	0.00e+00	0.00e+00
 1.04324e+17	1.66e-03	8.29e-01	1.69e-01	5.62e-05	3.11e-06	0.00e+00	0.00e+00	0.00e+00	0.00e+00	0.00e+00	0.00e+00	0.00e+00	0.00e+00	0.00e+00	0.00e+00	0.00e+00	0.00e+00
 1.04908e+17	1.62e-03	8.29e-01	1.69e-01	5.47e-05	3.04e-06	0.00e+00	0.00e+00	0.00e+00	0.00e+00	0.00e+00	0.00e+00	0.00e+00	0.00e+00	0.00e+00	0.00e+00	0.00e+00	0.00e+00
 1.05494e+17	1.59e-03	8.30e-01	1.69e-01	5.30e-05	2.96e-06	0.00e+00	0.00e+00	0.00e+00	0.00e+00	0.00e+00	0.00e+00	0.00e+00	0.00e+00	0.00e+00	0.00e+00	0.00e+00	0.00e+00
 1.06087e+17	1.55e-03	8.29e-01	1.69e-01	5.16e-05	2.90e-06	0.00e+00	0.00e+00	0.00e+00	0.00e+00	0.00e+00	0.00e+00	0.00e+00	0.00e+00	0.00e+00	0.00e+00	0.00e+00	0.00e+00
 1.06689e+17	1.52e-03	8.30e-01	1.69e-01	5.01e-05	2.83e-06	0.00e+00	0.00e+00	0.00e+00	0.00e+00	0.00e+00	0.00e+00	0.00e+00	0.00e+00	0.00e+00	0.00e+00	0.00e+00	0.00e+00
 1.07296e+17	1.48e-03	8.29e-01	1.69e-01	4.89e-05	2.79e-06	0.00e+00	0.00e+00	0.00e+00	0.00e+00	0.00e+00	0.00e+00	0.00e+00	0.00e+00	0.00e+00	0.00e+00	0.00e+00	0.00e+00
 1.07893e+17	1.45e-03	8.29e-01	1.69e-01	4.74e-05	2.71e-06	0.00e+00	0.00e+00	0.00e+00	0.00e+00	0.00e+00	0.00e+00	0.00e+00	0.00e+00	0.00e+00	0.00e+00	0.00e+00	0.00e+00
 1.08476e+17	1.42e-03	8.29e-01	1.69e-01	4.63e-05	2.67e-06	0.00e+00	0.00e+00	0.00e+00	0.00e+00	0.00e+00	0.00e+00	0.00e+00	0.00e+00	0.00e+00	0.00e+00	0.00e+00	0.00e+00
 1.09074e+17	1.38e-03	8.28e-01	1.70e-01	4.53e-05	2.63e-06	0.00e+00	0.00e+00	0.00e+00	0.00e+00	0.00e+00	0.00e+00	0.00e+00	0.00e+00	0.00e+00	0.00e+00	0.00e+00	0.00e+00
 1.09696e+17	1.35e-03	8.28e-01	1.70e-01	4.40e-05	2.57e-06	0.00e+00	0.00e+00	0.00e+00	0.00e+00	0.00e+00	0.00e+00	0.00e+00	0.00e+00	0.00e+00	0.00e+00	0.00e+00	0.00e+00
 1.10303e+17	1.31e-03	8.27e-01	1.72e-01	4.32e-05	2.55e-06	0.00e+00	0.00e+00	0.00e+00	0.00e+00	0.00e+00	0.00e+00	0.00e+00	0.00e+00	0.00e+00	0.00e+00	0.00e+00	0.00e+00
 1.10897e+17	1.29e-03	8.27e-01	1.72e-01	4.20e-05	2.49e-06	0.00e+00	0.00e+00	0.00e+00	0.00e+00	0.00e+00	0.00e+00	0.00e+00	0.00e+00	0.00e+00	0.00e+00	0.00e+00	0.00e+00
 1.11490e+17	1.26e-03	8.25e-01	1.73e-01	4.13e-05	2.47e-06	0.00e+00	0.00e+00	0.00e+00	0.00e+00	0.00e+00	0.00e+00	0.00e+00	0.00e+00	0.00e+00	0.00e+00	0.00e+00	0.00e+00
 1.12089e+17	1.23e-03	8.25e-01	1.74e-01	4.03e-05	2.43e-06	0.00e+00	0.00e+00	0.00e+00	0.00e+00	0.00e+00	0.00e+00	0.00e+00	0.00e+00	0.00e+00	0.00e+00	0.00e+00	0.00e+00
 1.12720e+17	1.20e-03	8.24e-01	1.75e-01	3.95e-05	2.40e-06	0.00e+00	0.00e+00	0.00e+00	0.00e+00	0.00e+00	0.00e+00	0.00e+00	0.00e+00	0.00e+00	0.00e+00	0.00e+00	0.00e+00
 1.13399e+17	1.18e-03	8.24e-01	1.75e-01	3.85e-05	2.36e-06	0.00e+00	0.00e+00	0.00e+00	0.00e+00	0.00e+00	0.00e+00	0.00e+00	0.00e+00	0.00e+00	0.00e+00	0.00e+00	0.00e+00
 1.14080e+17	1.14e-03	8.22e-01	1.77e-01	3.77e-05	2.33e-06	0.00e+00	0.00e+00	0.00e+00	0.00e+00	0.00e+00	0.00e+00	0.00e+00	0.00e+00	0.00e+00	0.00e+00	0.00e+00	0.00e+00
 1.14689e+17	1.11e-03	8.20e-01	1.78e-01	3.70e-05	2.31e-06	0.00e+00	0.00e+00	0.00e+00	0.00e+00	0.00e+00	0.00e+00	0.00e+00	0.00e+00	0.00e+00	0.00e+00	0.00e+00	0.00e+00
 1.15276e+17	1.09e-03	8.20e-01	1.79e-01	3.64e-05	2.29e-06	0.00e+00	0.00e+00	0.00e+00	0.00e+00	0.00e+00	0.00e+00	0.00e+00	0.00e+00	0.00e+00	0.00e+00	0.00e+00	0.00e+00
 1.15960e+17	1.07e-03	8.19e-01	1.80e-01	3.55e-05	2.25e-06	0.00e+00	0.00e+00	0.00e+00	0.00e+00	0.00e+00	0.00e+00	0.00e+00	0.00e+00	0.00e+00	0.00e+00	0.00e+00	0.00e+00
 1.16732e+17	1.04e-03	8.17e-01	1.81e-01	3.47e-05	2.22e-06	0.00e+00	0.00e+00	0.00e+00	0.00e+00	0.00e+00	0.00e+00	0.00e+00	0.00e+00	0.00e+00	0.00e+00	0.00e+00	0.00e+00
 1.17486e+17	1.01e-03	8.16e-01	1.83e-01	3.39e-05	2.18e-06	0.00e+00	0.00e+00	0.00e+00	0.00e+00	0.00e+00	0.00e+00	0.00e+00	0.00e+00	0.00e+00	0.00e+00	0.00e+00	0.00e+00
 1.18188e+17	9.89e-04	8.15e-01	1.84e-01	3.33e-05	2.16e-06	0.00e+00	0.00e+00	0.00e+00	0.00e+00	0.00e+00	0.00e+00	0.00e+00	0.00e+00	0.00e+00	0.00e+00	0.00e+00	0.00e+00
 1.18921e+17	9.68e-04	8.14e-01	1.85e-01	3.26e-05	2.13e-06	0.00e+00	0.00e+00	0.00e+00	0.00e+00	0.00e+00	0.00e+00	0.00e+00	0.00e+00	0.00e+00	0.00e+00	0.00e+00	0.00e+00
 1.19696e+17	9.50e-04	8.13e-01	1.86e-01	3.19e-05	2.10e-06	0.00e+00	0.00e+00	0.00e+00	0.00e+00	0.00e+00	0.00e+00	0.00e+00	0.00e+00	0.00e+00	0.00e+00	0.00e+00	0.00e+00
 1.20506e+17	9.25e-04	8.12e-01	1.87e-01	3.12e-05	2.07e-06	0.00e+00	0.00e+00	0.00e+00	0.00e+00	0.00e+00	0.00e+00	0.00e+00	0.00e+00	0.00e+00	0.00e+00	0.00e+00	0.00e+00
 1.21312e+17	9.07e-04	8.11e-01	1.88e-01	3.05e-05	2.04e-06	0.00e+00	0.00e+00	0.00e+00	0.00e+00	0.00e+00	0.00e+00	0.00e+00	0.00e+00	0.00e+00	0.00e+00	0.00e+00	0.00e+00
 1.22101e+17	8.99e-04	8.11e-01	1.88e-01	2.99e-05	2.00e-06	0.00e+00	0.00e+00	0.00e+00	0.00e+00	0.00e+00	0.00e+00	0.00e+00	0.00e+00	0.00e+00	0.00e+00	0.00e+00	0.00e+00
 1.22932e+17	8.75e-04	8.09e-01	1.90e-01	2.92e-05	1.98e-06	0.00e+00	0.00e+00	0.00e+00	0.00e+00	0.00e+00	0.00e+00	0.00e+00	0.00e+00	0.00e+00	0.00e+00	0.00e+00	0.00e+00
 1.23721e+17	8.65e-04	8.09e-01	1.90e-01	2.86e-05	1.94e-06	0.00e+00	0.00e+00	0.00e+00	0.00e+00	0.00e+00	0.00e+00	0.00e+00	0.00e+00	0.00e+00	0.00e+00	0.00e+00	0.00e+00
 1.24487e+17	8.53e-04	8.09e-01	1.91e-01	2.81e-05	1.91e-06	0.00e+00	0.00e+00	0.00e+00	0.00e+00	0.00e+00	0.00e+00	0.00e+00	0.00e+00	0.00e+00	0.00e+00	0.00e+00	0.00e+00
 1.25335e+17	8.46e-04	8.09e-01	1.90e-01	2.74e-05	1.87e-06	0.00e+00	0.00e+00	0.00e+00	0.00e+00	0.00e+00	0.00e+00	0.00e+00	0.00e+00	0.00e+00	0.00e+00	0.00e+00	0.00e+00
 1.26201e+17	8.37e-04	8.09e-01	1.90e-01	2.68e-05	1.83e-06	0.00e+00	0.00e+00	0.00e+00	0.00e+00	0.00e+00	0.00e+00	0.00e+00	0.00e+00	0.00e+00	0.00e+00	0.00e+00	0.00e+00
 1.27011e+17	8.23e-04	8.08e-01	1.91e-01	2.63e-05	1.81e-06	0.00e+00	0.00e+00	0.00e+00	0.00e+00	0.00e+00	0.00e+00	0.00e+00	0.00e+00	0.00e+00	0.00e+00	0.00e+00	0.00e+00
 1.27815e+17	8.23e-04	8.09e-01	1.90e-01	2.57e-05	1.77e-06	0.00e+00	0.00e+00	0.00e+00	0.00e+00	0.00e+00	0.00e+00	0.00e+00	0.00e+00	0.00e+00	0.00e+00	0.00e+00	0.00e+00
 1.28630e+17	8.10e-04	8.08e-01	1.91e-01	2.52e-05	1.74e-06	0.00e+00	0.00e+00	0.00e+00	0.00e+00	0.00e+00	0.00e+00	0.00e+00	0.00e+00	0.00e+00	0.00e+00	0.00e+00	0.00e+00
 1.29432e+17	8.09e-04	8.09e-01	1.90e-01	2.46e-05	1.70e-06	0.00e+00	0.00e+00	0.00e+00	0.00e+00	0.00e+00	0.00e+00	0.00e+00	0.00e+00	0.00e+00	0.00e+00	0.00e+00	0.00e+00
 1.30195e+17	8.02e-04	8.09e-01	1.90e-01	2.41e-05	1.67e-06	0.00e+00	0.00e+00	0.00e+00	0.00e+00	0.00e+00	0.00e+00	0.00e+00	0.00e+00	0.00e+00	0.00e+00	0.00e+00	0.00e+00
 1.30939e+17	8.02e-04	8.10e-01	1.89e-01	2.36e-05	1.63e-06	0.00e+00	0.00e+00	0.00e+00	0.00e+00	0.00e+00	0.00e+00	0.00e+00	0.00e+00	0.00e+00	0.00e+00	0.00e+00	0.00e+00
 1.31666e+17	8.00e-04	8.11e-01	1.88e-01	2.31e-05	1.59e-06	0.00e+00	0.00e+00	0.00e+00	0.00e+00	0.00e+00	0.00e+00	0.00e+00	0.00e+00	0.00e+00	0.00e+00	0.00e+00	0.00e+00
 1.32361e+17	8.03e-04	8.12e-01	1.87e-01	2.27e-05	1.56e-06	0.00e+00	0.00e+00	0.00e+00	0.00e+00	0.00e+00	0.00e+00	0.00e+00	0.00e+00	0.00e+00	0.00e+00	0.00e+00	0.00e+00
 1.33069e+17	7.98e-04	8.12e-01	1.87e-01	2.23e-05	1.53e-06	0.00e+00	0.00e+00	0.00e+00	0.00e+00	0.00e+00	0.00e+00	0.00e+00	0.00e+00	0.00e+00	0.00e+00	0.00e+00	0.00e+00
 1.33827e+17	7.96e-04	8.13e-01	1.86e-01	2.18e-05	1.50e-06	0.00e+00	0.00e+00	0.00e+00	0.00e+00	0.00e+00	0.00e+00	0.00e+00	0.00e+00	0.00e+00	0.00e+00	0.00e+00	0.00e+00
 1.34546e+17	7.92e-04	8.13e-01	1.86e-01	2.13e-05	1.47e-06	0.00e+00	0.00e+00	0.00e+00	0.00e+00	0.00e+00	0.00e+00	0.00e+00	0.00e+00	0.00e+00	0.00e+00	0.00e+00	0.00e+00
 1.35184e+17	7.93e-04	8.14e-01	1.85e-01	2.09e-05	1.43e-06	0.00e+00	0.00e+00	0.00e+00	0.00e+00	0.00e+00	0.00e+00	0.00e+00	0.00e+00	0.00e+00	0.00e+00	0.00e+00	0.00e+00
 1.35814e+17	7.96e-04	8.15e-01	1.84e-01	2.05e-05	1.40e-06	0.00e+00	0.00e+00	0.00e+00	0.00e+00	0.00e+00	0.00e+00	0.00e+00	0.00e+00	0.00e+00	0.00e+00	0.00e+00	0.00e+00
 1.36433e+17	7.95e-04	8.16e-01	1.83e-01	2.01e-05	1.37e-06	0.00e+00	0.00e+00	0.00e+00	0.00e+00	0.00e+00	0.00e+00	0.00e+00	0.00e+00	0.00e+00	0.00e+00	0.00e+00	0.00e+00
 1.37038e+17	8.00e-04	8.17e-01	1.82e-01	1.98e-05	1.35e-06	0.00e+00	0.00e+00	0.00e+00	0.00e+00	0.00e+00	0.00e+00	0.00e+00	0.00e+00	0.00e+00	0.00e+00	0.00e+00	0.00e+00
 1.37672e+17	8.03e-04	8.19e-01	1.80e-01	1.93e-05	1.30e-06	0.00e+00	0.00e+00	0.00e+00	0.00e+00	0.00e+00	0.00e+00	0.00e+00	0.00e+00	0.00e+00	0.00e+00	0.00e+00	0.00e+00
 1.38267e+17	8.01e-04	8.19e-01	1.80e-01	1.89e-05	1.28e-06	0.00e+00	0.00e+00	0.00e+00	0.00e+00	0.00e+00	0.00e+00	0.00e+00	0.00e+00	0.00e+00	0.00e+00	0.00e+00	0.00e+00
 1.38761e+17	8.04e-04	8.20e-01	1.79e-01	1.86e-05	1.25e-06	0.00e+00	0.00e+00	0.00e+00	0.00e+00	0.00e+00	0.00e+00	0.00e+00	0.00e+00	0.00e+00	0.00e+00	0.00e+00	0.00e+00
 1.39244e+17	8.09e-04	8.22e-01	1.78e-01	1.84e-05	1.23e-06	0.00e+00	0.00e+00	0.00e+00	0.00e+00	0.00e+00	0.00e+00	0.00e+00	0.00e+00	0.00e+00	0.00e+00	0.00e+00	0.00e+00
 1.39785e+17	8.13e-04	8.23e-01	1.76e-01	1.79e-05	1.19e-06	0.00e+00	0.00e+00	0.00e+00	0.00e+00	0.00e+00	0.00e+00	0.00e+00	0.00e+00	0.00e+00	0.00e+00	0.00e+00	0.00e+00
 1.40316e+17	8.11e-04	8.23e-01	1.76e-01	1.76e-05	1.17e-06	0.00e+00	0.00e+00	0.00e+00	0.00e+00	0.00e+00	0.00e+00	0.00e+00	0.00e+00	0.00e+00	0.00e+00	0.00e+00	0.00e+00
 1.40759e+17	8.15e-04	8.24e-01	1.75e-01	1.73e-05	1.14e-06	0.00e+00	0.00e+00	0.00e+00	0.00e+00	0.00e+00	0.00e+00	0.00e+00	0.00e+00	0.00e+00	0.00e+00	0.00e+00	0.00e+00
 1.41166e+17	8.21e-04	8.26e-01	1.73e-01	1.70e-05	1.12e-06	0.00e+00	0.00e+00	0.00e+00	0.00e+00	0.00e+00	0.00e+00	0.00e+00	0.00e+00	0.00e+00	0.00e+00	0.00e+00	0.00e+00
 1.41632e+17	8.26e-04	8.27e-01	1.72e-01	1.66e-05	1.09e-06	0.00e+00	0.00e+00	0.00e+00	0.00e+00	0.00e+00	0.00e+00	0.00e+00	0.00e+00	0.00e+00	0.00e+00	0.00e+00	0.00e+00
 1.42096e+17	8.28e-04	8.28e-01	1.71e-01	1.63e-05	1.07e-06	0.00e+00	0.00e+00	0.00e+00	0.00e+00	0.00e+00	0.00e+00	0.00e+00	0.00e+00	0.00e+00	0.00e+00	0.00e+00	0.00e+00
 1.42473e+17	8.33e-04	8.29e-01	1.70e-01	1.61e-05	1.05e-06	0.00e+00	0.00e+00	0.00e+00	0.00e+00	0.00e+00	0.00e+00	0.00e+00	0.00e+00	0.00e+00	0.00e+00	0.00e+00	0.00e+00
 1.42851e+17	8.39e-04	8.30e-01	1.69e-01	1.58e-05	1.02e-06	0.00e+00	0.00e+00	0.00e+00	0.00e+00	0.00e+00	0.00e+00	0.00e+00	0.00e+00	0.00e+00	0.00e+00	0.00e+00	0.00e+00
 1.43221e+17	8.43e-04	8.31e-01	1.68e-01	1.55e-05	9.95e-07	0.00e+00	0.00e+00	0.00e+00	0.00e+00	0.00e+00	0.00e+00	0.00e+00	0.00e+00	0.00e+00	0.00e+00	0.00e+00	0.00e+00
 1.43540e+17	8.43e-04	8.32e-01	1.67e-01	1.54e-05	0.00e+00	0.00e+00	0.00e+00	0.00e+00	0.00e+00	0.00e+00	0.00e+00	0.00e+00	0.00e+00	0.00e+00	0.00e+00	0.00e+00	0.00e+00
 1.43884e+17	8.42e-04	8.32e-01	1.67e-01	1.52e-05	0.00e+00	0.00e+00	0.00e+00	0.00e+00	0.00e+00	0.00e+00	0.00e+00	0.00e+00	0.00e+00	0.00e+00	0.00e+00	0.00e+00	0.00e+00
 1.44306e+17	8.55e-04	8.35e-01	1.65e-01	1.47e-05	0.00e+00	0.00e+00	0.00e+00	0.00e+00	0.00e+00	0.00e+00	0.00e+00	0.00e+00	0.00e+00	0.00e+00	0.00e+00	0.00e+00	0.00e+00
 1.44677e+17	8.59e-04	8.36e-01	1.64e-01	1.44e-05	0.00e+00	0.00e+00	0.00e+00	0.00e+00	0.00e+00	0.00e+00	0.00e+00	0.00e+00	0.00e+00	0.00e+00	0.00e+00	0.00e+00	0.00e+00
 1.44935e+17	8.58e-04	8.36e-01	1.63e-01	1.43e-05	0.00e+00	0.00e+00	0.00e+00	0.00e+00	0.00e+00	0.00e+00	0.00e+00	0.00e+00	0.00e+00	0.00e+00	0.00e+00	0.00e+00	0.00e+00
 1.45193e+17	8.70e-04	8.38e-01	1.61e-01	1.40e-05	0.00e+00	0.00e+00	0.00e+00	0.00e+00	0.00e+00	0.00e+00	0.00e+00	0.00e+00	0.00e+00	0.00e+00	0.00e+00	0.00e+00	0.00e+00
 1.45471e+17	8.74e-04	8.39e-01	1.60e-01	1.38e-05	0.00e+00	0.00e+00	0.00e+00	0.00e+00	0.00e+00	0.00e+00	0.00e+00	0.00e+00	0.00e+00	0.00e+00	0.00e+00	0.00e+00	0.00e+00
 1.45746e+17	8.81e-04	8.40e-01	1.59e-01	1.35e-05	0.00e+00	0.00e+00	0.00e+00	0.00e+00	0.00e+00	0.00e+00	0.00e+00	0.00e+00	0.00e+00	0.00e+00	0.00e+00	0.00e+00	0.00e+00
 1.46001e+17	8.80e-04	8.40e-01	1.59e-01	1.33e-05	0.00e+00	0.00e+00	0.00e+00	0.00e+00	0.00e+00	0.00e+00	0.00e+00	0.00e+00	0.00e+00	0.00e+00	0.00e+00	0.00e+00	0.00e+00
 1.46237e+17	8.94e-04	8.42e-01	1.57e-01	1.30e-05	0.00e+00	0.00e+00	0.00e+00	0.00e+00	0.00e+00	0.00e+00	0.00e+00	0.00e+00	0.00e+00	0.00e+00	0.00e+00	0.00e+00	0.00e+00
 1.46459e+17	8.93e-04	8.43e-01	1.56e-01	1.29e-05	0.00e+00	0.00e+00	0.00e+00	0.00e+00	0.00e+00	0.00e+00	0.00e+00	0.00e+00	0.00e+00	0.00e+00	0.00e+00	0.00e+00	0.00e+00
 1.46669e+17	9.06e-04	8.45e-01	1.54e-01	1.26e-05	0.00e+00	0.00e+00	0.00e+00	0.00e+00	0.00e+00	0.00e+00	0.00e+00	0.00e+00	0.00e+00	0.00e+00	0.00e+00	0.00e+00	0.00e+00
 1.46869e+17	9.05e-04	8.45e-01	1.54e-01	1.24e-05	0.00e+00	0.00e+00	0.00e+00	0.00e+00	0.00e+00	0.00e+00	0.00e+00	0.00e+00	0.00e+00	0.00e+00	0.00e+00	0.00e+00	0.00e+00
 1.47065e+17	9.21e-04	8.47e-01	1.52e-01	1.22e-05	0.00e+00	0.00e+00	0.00e+00	0.00e+00	0.00e+00	0.00e+00	0.00e+00	0.00e+00	0.00e+00	0.00e+00	0.00e+00	0.00e+00	0.00e+00
 1.47254e+17	9.20e-04	8.48e-01	1.52e-01	1.20e-05	0.00e+00	0.00e+00	0.00e+00	0.00e+00	0.00e+00	0.00e+00	0.00e+00	0.00e+00	0.00e+00	0.00e+00	0.00e+00	0.00e+00	0.00e+00
 1.47430e+17	9.35e-04	8.50e-01	1.49e-01	1.17e-05	0.00e+00	0.00e+00	0.00e+00	0.00e+00	0.00e+00	0.00e+00	0.00e+00	0.00e+00	0.00e+00	0.00e+00	0.00e+00	0.00e+00	0.00e+00
 1.47595e+17	9.34e-04	8.50e-01	1.49e-01	1.16e-05	0.00e+00	0.00e+00	0.00e+00	0.00e+00	0.00e+00	0.00e+00	0.00e+00	0.00e+00	0.00e+00	0.00e+00	0.00e+00	0.00e+00	0.00e+00
 1.47756e+17	9.44e-04	8.52e-01	1.47e-01	1.13e-05	0.00e+00	0.00e+00	0.00e+00	0.00e+00	0.00e+00	0.00e+00	0.00e+00	0.00e+00	0.00e+00	0.00e+00	0.00e+00	0.00e+00	0.00e+00
 1.47915e+17	9.55e-04	8.53e-01	1.46e-01	1.12e-05	0.00e+00	0.00e+00	0.00e+00	0.00e+00	0.00e+00	0.00e+00	0.00e+00	0.00e+00	0.00e+00	0.00e+00	0.00e+00	0.00e+00	0.00e+00
 1.48062e+17	9.60e-04	8.54e-01	1.45e-01	1.09e-05	0.00e+00	0.00e+00	0.00e+00	0.00e+00	0.00e+00	0.00e+00	0.00e+00	0.00e+00	0.00e+00	0.00e+00	0.00e+00	0.00e+00	0.00e+00
 1.48200e+17	9.71e-04	8.56e-01	1.43e-01	1.07e-05	0.00e+00	0.00e+00	0.00e+00	0.00e+00	0.00e+00	0.00e+00	0.00e+00	0.00e+00	0.00e+00	0.00e+00	0.00e+00	0.00e+00	0.00e+00
 1.48298e+17	9.83e-04	8.58e-01	1.41e-01	1.06e-05	0.00e+00	0.00e+00	0.00e+00	0.00e+00	0.00e+00	0.00e+00	0.00e+00	0.00e+00	0.00e+00	0.00e+00	0.00e+00	0.00e+00	0.00e+00
 1.48367e+17	9.83e-04	8.58e-01	1.41e-01	1.05e-05	0.00e+00	0.00e+00	0.00e+00	0.00e+00	0.00e+00	0.00e+00	0.00e+00	0.00e+00	0.00e+00	0.00e+00	0.00e+00	0.00e+00	0.00e+00
 1.48427e+17	9.85e-04	8.58e-01	1.41e-01	1.04e-05	0.00e+00	0.00e+00	0.00e+00	0.00e+00	0.00e+00	0.00e+00	0.00e+00	0.00e+00	0.00e+00	0.00e+00	0.00e+00	0.00e+00	0.00e+00
 1.48488e+17	9.95e-04	8.60e-01	1.39e-01	1.03e-05	0.00e+00	0.00e+00	0.00e+00	0.00e+00	0.00e+00	0.00e+00	0.00e+00	0.00e+00	0.00e+00	0.00e+00	0.00e+00	0.00e+00	0.00e+00
 1.48553e+17	9.99e-04	8.60e-01	1.39e-01	1.02e-05	0.00e+00	0.00e+00	0.00e+00	0.00e+00	0.00e+00	0.00e+00	0.00e+00	0.00e+00	0.00e+00	0.00e+00	0.00e+00	0.00e+00	0.00e+00
 1.48621e+17	1.00e-03	8.61e-01	1.38e-01	1.01e-05	0.00e+00	0.00e+00	0.00e+00	0.00e+00	0.00e+00	0.00e+00	0.00e+00	0.00e+00	0.00e+00	0.00e+00	0.00e+00	0.00e+00	0.00e+00
 1.48687e+17	1.01e-03	8.62e-01	1.37e-01	9.99e-06	0.00e+00	0.00e+00	0.00e+00	0.00e+00	0.00e+00	0.00e+00	0.00e+00	0.00e+00	0.00e+00	0.00e+00	0.00e+00	0.00e+00	0.00e+00
 1.48752e+17	1.02e-03	8.63e-01	1.36e-01	9.90e-06	0.00e+00	0.00e+00	0.00e+00	0.00e+00	0.00e+00	0.00e+00	0.00e+00	0.00e+00	0.00e+00	0.00e+00	0.00e+00	0.00e+00	0.00e+00
 1.48822e+17	1.02e-03	8.64e-01	1.35e-01	9.78e-06	0.00e+00	0.00e+00	0.00e+00	0.00e+00	0.00e+00	0.00e+00	0.00e+00	0.00e+00	0.00e+00	0.00e+00	0.00e+00	0.00e+00	0.00e+00
 1.48891e+17	1.03e-03	8.65e-01	1.34e-01	9.67e-06	0.00e+00	0.00e+00	0.00e+00	0.00e+00	0.00e+00	0.00e+00	0.00e+00	0.00e+00	0.00e+00	0.00e+00	0.00e+00	0.00e+00	0.00e+00
 1.48951e+17	1.03e-03	8.65e-01	1.33e-01	9.56e-06	0.00e+00	0.00e+00	0.00e+00	0.00e+00	0.00e+00	0.00e+00	0.00e+00	0.00e+00	0.00e+00	0.00e+00	0.00e+00	0.00e+00	0.00e+00
 1.49007e+17	1.04e-03	8.67e-01	1.32e-01	9.46e-06	0.00e+00	0.00e+00	0.00e+00	0.00e+00	0.00e+00	0.00e+00	0.00e+00	0.00e+00	0.00e+00	0.00e+00	0.00e+00	0.00e+00	0.00e+00
 1.49067e+17	1.04e-03	8.67e-01	1.32e-01	9.36e-06	0.00e+00	0.00e+00	0.00e+00	0.00e+00	0.00e+00	0.00e+00	0.00e+00	0.00e+00	0.00e+00	0.00e+00	0.00e+00	0.00e+00	0.00e+00
 1.49133e+17	1.05e-03	8.68e-01	1.31e-01	9.24e-06	0.00e+00	0.00e+00	0.00e+00	0.00e+00	0.00e+00	0.00e+00	0.00e+00	0.00e+00	0.00e+00	0.00e+00	0.00e+00	0.00e+00	0.00e+00
 1.49199e+17	1.06e-03	8.69e-01	1.30e-01	9.13e-06	0.00e+00	0.00e+00	0.00e+00	0.00e+00	0.00e+00	0.00e+00	0.00e+00	0.00e+00	0.00e+00	0.00e+00	0.00e+00	0.00e+00	0.00e+00
 1.49262e+17	1.06e-03	8.70e-01	1.29e-01	9.00e-06	0.00e+00	0.00e+00	0.00e+00	0.00e+00	0.00e+00	0.00e+00	0.00e+00	0.00e+00	0.00e+00	0.00e+00	0.00e+00	0.00e+00	0.00e+00
 1.49323e+17	1.08e-03	8.72e-01	1.27e-01	8.80e-06	0.00e+00	0.00e+00	0.00e+00	0.00e+00	0.00e+00	0.00e+00	0.00e+00	0.00e+00	0.00e+00	0.00e+00	0.00e+00	0.00e+00	0.00e+00
 1.49371e+17	1.08e-03	8.73e-01	1.26e-01	8.71e-06	0.00e+00	0.00e+00	0.00e+00	0.00e+00	0.00e+00	0.00e+00	0.00e+00	0.00e+00	0.00e+00	0.00e+00	0.00e+00	0.00e+00	0.00e+00
 1.49414e+17	1.09e-03	8.74e-01	1.25e-01	8.61e-06	0.00e+00	0.00e+00	0.00e+00	0.00e+00	0.00e+00	0.00e+00	0.00e+00	0.00e+00	0.00e+00	0.00e+00	0.00e+00	0.00e+00	0.00e+00
 1.49469e+17	1.09e-03	8.74e-01	1.25e-01	8.50e-06	0.00e+00	0.00e+00	0.00e+00	0.00e+00	0.00e+00	0.00e+00	0.00e+00	0.00e+00	0.00e+00	0.00e+00	0.00e+00	0.00e+00	0.00e+00
 1.49536e+17	1.11e-03	8.76e-01	1.23e-01	8.27e-06	0.00e+00	0.00e+00	0.00e+00	0.00e+00	0.00e+00	0.00e+00	0.00e+00	0.00e+00	0.00e+00	0.00e+00	0.00e+00	0.00e+00	0.00e+00
 1.49596e+17	1.12e-03	8.78e-01	1.21e-01	8.06e-06	0.00e+00	0.00e+00	0.00e+00	0.00e+00	0.00e+00	0.00e+00	0.00e+00	0.00e+00	0.00e+00	0.00e+00	0.00e+00	0.00e+00	0.00e+00
 1.49637e+17	1.13e-03	8.79e-01	1.20e-01	7.97e-06	0.00e+00	0.00e+00	0.00e+00	0.00e+00	0.00e+00	0.00e+00	0.00e+00	0.00e+00	0.00e+00	0.00e+00	0.00e+00	0.00e+00	0.00e+00
 1.49678e+17	1.15e-03	8.81e-01	1.18e-01	7.77e-06	0.00e+00	0.00e+00	0.00e+00	0.00e+00	0.00e+00	0.00e+00	0.00e+00	0.00e+00	0.00e+00	0.00e+00	0.00e+00	0.00e+00	0.00e+00
 1.49721e+17	1.16e-03	8.83e-01	1.16e-01	7.57e-06	0.00e+00	0.00e+00	0.00e+00	0.00e+00	0.00e+00	0.00e+00	0.00e+00	0.00e+00	0.00e+00	0.00e+00	0.00e+00	0.00e+00	0.00e+00
 1.49762e+17	1.17e-03	8.83e-01	1.15e-01	7.47e-06	0.00e+00	0.00e+00	0.00e+00	0.00e+00	0.00e+00	0.00e+00	0.00e+00	0.00e+00	0.00e+00	0.00e+00	0.00e+00	0.00e+00	0.00e+00
 1.49808e+17	1.22e-03	8.88e-01	1.10e-01	6.93e-06	0.00e+00	0.00e+00	0.00e+00	0.00e+00	0.00e+00	0.00e+00	0.00e+00	0.00e+00	0.00e+00	0.00e+00	0.00e+00	0.00e+00	0.00e+00
 1.49859e+17	2.26e-03	9.42e-01	5.59e-02	2.28e-06	0.00e+00	0.00e+00	0.00e+00	0.00e+00	0.00e+00	0.00e+00	0.00e+00	0.00e+00	0.00e+00	0.00e+00	0.00e+00	0.00e+00	0.00e+00
 1.49905e+17	2.42e-03	9.46e-01	5.11e-02	2.02e-06	0.00e+00	0.00e+00	0.00e+00	0.00e+00	0.00e+00	0.00e+00	0.00e+00	0.00e+00	0.00e+00	0.00e+00	0.00e+00	0.00e+00	0.00e+00
 1.49946e+17	2.53e-03	9.50e-01	4.78e-02	1.86e-06	0.00e+00	0.00e+00	0.00e+00	0.00e+00	0.00e+00	0.00e+00	0.00e+00	0.00e+00	0.00e+00	0.00e+00	0.00e+00	0.00e+00	0.00e+00
 1.49984e+17	2.62e-03	9.52e-01	4.54e-02	1.75e-06	0.00e+00	0.00e+00	0.00e+00	0.00e+00	0.00e+00	0.00e+00	0.00e+00	0.00e+00	0.00e+00	0.00e+00	0.00e+00	0.00e+00	0.00e+00
 1.50019e+17	2.71e-03	9.54e-01	4.31e-02	1.66e-06	0.00e+00	0.00e+00	0.00e+00	0.00e+00	0.00e+00	0.00e+00	0.00e+00	0.00e+00	0.00e+00	0.00e+00	0.00e+00	0.00e+00	0.00e+00
 1.50050e+17	2.78e-03	9.56e-01	4.14e-02	1.60e-06	0.00e+00	0.00e+00	0.00e+00	0.00e+00	0.00e+00	0.00e+00	0.00e+00	0.00e+00	0.00e+00	0.00e+00	0.00e+00	0.00e+00	0.00e+00
 1.50079e+17	2.86e-03	9.57e-01	3.97e-02	1.55e-06	0.00e+00	0.00e+00	0.00e+00	0.00e+00	0.00e+00	0.00e+00	0.00e+00	0.00e+00	0.00e+00	0.00e+00	0.00e+00	0.00e+00	0.00e+00
 1.50105e+17	2.92e-03	9.59e-01	3.83e-02	1.50e-06	0.00e+00	0.00e+00	0.00e+00	0.00e+00	0.00e+00	0.00e+00	0.00e+00	0.00e+00	0.00e+00	0.00e+00	0.00e+00	0.00e+00	0.00e+00
 1.50129e+17	2.99e-03	9.60e-01	3.71e-02	1.47e-06	0.00e+00	0.00e+00	0.00e+00	0.00e+00	0.00e+00	0.00e+00	0.00e+00	0.00e+00	0.00e+00	0.00e+00	0.00e+00	0.00e+00	0.00e+00
 1.50150e+17	3.02e-03	9.61e-01	3.61e-02	1.43e-06	0.00e+00	0.00e+00	0.00e+00	0.00e+00	0.00e+00	0.00e+00	0.00e+00	0.00e+00	0.00e+00	0.00e+00	0.00e+00	0.00e+00	0.00e+00
 1.50170e+17	3.07e-03	9.62e-01	3.51e-02	1.40e-06	0.00e+00	0.00e+00	0.00e+00	0.00e+00	0.00e+00	0.00e+00	0.00e+00	0.00e+00	0.00e+00	0.00e+00	0.00e+00	0.00e+00	0.00e+00
 1.50188e+17	3.12e-03	9.63e-01	3.41e-02	1.37e-06	0.00e+00	0.00e+00	0.00e+00	0.00e+00	0.00e+00	0.00e+00	0.00e+00	0.00e+00	0.00e+00	0.00e+00	0.00e+00	0.00e+00	0.00e+00
