#depth	N  1	N  2	N  3	N  4	N  5	N  6	N  7	N  8
 4.09178e+12	3.96e-02	9.10e-01	4.98e-02	2.52e-04	3.91e-06	0.00e+00	0.00e+00	0.00e+00
 2.45507e+13	3.97e-02	9.10e-01	4.98e-02	2.53e-04	3.91e-06	0.00e+00	0.00e+00	0.00e+00
 1.06386e+14	3.99e-02	9.10e-01	4.98e-02	2.53e-04	3.91e-06	0.00e+00	0.00e+00	0.00e+00
 4.33729e+14	4.08e-02	9.10e-01	4.94e-02	2.49e-04	3.86e-06	0.00e+00	0.00e+00	0.00e+00
 1.03604e+15	4.21e-02	9.07e-01	5.04e-02	2.58e-04	4.00e-06	0.00e+00	0.00e+00	0.00e+00
 1.81904e+15	4.38e-02	9.06e-01	5.00e-02	2.56e-04	3.96e-06	0.00e+00	0.00e+00	0.00e+00
 2.83694e+15	4.60e-02	9.05e-01	4.87e-02	2.45e-04	3.78e-06	0.00e+00	0.00e+00	0.00e+00
 4.16022e+15	4.88e-02	9.05e-01	4.62e-02	2.25e-04	3.45e-06	0.00e+00	0.00e+00	0.00e+00
 5.67661e+15	5.19e-02	9.05e-01	4.32e-02	2.02e-04	3.07e-06	0.00e+00	0.00e+00	0.00e+00
 7.18151e+15	5.52e-02	9.05e-01	3.98e-02	1.77e-04	2.65e-06	0.00e+00	0.00e+00	0.00e+00
 8.78311e+15	5.94e-02	9.05e-01	3.56e-02	1.49e-04	2.18e-06	0.00e+00	0.00e+00	0.00e+00
 1.06476e+16	6.50e-02	9.04e-01	3.07e-02	1.19e-04	1.68e-06	0.00e+00	0.00e+00	0.00e+00
 1.27709e+16	7.27e-02	9.02e-01	2.53e-02	9.01e-05	1.21e-06	0.00e+00	0.00e+00	0.00e+00
 1.49667e+16	8.26e-02	8.97e-01	2.03e-02	6.68e-05	8.26e-07	0.00e+00	0.00e+00	0.00e+00
 1.69622e+16	9.41e-02	8.90e-01	1.62e-02	5.05e-05	0.00e+00	0.00e+00	0.00e+00	0.00e+00
 1.87273e+16	1.07e-01	8.80e-01	1.31e-02	3.92e-05	0.00e+00	0.00e+00	0.00e+00	0.00e+00
 2.04816e+16	1.23e-01	8.67e-01	1.03e-02	3.04e-05	0.00e+00	0.00e+00	0.00e+00	0.00e+00
 2.22220e+16	1.42e-01	8.50e-01	8.08e-03	2.39e-05	0.00e+00	0.00e+00	0.00e+00	0.00e+00
 2.36998e+16	1.61e-01	8.32e-01	6.51e-03	1.96e-05	0.00e+00	0.00e+00	0.00e+00	0.00e+00
 2.48768e+16	1.79e-01	8.16e-01	5.45e-03	1.68e-05	0.00e+00	0.00e+00	0.00e+00	0.00e+00
 2.58918e+16	1.95e-01	8.00e-01	4.66e-03	1.48e-05	0.00e+00	0.00e+00	0.00e+00	0.00e+00
 2.68781e+16	2.12e-01	7.84e-01	3.99e-03	1.31e-05	0.00e+00	0.00e+00	0.00e+00	0.00e+00
 2.78782e+16	2.31e-01	7.65e-01	3.40e-03	1.16e-05	0.00e+00	0.00e+00	0.00e+00	0.00e+00
 2.88472e+16	2.50e-01	7.47e-01	2.91e-03	1.04e-05	0.00e+00	0.00e+00	0.00e+00	0.00e+00
 2.97496e+16	2.69e-01	7.28e-01	2.51e-03	9.42e-06	0.00e+00	0.00e+00	0.00e+00	0.00e+00
 3.06108e+16	2.88e-01	7.10e-01	2.19e-03	8.59e-06	0.00e+00	0.00e+00	0.00e+00	0.00e+00
 3.14660e+16	3.07e-01	6.91e-01	1.90e-03	7.86e-06	0.00e+00	0.00e+00	0.00e+00	0.00e+00
 3.21695e+16	3.22e-01	6.77e-01	1.71e-03	7.37e-06	0.00e+00	0.00e+00	0.00e+00	0.00e+00
 3.26701e+16	3.32e-01	6.66e-01	1.58e-03	7.04e-06	0.00e+00	0.00e+00	0.00e+00	0.00e+00
 3.31677e+16	3.43e-01	6.55e-01	1.46e-03	6.72e-06	0.00e+00	0.00e+00	0.00e+00	0.00e+00
 3.37664e+16	3.58e-01	6.41e-01	1.32e-03	6.32e-06	0.00e+00	0.00e+00	0.00e+00	0.00e+00
 3.44060e+16	3.72e-01	6.27e-01	1.20e-03	5.98e-06	0.00e+00	0.00e+00	0.00e+00	0.00e+00
 3.50194e+16	3.86e-01	6.13e-01	1.08e-03	5.64e-06	0.00e+00	0.00e+00	0.00e+00	0.00e+00
 3.56187e+16	4.00e-01	5.99e-01	9.88e-04	5.38e-06	0.00e+00	0.00e+00	0.00e+00	0.00e+00
 3.62456e+16	4.14e-01	5.86e-01	8.96e-04	5.10e-06	0.00e+00	0.00e+00	0.00e+00	0.00e+00
 3.69222e+16	4.30e-01	5.69e-01	8.02e-04	4.79e-06	0.00e+00	0.00e+00	0.00e+00	0.00e+00
 3.75886e+16	4.44e-01	5.55e-01	7.25e-04	4.55e-06	0.00e+00	0.00e+00	0.00e+00	0.00e+00
 3.82392e+16	4.59e-01	5.41e-01	6.57e-04	4.32e-06	0.00e+00	0.00e+00	0.00e+00	0.00e+00
 3.89303e+16	4.75e-01	5.25e-01	5.88e-04	4.06e-06	0.00e+00	0.00e+00	0.00e+00	0.00e+00
 3.96324e+16	4.90e-01	5.10e-01	5.30e-04	3.85e-06	0.00e+00	0.00e+00	0.00e+00	0.00e+00
 4.03342e+16	5.04e-01	4.95e-01	4.78e-04	3.65e-06	0.00e+00	0.00e+00	0.00e+00	0.00e+00
 4.10850e+16	5.21e-01	4.78e-01	4.25e-04	3.43e-06	0.00e+00	0.00e+00	0.00e+00	0.00e+00
 4.18451e+16	5.37e-01	4.63e-01	3.81e-04	3.24e-06	0.00e+00	0.00e+00	0.00e+00	0.00e+00
 4.25677e+16	5.51e-01	4.49e-01	3.44e-04	3.08e-06	0.00e+00	0.00e+00	0.00e+00	0.00e+00
 4.33168e+16	5.66e-01	4.34e-01	3.09e-04	2.91e-06	0.00e+00	0.00e+00	0.00e+00	0.00e+00
 4.41238e+16	5.81e-01	4.19e-01	2.77e-04	2.75e-06	0.00e+00	0.00e+00	0.00e+00	0.00e+00
 4.49710e+16	5.96e-01	4.04e-01	2.48e-04	2.60e-06	0.00e+00	0.00e+00	0.00e+00	0.00e+00
 4.58604e+16	6.12e-01	3.87e-01	2.19e-04	2.43e-06	0.00e+00	0.00e+00	0.00e+00	0.00e+00
 4.67351e+16	6.27e-01	3.73e-01	1.97e-04	2.30e-06	0.00e+00	0.00e+00	0.00e+00	0.00e+00
 4.76053e+16	6.41e-01	3.59e-01	1.76e-04	2.17e-06	0.00e+00	0.00e+00	0.00e+00	0.00e+00
 4.85248e+16	6.55e-01	3.44e-01	1.58e-04	2.05e-06	0.00e+00	0.00e+00	0.00e+00	0.00e+00
 4.94676e+16	6.69e-01	3.31e-01	1.42e-04	1.93e-06	0.00e+00	0.00e+00	0.00e+00	0.00e+00
 5.04144e+16	6.81e-01	3.19e-01	1.29e-04	1.83e-06	0.00e+00	0.00e+00	0.00e+00	0.00e+00
 5.13895e+16	6.95e-01	3.05e-01	1.16e-04	1.73e-06	0.00e+00	0.00e+00	0.00e+00	0.00e+00
 5.23961e+16	7.06e-01	2.94e-01	1.05e-04	1.64e-06	0.00e+00	0.00e+00	0.00e+00	0.00e+00
 5.34116e+16	7.18e-01	2.82e-01	9.55e-05	1.55e-06	0.00e+00	0.00e+00	0.00e+00	0.00e+00
 5.44697e+16	7.29e-01	2.71e-01	8.72e-05	1.47e-06	0.00e+00	0.00e+00	0.00e+00	0.00e+00
 5.56501e+16	7.40e-01	2.60e-01	7.89e-05	1.39e-06	0.00e+00	0.00e+00	0.00e+00	0.00e+00
 5.68678e+16	7.51e-01	2.48e-01	7.19e-05	1.31e-06	0.00e+00	0.00e+00	0.00e+00	0.00e+00
 5.80826e+16	7.61e-01	2.39e-01	6.59e-05	1.24e-06	0.00e+00	0.00e+00	0.00e+00	0.00e+00
 5.94022e+16	7.71e-01	2.29e-01	6.02e-05	1.17e-06	0.00e+00	0.00e+00	0.00e+00	0.00e+00
 6.08271e+16	7.81e-01	2.19e-01	5.53e-05	1.11e-06	0.00e+00	0.00e+00	0.00e+00	0.00e+00
 6.23697e+16	7.91e-01	2.09e-01	5.05e-05	1.05e-06	0.00e+00	0.00e+00	0.00e+00	0.00e+00
 6.40619e+16	8.01e-01	1.99e-01	4.62e-05	9.86e-07	0.00e+00	0.00e+00	0.00e+00	0.00e+00
 6.57568e+16	8.10e-01	1.90e-01	4.27e-05	0.00e+00	0.00e+00	0.00e+00	0.00e+00	0.00e+00
 6.74500e+16	8.17e-01	1.83e-01	3.99e-05	0.00e+00	0.00e+00	0.00e+00	0.00e+00	0.00e+00
 6.93950e+16	8.26e-01	1.74e-01	3.67e-05	0.00e+00	0.00e+00	0.00e+00	0.00e+00	0.00e+00
 7.14777e+16	8.34e-01	1.66e-01	3.40e-05	0.00e+00	0.00e+00	0.00e+00	0.00e+00	0.00e+00
 7.34879e+16	8.41e-01	1.59e-01	3.18e-05	0.00e+00	0.00e+00	0.00e+00	0.00e+00	0.00e+00
 7.54790e+16	8.47e-01	1.53e-01	2.99e-05	0.00e+00	0.00e+00	0.00e+00	0.00e+00	0.00e+00
 7.75416e+16	8.54e-01	1.46e-01	2.82e-05	0.00e+00	0.00e+00	0.00e+00	0.00e+00	0.00e+00
 7.96444e+16	8.60e-01	1.40e-01	2.66e-05	0.00e+00	0.00e+00	0.00e+00	0.00e+00	0.00e+00
 8.17157e+16	8.66e-01	1.34e-01	2.51e-05	0.00e+00	0.00e+00	0.00e+00	0.00e+00	0.00e+00
 8.37095e+16	8.71e-01	1.29e-01	2.39e-05	0.00e+00	0.00e+00	0.00e+00	0.00e+00	0.00e+00
 8.56615e+16	8.76e-01	1.24e-01	2.28e-05	0.00e+00	0.00e+00	0.00e+00	0.00e+00	0.00e+00
 8.76438e+16	8.81e-01	1.19e-01	2.17e-05	0.00e+00	0.00e+00	0.00e+00	0.00e+00	0.00e+00
 8.95535e+16	8.85e-01	1.15e-01	2.09e-05	0.00e+00	0.00e+00	0.00e+00	0.00e+00	0.00e+00
 9.13772e+16	8.90e-01	1.10e-01	2.00e-05	0.00e+00	0.00e+00	0.00e+00	0.00e+00	0.00e+00
 9.31407e+16	8.93e-01	1.07e-01	1.93e-05	0.00e+00	0.00e+00	0.00e+00	0.00e+00	0.00e+00
 9.48883e+16	8.97e-01	1.03e-01	1.86e-05	0.00e+00	0.00e+00	0.00e+00	0.00e+00	0.00e+00
 9.66252e+16	9.01e-01	9.90e-02	1.79e-05	0.00e+00	0.00e+00	0.00e+00	0.00e+00	0.00e+00
 9.82897e+16	9.05e-01	9.54e-02	1.73e-05	0.00e+00	0.00e+00	0.00e+00	0.00e+00	0.00e+00
 9.98802e+16	9.09e-01	9.15e-02	1.67e-05	0.00e+00	0.00e+00	0.00e+00	0.00e+00	0.00e+00
 1.01341e+17	9.11e-01	8.88e-02	1.62e-05	0.00e+00	0.00e+00	0.00e+00	0.00e+00	0.00e+00
 1.02746e+17	9.14e-01	8.59e-02	1.58e-05	0.00e+00	0.00e+00	0.00e+00	0.00e+00	0.00e+00
 1.04190e+17	9.17e-01	8.30e-02	1.53e-05	0.00e+00	0.00e+00	0.00e+00	0.00e+00	0.00e+00
 1.05611e+17	9.20e-01	7.98e-02	1.48e-05	0.00e+00	0.00e+00	0.00e+00	0.00e+00	0.00e+00
 1.06907e+17	9.22e-01	7.75e-02	1.45e-05	0.00e+00	0.00e+00	0.00e+00	0.00e+00	0.00e+00
 1.08229e+17	9.25e-01	7.47e-02	1.41e-05	0.00e+00	0.00e+00	0.00e+00	0.00e+00	0.00e+00
 1.09559e+17	9.28e-01	7.17e-02	1.37e-05	0.00e+00	0.00e+00	0.00e+00	0.00e+00	0.00e+00
 1.10705e+17	9.30e-01	7.00e-02	1.34e-05	0.00e+00	0.00e+00	0.00e+00	0.00e+00	0.00e+00
 1.11864e+17	9.32e-01	6.75e-02	1.31e-05	0.00e+00	0.00e+00	0.00e+00	0.00e+00	0.00e+00
 1.13016e+17	9.35e-01	6.53e-02	1.28e-05	0.00e+00	0.00e+00	0.00e+00	0.00e+00	0.00e+00
 1.14017e+17	9.36e-01	6.36e-02	1.25e-05	0.00e+00	0.00e+00	0.00e+00	0.00e+00	0.00e+00
 1.15095e+17	9.39e-01	6.15e-02	1.22e-05	0.00e+00	0.00e+00	0.00e+00	0.00e+00	0.00e+00
 1.16225e+17	9.41e-01	5.91e-02	1.19e-05	0.00e+00	0.00e+00	0.00e+00	0.00e+00	0.00e+00
 1.17173e+17	9.42e-01	5.75e-02	1.17e-05	0.00e+00	0.00e+00	0.00e+00	0.00e+00	0.00e+00
 1.18077e+17	9.44e-01	5.59e-02	1.15e-05	0.00e+00	0.00e+00	0.00e+00	0.00e+00	0.00e+00
 1.18982e+17	9.46e-01	5.42e-02	1.13e-05	0.00e+00	0.00e+00	0.00e+00	0.00e+00	0.00e+00
 1.19877e+17	9.48e-01	5.23e-02	1.10e-05	0.00e+00	0.00e+00	0.00e+00	0.00e+00	0.00e+00
 1.20724e+17	9.49e-01	5.09e-02	1.08e-05	0.00e+00	0.00e+00	0.00e+00	0.00e+00	0.00e+00
 1.21511e+17	9.51e-01	4.91e-02	1.06e-05	0.00e+00	0.00e+00	0.00e+00	0.00e+00	0.00e+00
 1.22263e+17	9.52e-01	4.80e-02	1.04e-05	0.00e+00	0.00e+00	0.00e+00	0.00e+00	0.00e+00
 1.22992e+17	9.54e-01	4.63e-02	1.02e-05	0.00e+00	0.00e+00	0.00e+00	0.00e+00	0.00e+00
 1.23697e+17	9.55e-01	4.52e-02	1.01e-05	0.00e+00	0.00e+00	0.00e+00	0.00e+00	0.00e+00
 1.24364e+17	9.56e-01	4.36e-02	9.84e-06	0.00e+00	0.00e+00	0.00e+00	0.00e+00	0.00e+00
 1.24998e+17	9.58e-01	4.25e-02	9.71e-06	0.00e+00	0.00e+00	0.00e+00	0.00e+00	0.00e+00
 1.25583e+17	9.58e-01	4.16e-02	9.59e-06	0.00e+00	0.00e+00	0.00e+00	0.00e+00	0.00e+00
 1.26228e+17	9.60e-01	4.04e-02	9.40e-06	0.00e+00	0.00e+00	0.00e+00	0.00e+00	0.00e+00
 1.26928e+17	9.61e-01	3.95e-02	9.31e-06	0.00e+00	0.00e+00	0.00e+00	0.00e+00	0.00e+00
 1.27750e+17	9.62e-01	3.81e-02	9.12e-06	0.00e+00	0.00e+00	0.00e+00	0.00e+00	0.00e+00
 1.28494e+17	9.64e-01	3.64e-02	8.92e-06	0.00e+00	0.00e+00	0.00e+00	0.00e+00	0.00e+00
 1.28940e+17	9.64e-01	3.60e-02	8.85e-06	0.00e+00	0.00e+00	0.00e+00	0.00e+00	0.00e+00
 1.29236e+17	9.64e-01	3.58e-02	8.81e-06	0.00e+00	0.00e+00	0.00e+00	0.00e+00	0.00e+00
 1.29533e+17	9.64e-01	3.56e-02	8.76e-06	0.00e+00	0.00e+00	0.00e+00	0.00e+00	0.00e+00
 1.29919e+17	9.65e-01	3.50e-02	8.68e-06	0.00e+00	0.00e+00	0.00e+00	0.00e+00	0.00e+00
 1.30272e+17	9.66e-01	3.42e-02	8.58e-06	0.00e+00	0.00e+00	0.00e+00	0.00e+00	0.00e+00
 1.30489e+17	9.66e-01	3.38e-02	8.52e-06	0.00e+00	0.00e+00	0.00e+00	0.00e+00	0.00e+00
 1.30675e+17	9.66e-01	3.37e-02	8.48e-06	0.00e+00	0.00e+00	0.00e+00	0.00e+00	0.00e+00
 1.30918e+17	9.67e-01	3.33e-02	8.44e-06	0.00e+00	0.00e+00	0.00e+00	0.00e+00	0.00e+00
 1.31212e+17	9.67e-01	3.27e-02	8.37e-06	0.00e+00	0.00e+00	0.00e+00	0.00e+00	0.00e+00
 1.31489e+17	9.68e-01	3.22e-02	8.31e-06	0.00e+00	0.00e+00	0.00e+00	0.00e+00	0.00e+00
 1.31691e+17	9.68e-01	3.18e-02	8.25e-06	0.00e+00	0.00e+00	0.00e+00	0.00e+00	0.00e+00
 1.31862e+17	9.68e-01	3.16e-02	8.20e-06	0.00e+00	0.00e+00	0.00e+00	0.00e+00	0.00e+00
 1.32069e+17	9.69e-01	3.12e-02	8.15e-06	0.00e+00	0.00e+00	0.00e+00	0.00e+00	0.00e+00
 1.32338e+17	9.69e-01	3.07e-02	8.08e-06	0.00e+00	0.00e+00	0.00e+00	0.00e+00	0.00e+00
 1.32587e+17	9.70e-01	3.01e-02	8.02e-06	0.00e+00	0.00e+00	0.00e+00	0.00e+00	0.00e+00
 1.32747e+17	9.70e-01	2.98e-02	7.97e-06	0.00e+00	0.00e+00	0.00e+00	0.00e+00	0.00e+00
 1.32893e+17	9.70e-01	2.97e-02	7.93e-06	0.00e+00	0.00e+00	0.00e+00	0.00e+00	0.00e+00
 1.33083e+17	9.71e-01	2.94e-02	7.89e-06	0.00e+00	0.00e+00	0.00e+00	0.00e+00	0.00e+00
 1.33330e+17	9.71e-01	2.89e-02	7.83e-06	0.00e+00	0.00e+00	0.00e+00	0.00e+00	0.00e+00
 1.33567e+17	9.72e-01	2.83e-02	7.77e-06	0.00e+00	0.00e+00	0.00e+00	0.00e+00	0.00e+00
 1.33728e+17	9.72e-01	2.81e-02	7.72e-06	0.00e+00	0.00e+00	0.00e+00	0.00e+00	0.00e+00
 1.33867e+17	9.72e-01	2.79e-02	7.68e-06	0.00e+00	0.00e+00	0.00e+00	0.00e+00	0.00e+00
 1.34038e+17	9.72e-01	2.76e-02	7.65e-06	0.00e+00	0.00e+00	0.00e+00	0.00e+00	0.00e+00
 1.34260e+17	9.73e-01	2.72e-02	7.60e-06	0.00e+00	0.00e+00	0.00e+00	0.00e+00	0.00e+00
 1.34495e+17	9.73e-01	2.67e-02	7.53e-06	0.00e+00	0.00e+00	0.00e+00	0.00e+00	0.00e+00
 1.34675e+17	9.74e-01	2.64e-02	7.48e-06	0.00e+00	0.00e+00	0.00e+00	0.00e+00	0.00e+00
 1.34808e+17	9.74e-01	2.61e-02	7.44e-06	0.00e+00	0.00e+00	0.00e+00	0.00e+00	0.00e+00
 1.34953e+17	9.74e-01	2.60e-02	7.41e-06	0.00e+00	0.00e+00	0.00e+00	0.00e+00	0.00e+00
 1.35142e+17	9.74e-01	2.56e-02	7.37e-06	0.00e+00	0.00e+00	0.00e+00	0.00e+00	0.00e+00
 1.35371e+17	9.75e-01	2.52e-02	7.32e-06	0.00e+00	0.00e+00	0.00e+00	0.00e+00	0.00e+00
 1.35580e+17	9.75e-01	2.48e-02	7.26e-06	0.00e+00	0.00e+00	0.00e+00	0.00e+00	0.00e+00
 1.35729e+17	9.76e-01	2.45e-02	7.21e-06	0.00e+00	0.00e+00	0.00e+00	0.00e+00	0.00e+00
 1.35874e+17	9.76e-01	2.43e-02	7.18e-06	0.00e+00	0.00e+00	0.00e+00	0.00e+00	0.00e+00
 1.36063e+17	9.76e-01	2.40e-02	7.14e-06	0.00e+00	0.00e+00	0.00e+00	0.00e+00	0.00e+00
 1.36291e+17	9.76e-01	2.36e-02	7.09e-06	0.00e+00	0.00e+00	0.00e+00	0.00e+00	0.00e+00
 1.36500e+17	9.77e-01	2.32e-02	7.04e-06	0.00e+00	0.00e+00	0.00e+00	0.00e+00	0.00e+00
 1.36656e+17	9.77e-01	2.30e-02	7.00e-06	0.00e+00	0.00e+00	0.00e+00	0.00e+00	0.00e+00
 1.36811e+17	9.77e-01	2.29e-02	6.97e-06	0.00e+00	0.00e+00	0.00e+00	0.00e+00	0.00e+00
 1.37013e+17	9.77e-01	2.26e-02	6.93e-06	0.00e+00	0.00e+00	0.00e+00	0.00e+00	0.00e+00
 1.37244e+17	9.78e-01	2.22e-02	6.88e-06	0.00e+00	0.00e+00	0.00e+00	0.00e+00	0.00e+00
 1.37447e+17	9.78e-01	2.18e-02	6.83e-06	0.00e+00	0.00e+00	0.00e+00	0.00e+00	0.00e+00
 1.37610e+17	9.78e-01	2.16e-02	6.79e-06	0.00e+00	0.00e+00	0.00e+00	0.00e+00	0.00e+00
 1.37784e+17	9.79e-01	2.14e-02	6.76e-06	0.00e+00	0.00e+00	0.00e+00	0.00e+00	0.00e+00
 1.38011e+17	9.79e-01	2.12e-02	6.73e-06	0.00e+00	0.00e+00	0.00e+00	0.00e+00	0.00e+00
 1.38278e+17	9.79e-01	2.07e-02	6.67e-06	0.00e+00	0.00e+00	0.00e+00	0.00e+00	0.00e+00
 1.38505e+17	9.80e-01	2.03e-02	6.62e-06	0.00e+00	0.00e+00	0.00e+00	0.00e+00	0.00e+00
 1.38665e+17	9.80e-01	2.02e-02	6.58e-06	0.00e+00	0.00e+00	0.00e+00	0.00e+00	0.00e+00
 1.38829e+17	9.80e-01	2.00e-02	6.55e-06	0.00e+00	0.00e+00	0.00e+00	0.00e+00	0.00e+00
 1.39041e+17	9.80e-01	1.99e-02	6.53e-06	0.00e+00	0.00e+00	0.00e+00	0.00e+00	0.00e+00
 1.39304e+17	9.81e-01	1.95e-02	6.48e-06	0.00e+00	0.00e+00	0.00e+00	0.00e+00	0.00e+00
 1.39566e+17	9.81e-01	1.91e-02	6.43e-06	0.00e+00	0.00e+00	0.00e+00	0.00e+00	0.00e+00
 1.39779e+17	9.81e-01	1.89e-02	6.39e-06	0.00e+00	0.00e+00	0.00e+00	0.00e+00	0.00e+00
 1.39991e+17	9.81e-01	1.87e-02	6.37e-06	0.00e+00	0.00e+00	0.00e+00	0.00e+00	0.00e+00
 1.40265e+17	9.82e-01	1.84e-02	6.32e-06	0.00e+00	0.00e+00	0.00e+00	0.00e+00	0.00e+00
 1.40572e+17	9.82e-01	1.80e-02	6.27e-06	0.00e+00	0.00e+00	0.00e+00	0.00e+00	0.00e+00
 1.40841e+17	9.82e-01	1.77e-02	6.23e-06	0.00e+00	0.00e+00	0.00e+00	0.00e+00	0.00e+00
 1.41066e+17	9.82e-01	1.75e-02	6.20e-06	0.00e+00	0.00e+00	0.00e+00	0.00e+00	0.00e+00
 1.41319e+17	9.83e-01	1.74e-02	6.17e-06	0.00e+00	0.00e+00	0.00e+00	0.00e+00	0.00e+00
 1.41648e+17	9.83e-01	1.71e-02	6.13e-06	0.00e+00	0.00e+00	0.00e+00	0.00e+00	0.00e+00
 1.42007e+17	9.83e-01	1.66e-02	6.08e-06	0.00e+00	0.00e+00	0.00e+00	0.00e+00	0.00e+00
 1.42313e+17	9.84e-01	1.64e-02	6.04e-06	0.00e+00	0.00e+00	0.00e+00	0.00e+00	0.00e+00
 1.42595e+17	9.84e-01	1.63e-02	6.01e-06	0.00e+00	0.00e+00	0.00e+00	0.00e+00	0.00e+00
 1.42935e+17	9.84e-01	1.61e-02	5.99e-06	0.00e+00	0.00e+00	0.00e+00	0.00e+00	0.00e+00
 1.43376e+17	9.84e-01	1.57e-02	5.93e-06	0.00e+00	0.00e+00	0.00e+00	0.00e+00	0.00e+00
 1.43816e+17	9.85e-01	1.52e-02	5.87e-06	0.00e+00	0.00e+00	0.00e+00	0.00e+00	0.00e+00
 1.44129e+17	9.85e-01	1.50e-02	5.84e-06	0.00e+00	0.00e+00	0.00e+00	0.00e+00	0.00e+00
 1.44415e+17	9.85e-01	1.50e-02	5.83e-06	0.00e+00	0.00e+00	0.00e+00	0.00e+00	0.00e+00
 1.44786e+17	9.85e-01	1.48e-02	5.80e-06	0.00e+00	0.00e+00	0.00e+00	0.00e+00	0.00e+00
 1.45249e+17	9.86e-01	1.44e-02	5.76e-06	0.00e+00	0.00e+00	0.00e+00	0.00e+00	0.00e+00
 1.45740e+17	9.86e-01	1.41e-02	5.72e-06	0.00e+00	0.00e+00	0.00e+00	0.00e+00	0.00e+00
 1.46192e+17	9.86e-01	1.39e-02	5.68e-06	0.00e+00	0.00e+00	0.00e+00	0.00e+00	0.00e+00
 1.46667e+17	9.86e-01	1.37e-02	5.66e-06	0.00e+00	0.00e+00	0.00e+00	0.00e+00	0.00e+00
 1.47266e+17	9.86e-01	1.35e-02	5.63e-06	0.00e+00	0.00e+00	0.00e+00	0.00e+00	0.00e+00
 1.47953e+17	9.87e-01	1.35e-02	5.60e-06	0.00e+00	0.00e+00	0.00e+00	0.00e+00	0.00e+00
 1.48621e+17	9.87e-01	1.32e-02	5.57e-06	0.00e+00	0.00e+00	0.00e+00	0.00e+00	0.00e+00
 1.49263e+17	9.87e-01	1.30e-02	5.54e-06	0.00e+00	0.00e+00	0.00e+00	0.00e+00	0.00e+00
 1.49984e+17	9.87e-01	1.28e-02	5.52e-06	0.00e+00	0.00e+00	0.00e+00	0.00e+00	0.00e+00
 1.50846e+17	9.87e-01	1.25e-02	5.49e-06	0.00e+00	0.00e+00	0.00e+00	0.00e+00	0.00e+00
 1.51740e+17	9.88e-01	1.21e-02	5.45e-06	0.00e+00	0.00e+00	0.00e+00	0.00e+00	0.00e+00
 1.52568e+17	9.88e-01	1.18e-02	5.42e-06	0.00e+00	0.00e+00	0.00e+00	0.00e+00	0.00e+00
 1.53365e+17	9.88e-01	1.15e-02	5.40e-06	0.00e+00	0.00e+00	0.00e+00	0.00e+00	0.00e+00
 1.54216e+17	9.89e-01	1.12e-02	5.36e-06	0.00e+00	0.00e+00	0.00e+00	0.00e+00	0.00e+00
 1.55160e+17	9.89e-01	1.08e-02	5.32e-06	0.00e+00	0.00e+00	0.00e+00	0.00e+00	0.00e+00
 1.56109e+17	9.90e-01	1.03e-02	5.26e-06	0.00e+00	0.00e+00	0.00e+00	0.00e+00	0.00e+00
 1.56958e+17	9.90e-01	9.62e-03	5.15e-06	0.00e+00	0.00e+00	0.00e+00	0.00e+00	0.00e+00
 1.57621e+17	9.91e-01	9.27e-03	5.09e-06	0.00e+00	0.00e+00	0.00e+00	0.00e+00	0.00e+00
 1.58205e+17	9.91e-01	8.77e-03	4.99e-06	0.00e+00	0.00e+00	0.00e+00	0.00e+00	0.00e+00
 1.58824e+17	9.99e-01	5.32e-04	1.21e-06	0.00e+00	0.00e+00	0.00e+00	0.00e+00	0.00e+00
###########################
 4.09178e+12	3.96e-02	9.10e-01	4.98e-02	2.53e-04	3.91e-06	0.00e+00	0.00e+00	0.00e+00
 2.45507e+13	3.97e-02	9.10e-01	4.99e-02	2.53e-04	3.92e-06	0.00e+00	0.00e+00	0.00e+00
 1.06386e+14	3.99e-02	9.10e-01	4.99e-02	2.53e-04	3.92e-06	0.00e+00	0.00e+00	0.00e+00
 4.33729e+14	4.07e-02	9.09e-01	4.98e-02	2.51e-04	3.90e-06	0.00e+00	0.00e+00	0.00e+00
 1.03604e+15	4.17e-02	9.07e-01	5.13e-02	2.63e-04	4.10e-06	0.00e+00	0.00e+00	0.00e+00
 1.81904e+15	4.34e-02	9.05e-01	5.11e-02	2.61e-04	4.07e-06	0.00e+00	0.00e+00	0.00e+00
 2.83694e+15	4.56e-02	9.05e-01	4.96e-02	2.50e-04	3.88e-06	0.00e+00	0.00e+00	0.00e+00
 4.16022e+15	4.85e-02	9.04e-01	4.68e-02	2.28e-04	3.51e-06	0.00e+00	0.00e+00	0.00e+00
 5.67996e+15	5.20e-02	9.04e-01	4.34e-02	2.03e-04	3.08e-06	0.00e+00	0.00e+00	0.00e+00
 7.18856e+15	5.56e-02	9.05e-01	3.95e-02	1.75e-04	2.62e-06	0.00e+00	0.00e+00	0.00e+00
 8.78586e+15	6.02e-02	9.05e-01	3.49e-02	1.45e-04	2.12e-06	0.00e+00	0.00e+00	0.00e+00
 1.06342e+16	6.64e-02	9.04e-01	2.96e-02	1.14e-04	1.60e-06	0.00e+00	0.00e+00	0.00e+00
 1.27248e+16	7.49e-02	9.01e-01	2.41e-02	8.53e-05	1.12e-06	0.00e+00	0.00e+00	0.00e+00
 1.48192e+16	8.56e-02	8.95e-01	1.91e-02	6.29e-05	7.55e-07	0.00e+00	0.00e+00	0.00e+00
 1.66417e+16	9.73e-02	8.87e-01	1.53e-02	4.78e-05	0.00e+00	0.00e+00	0.00e+00	0.00e+00
 1.82420e+16	1.10e-01	8.77e-01	1.23e-02	3.74e-05	0.00e+00	0.00e+00	0.00e+00	0.00e+00
 1.98405e+16	1.26e-01	8.64e-01	9.79e-03	2.92e-05	0.00e+00	0.00e+00	0.00e+00	0.00e+00
 2.14152e+16	1.45e-01	8.47e-01	7.74e-03	2.32e-05	0.00e+00	0.00e+00	0.00e+00	0.00e+00
 2.27536e+16	1.64e-01	8.30e-01	6.29e-03	1.92e-05	0.00e+00	0.00e+00	0.00e+00	0.00e+00
 2.38396e+16	1.81e-01	8.14e-01	5.29e-03	1.65e-05	0.00e+00	0.00e+00	0.00e+00	0.00e+00
 2.47955e+16	1.97e-01	7.98e-01	4.54e-03	1.46e-05	0.00e+00	0.00e+00	0.00e+00	0.00e+00
 2.57258e+16	2.15e-01	7.81e-01	3.89e-03	1.29e-05	0.00e+00	0.00e+00	0.00e+00	0.00e+00
 2.66560e+16	2.33e-01	7.63e-01	3.33e-03	1.15e-05	0.00e+00	0.00e+00	0.00e+00	0.00e+00
 2.75559e+16	2.52e-01	7.45e-01	2.87e-03	1.03e-05	0.00e+00	0.00e+00	0.00e+00	0.00e+00
 2.84087e+16	2.71e-01	7.27e-01	2.48e-03	9.34e-06	0.00e+00	0.00e+00	0.00e+00	0.00e+00
 2.92309e+16	2.89e-01	7.09e-01	2.16e-03	8.52e-06	0.00e+00	0.00e+00	0.00e+00	0.00e+00
 3.00429e+16	3.08e-01	6.90e-01	1.89e-03	7.81e-06	0.00e+00	0.00e+00	0.00e+00	0.00e+00
 3.07075e+16	3.22e-01	6.76e-01	1.71e-03	7.34e-06	0.00e+00	0.00e+00	0.00e+00	0.00e+00
 3.11873e+16	3.33e-01	6.66e-01	1.58e-03	7.00e-06	0.00e+00	0.00e+00	0.00e+00	0.00e+00
 3.16692e+16	3.45e-01	6.54e-01	1.45e-03	6.65e-06	0.00e+00	0.00e+00	0.00e+00	0.00e+00
 3.22189e+16	3.58e-01	6.41e-01	1.33e-03	6.32e-06	0.00e+00	0.00e+00	0.00e+00	0.00e+00
 3.28085e+16	3.72e-01	6.27e-01	1.21e-03	5.96e-06	0.00e+00	0.00e+00	0.00e+00	0.00e+00
 3.34008e+16	3.85e-01	6.13e-01	1.10e-03	5.66e-06	0.00e+00	0.00e+00	0.00e+00	0.00e+00
 3.39917e+16	4.00e-01	5.99e-01	9.93e-04	5.33e-06	0.00e+00	0.00e+00	0.00e+00	0.00e+00
 3.45834e+16	4.14e-01	5.85e-01	9.06e-04	5.08e-06	0.00e+00	0.00e+00	0.00e+00	0.00e+00
 3.51929e+16	4.28e-01	5.72e-01	8.23e-04	4.82e-06	0.00e+00	0.00e+00	0.00e+00	0.00e+00
 3.58487e+16	4.44e-01	5.56e-01	7.38e-04	4.53e-06	0.00e+00	0.00e+00	0.00e+00	0.00e+00
 3.65026e+16	4.58e-01	5.41e-01	6.69e-04	4.30e-06	0.00e+00	0.00e+00	0.00e+00	0.00e+00
 3.71442e+16	4.73e-01	5.26e-01	6.04e-04	4.07e-06	0.00e+00	0.00e+00	0.00e+00	0.00e+00
 3.78139e+16	4.87e-01	5.12e-01	5.46e-04	3.87e-06	0.00e+00	0.00e+00	0.00e+00	0.00e+00
 3.85365e+16	5.04e-01	4.96e-01	4.88e-04	3.64e-06	0.00e+00	0.00e+00	0.00e+00	0.00e+00
 3.92776e+16	5.20e-01	4.80e-01	4.38e-04	3.44e-06	0.00e+00	0.00e+00	0.00e+00	0.00e+00
 3.99937e+16	5.34e-01	4.66e-01	3.96e-04	3.27e-06	0.00e+00	0.00e+00	0.00e+00	0.00e+00
 4.07469e+16	5.50e-01	4.50e-01	3.53e-04	3.08e-06	0.00e+00	0.00e+00	0.00e+00	0.00e+00
 4.15462e+16	5.65e-01	4.34e-01	3.16e-04	2.91e-06	0.00e+00	0.00e+00	0.00e+00	0.00e+00
 4.23340e+16	5.80e-01	4.20e-01	2.84e-04	2.75e-06	0.00e+00	0.00e+00	0.00e+00	0.00e+00
 4.31378e+16	5.95e-01	4.05e-01	2.54e-04	2.60e-06	0.00e+00	0.00e+00	0.00e+00	0.00e+00
 4.40034e+16	6.09e-01	3.90e-01	2.28e-04	2.46e-06	0.00e+00	0.00e+00	0.00e+00	0.00e+00
 4.49348e+16	6.25e-01	3.74e-01	2.02e-04	2.31e-06	0.00e+00	0.00e+00	0.00e+00	0.00e+00
 4.58826e+16	6.40e-01	3.60e-01	1.81e-04	2.18e-06	0.00e+00	0.00e+00	0.00e+00	0.00e+00
 4.68285e+16	6.55e-01	3.45e-01	1.62e-04	2.05e-06	0.00e+00	0.00e+00	0.00e+00	0.00e+00
 4.77899e+16	6.68e-01	3.32e-01	1.46e-04	1.94e-06	0.00e+00	0.00e+00	0.00e+00	0.00e+00
 4.88012e+16	6.81e-01	3.19e-01	1.31e-04	1.84e-06	0.00e+00	0.00e+00	0.00e+00	0.00e+00
 4.98762e+16	6.95e-01	3.05e-01	1.17e-04	1.72e-06	0.00e+00	0.00e+00	0.00e+00	0.00e+00
 5.09354e+16	7.07e-01	2.93e-01	1.06e-04	1.63e-06	0.00e+00	0.00e+00	0.00e+00	0.00e+00
 5.20073e+16	7.19e-01	2.81e-01	9.56e-05	1.54e-06	0.00e+00	0.00e+00	0.00e+00	0.00e+00
 5.31854e+16	7.31e-01	2.69e-01	8.68e-05	1.46e-06	0.00e+00	0.00e+00	0.00e+00	0.00e+00
 5.44068e+16	7.43e-01	2.57e-01	7.84e-05	1.37e-06	0.00e+00	0.00e+00	0.00e+00	0.00e+00
 5.56551e+16	7.53e-01	2.46e-01	7.14e-05	1.30e-06	0.00e+00	0.00e+00	0.00e+00	0.00e+00
 5.70587e+16	7.64e-01	2.36e-01	6.48e-05	1.22e-06	0.00e+00	0.00e+00	0.00e+00	0.00e+00
 5.84391e+16	7.73e-01	2.26e-01	5.96e-05	1.16e-06	0.00e+00	0.00e+00	0.00e+00	0.00e+00
 5.97575e+16	7.83e-01	2.17e-01	5.47e-05	1.10e-06	0.00e+00	0.00e+00	0.00e+00	0.00e+00
 6.12761e+16	7.92e-01	2.08e-01	5.06e-05	1.05e-06	0.00e+00	0.00e+00	0.00e+00	0.00e+00
 6.29652e+16	8.01e-01	1.99e-01	4.64e-05	9.86e-07	0.00e+00	0.00e+00	0.00e+00	0.00e+00
 6.46698e+16	8.10e-01	1.90e-01	4.28e-05	0.00e+00	0.00e+00	0.00e+00	0.00e+00	0.00e+00
 6.64144e+16	8.17e-01	1.83e-01	3.98e-05	0.00e+00	0.00e+00	0.00e+00	0.00e+00	0.00e+00
 6.83302e+16	8.26e-01	1.74e-01	3.67e-05	0.00e+00	0.00e+00	0.00e+00	0.00e+00	0.00e+00
 7.03357e+16	8.34e-01	1.66e-01	3.42e-05	0.00e+00	0.00e+00	0.00e+00	0.00e+00	0.00e+00
 7.23590e+16	8.41e-01	1.59e-01	3.19e-05	0.00e+00	0.00e+00	0.00e+00	0.00e+00	0.00e+00
 7.44317e+16	8.47e-01	1.53e-01	3.00e-05	0.00e+00	0.00e+00	0.00e+00	0.00e+00	0.00e+00
 7.64989e+16	8.54e-01	1.46e-01	2.82e-05	0.00e+00	0.00e+00	0.00e+00	0.00e+00	0.00e+00
 7.85179e+16	8.59e-01	1.41e-01	2.67e-05	0.00e+00	0.00e+00	0.00e+00	0.00e+00	0.00e+00
 8.05459e+16	8.65e-01	1.35e-01	2.53e-05	0.00e+00	0.00e+00	0.00e+00	0.00e+00	0.00e+00
 8.26106e+16	8.70e-01	1.30e-01	2.41e-05	0.00e+00	0.00e+00	0.00e+00	0.00e+00	0.00e+00
 8.46444e+16	8.76e-01	1.24e-01	2.28e-05	0.00e+00	0.00e+00	0.00e+00	0.00e+00	0.00e+00
 8.65642e+16	8.80e-01	1.20e-01	2.19e-05	0.00e+00	0.00e+00	0.00e+00	0.00e+00	0.00e+00
 8.84207e+16	8.85e-01	1.15e-01	2.10e-05	0.00e+00	0.00e+00	0.00e+00	0.00e+00	0.00e+00
 9.02931e+16	8.89e-01	1.11e-01	2.01e-05	0.00e+00	0.00e+00	0.00e+00	0.00e+00	0.00e+00
 9.21198e+16	8.94e-01	1.06e-01	1.93e-05	0.00e+00	0.00e+00	0.00e+00	0.00e+00	0.00e+00
 9.38270e+16	8.97e-01	1.03e-01	1.86e-05	0.00e+00	0.00e+00	0.00e+00	0.00e+00	0.00e+00
 9.55020e+16	9.01e-01	9.92e-02	1.80e-05	0.00e+00	0.00e+00	0.00e+00	0.00e+00	0.00e+00
 9.71835e+16	9.04e-01	9.57e-02	1.74e-05	0.00e+00	0.00e+00	0.00e+00	0.00e+00	0.00e+00
 9.88020e+16	9.08e-01	9.21e-02	1.68e-05	0.00e+00	0.00e+00	0.00e+00	0.00e+00	0.00e+00
 1.00326e+17	9.11e-01	8.90e-02	1.63e-05	0.00e+00	0.00e+00	0.00e+00	0.00e+00	0.00e+00
 1.01773e+17	9.14e-01	8.55e-02	1.57e-05	0.00e+00	0.00e+00	0.00e+00	0.00e+00	0.00e+00
 1.03156e+17	9.17e-01	8.32e-02	1.54e-05	0.00e+00	0.00e+00	0.00e+00	0.00e+00	0.00e+00
 1.04590e+17	9.20e-01	8.00e-02	1.49e-05	0.00e+00	0.00e+00	0.00e+00	0.00e+00	0.00e+00
 1.06005e+17	9.23e-01	7.73e-02	1.45e-05	0.00e+00	0.00e+00	0.00e+00	0.00e+00	0.00e+00
 1.07227e+17	9.25e-01	7.50e-02	1.42e-05	0.00e+00	0.00e+00	0.00e+00	0.00e+00	0.00e+00
 1.08501e+17	9.28e-01	7.21e-02	1.37e-05	0.00e+00	0.00e+00	0.00e+00	0.00e+00	0.00e+00
 1.09753e+17	9.30e-01	6.98e-02	1.34e-05	0.00e+00	0.00e+00	0.00e+00	0.00e+00	0.00e+00
 1.10825e+17	9.32e-01	6.78e-02	1.32e-05	0.00e+00	0.00e+00	0.00e+00	0.00e+00	0.00e+00
 1.11929e+17	9.35e-01	6.54e-02	1.28e-05	0.00e+00	0.00e+00	0.00e+00	0.00e+00	0.00e+00
 1.13017e+17	9.36e-01	6.36e-02	1.25e-05	0.00e+00	0.00e+00	0.00e+00	0.00e+00	0.00e+00
 1.14050e+17	9.38e-01	6.16e-02	1.23e-05	0.00e+00	0.00e+00	0.00e+00	0.00e+00	0.00e+00
 1.15089e+17	9.40e-01	5.98e-02	1.21e-05	0.00e+00	0.00e+00	0.00e+00	0.00e+00	0.00e+00
 1.16180e+17	9.43e-01	5.73e-02	1.17e-05	0.00e+00	0.00e+00	0.00e+00	0.00e+00	0.00e+00
 1.17194e+17	9.45e-01	5.54e-02	1.14e-05	0.00e+00	0.00e+00	0.00e+00	0.00e+00	0.00e+00
 1.17977e+17	9.46e-01	5.42e-02	1.13e-05	0.00e+00	0.00e+00	0.00e+00	0.00e+00	0.00e+00
 1.18797e+17	9.47e-01	5.25e-02	1.10e-05	0.00e+00	0.00e+00	0.00e+00	0.00e+00	0.00e+00
 1.19677e+17	9.49e-01	5.07e-02	1.08e-05	0.00e+00	0.00e+00	0.00e+00	0.00e+00	0.00e+00
 1.20452e+17	9.51e-01	4.92e-02	1.06e-05	0.00e+00	0.00e+00	0.00e+00	0.00e+00	0.00e+00
 1.21140e+17	9.52e-01	4.81e-02	1.05e-05	0.00e+00	0.00e+00	0.00e+00	0.00e+00	0.00e+00
 1.21889e+17	9.54e-01	4.64e-02	1.02e-05	0.00e+00	0.00e+00	0.00e+00	0.00e+00	0.00e+00
 1.22642e+17	9.55e-01	4.48e-02	1.00e-05	0.00e+00	0.00e+00	0.00e+00	0.00e+00	0.00e+00
 1.23252e+17	9.56e-01	4.38e-02	9.90e-06	0.00e+00	0.00e+00	0.00e+00	0.00e+00	0.00e+00
 1.23873e+17	9.58e-01	4.24e-02	9.71e-06	0.00e+00	0.00e+00	0.00e+00	0.00e+00	0.00e+00
 1.24510e+17	9.59e-01	4.13e-02	9.57e-06	0.00e+00	0.00e+00	0.00e+00	0.00e+00	0.00e+00
 1.25104e+17	9.60e-01	4.01e-02	9.39e-06	0.00e+00	0.00e+00	0.00e+00	0.00e+00	0.00e+00
 1.25700e+17	9.60e-01	3.97e-02	9.34e-06	0.00e+00	0.00e+00	0.00e+00	0.00e+00	0.00e+00
 1.26378e+17	9.61e-01	3.86e-02	9.22e-06	0.00e+00	0.00e+00	0.00e+00	0.00e+00	0.00e+00
 1.26992e+17	9.62e-01	3.77e-02	9.11e-06	0.00e+00	0.00e+00	0.00e+00	0.00e+00	0.00e+00
 1.27360e+17	9.63e-01	3.72e-02	9.03e-06	0.00e+00	0.00e+00	0.00e+00	0.00e+00	0.00e+00
 1.27620e+17	9.63e-01	3.69e-02	8.96e-06	0.00e+00	0.00e+00	0.00e+00	0.00e+00	0.00e+00
 1.27903e+17	9.64e-01	3.65e-02	8.90e-06	0.00e+00	0.00e+00	0.00e+00	0.00e+00	0.00e+00
 1.28184e+17	9.64e-01	3.59e-02	8.83e-06	0.00e+00	0.00e+00	0.00e+00	0.00e+00	0.00e+00
 1.28419e+17	9.64e-01	3.56e-02	8.79e-06	0.00e+00	0.00e+00	0.00e+00	0.00e+00	0.00e+00
 1.28664e+17	9.65e-01	3.51e-02	8.72e-06	0.00e+00	0.00e+00	0.00e+00	0.00e+00	0.00e+00
 1.28913e+17	9.65e-01	3.46e-02	8.66e-06	0.00e+00	0.00e+00	0.00e+00	0.00e+00	0.00e+00
 1.29130e+17	9.66e-01	3.42e-02	8.60e-06	0.00e+00	0.00e+00	0.00e+00	0.00e+00	0.00e+00
 1.29345e+17	9.66e-01	3.38e-02	8.54e-06	0.00e+00	0.00e+00	0.00e+00	0.00e+00	0.00e+00
 1.29608e+17	9.67e-01	3.32e-02	8.47e-06	0.00e+00	0.00e+00	0.00e+00	0.00e+00	0.00e+00
 1.29855e+17	9.67e-01	3.28e-02	8.41e-06	0.00e+00	0.00e+00	0.00e+00	0.00e+00	0.00e+00
 1.30039e+17	9.68e-01	3.24e-02	8.35e-06	0.00e+00	0.00e+00	0.00e+00	0.00e+00	0.00e+00
 1.30217e+17	9.68e-01	3.22e-02	8.31e-06	0.00e+00	0.00e+00	0.00e+00	0.00e+00	0.00e+00
 1.30409e+17	9.68e-01	3.19e-02	8.27e-06	0.00e+00	0.00e+00	0.00e+00	0.00e+00	0.00e+00
 1.30636e+17	9.69e-01	3.15e-02	8.22e-06	0.00e+00	0.00e+00	0.00e+00	0.00e+00	0.00e+00
 1.30862e+17	9.69e-01	3.10e-02	8.16e-06	0.00e+00	0.00e+00	0.00e+00	0.00e+00	0.00e+00
 1.31042e+17	9.69e-01	3.06e-02	8.11e-06	0.00e+00	0.00e+00	0.00e+00	0.00e+00	0.00e+00
 1.31234e+17	9.70e-01	3.02e-02	8.05e-06	0.00e+00	0.00e+00	0.00e+00	0.00e+00	0.00e+00
 1.31432e+17	9.70e-01	2.99e-02	8.01e-06	0.00e+00	0.00e+00	0.00e+00	0.00e+00	0.00e+00
 1.31617e+17	9.70e-01	2.95e-02	7.96e-06	0.00e+00	0.00e+00	0.00e+00	0.00e+00	0.00e+00
 1.31812e+17	9.71e-01	2.92e-02	7.91e-06	0.00e+00	0.00e+00	0.00e+00	0.00e+00	0.00e+00
 1.32001e+17	9.71e-01	2.88e-02	7.86e-06	0.00e+00	0.00e+00	0.00e+00	0.00e+00	0.00e+00
 1.32180e+17	9.71e-01	2.85e-02	7.81e-06	0.00e+00	0.00e+00	0.00e+00	0.00e+00	0.00e+00
 1.32358e+17	9.72e-01	2.81e-02	7.76e-06	0.00e+00	0.00e+00	0.00e+00	0.00e+00	0.00e+00
 1.32543e+17	9.72e-01	2.78e-02	7.71e-06	0.00e+00	0.00e+00	0.00e+00	0.00e+00	0.00e+00
 1.32746e+17	9.73e-01	2.74e-02	7.66e-06	0.00e+00	0.00e+00	0.00e+00	0.00e+00	0.00e+00
 1.32935e+17	9.73e-01	2.71e-02	7.61e-06	0.00e+00	0.00e+00	0.00e+00	0.00e+00	0.00e+00
 1.33092e+17	9.73e-01	2.68e-02	7.56e-06	0.00e+00	0.00e+00	0.00e+00	0.00e+00	0.00e+00
 1.33259e+17	9.74e-01	2.64e-02	7.52e-06	0.00e+00	0.00e+00	0.00e+00	0.00e+00	0.00e+00
 1.33463e+17	9.74e-01	2.61e-02	7.47e-06	0.00e+00	0.00e+00	0.00e+00	0.00e+00	0.00e+00
 1.33663e+17	9.74e-01	2.57e-02	7.42e-06	0.00e+00	0.00e+00	0.00e+00	0.00e+00	0.00e+00
 1.33832e+17	9.75e-01	2.54e-02	7.37e-06	0.00e+00	0.00e+00	0.00e+00	0.00e+00	0.00e+00
 1.33996e+17	9.75e-01	2.51e-02	7.33e-06	0.00e+00	0.00e+00	0.00e+00	0.00e+00	0.00e+00
 1.34179e+17	9.75e-01	2.48e-02	7.29e-06	0.00e+00	0.00e+00	0.00e+00	0.00e+00	0.00e+00
 1.34375e+17	9.76e-01	2.45e-02	7.24e-06	0.00e+00	0.00e+00	0.00e+00	0.00e+00	0.00e+00
 1.34563e+17	9.76e-01	2.41e-02	7.19e-06	0.00e+00	0.00e+00	0.00e+00	0.00e+00	0.00e+00
 1.34738e+17	9.76e-01	2.39e-02	7.15e-06	0.00e+00	0.00e+00	0.00e+00	0.00e+00	0.00e+00
 1.34911e+17	9.76e-01	2.36e-02	7.11e-06	0.00e+00	0.00e+00	0.00e+00	0.00e+00	0.00e+00
 1.35097e+17	9.77e-01	2.33e-02	7.06e-06	0.00e+00	0.00e+00	0.00e+00	0.00e+00	0.00e+00
 1.35292e+17	9.77e-01	2.30e-02	7.02e-06	0.00e+00	0.00e+00	0.00e+00	0.00e+00	0.00e+00
 1.35485e+17	9.77e-01	2.27e-02	6.97e-06	0.00e+00	0.00e+00	0.00e+00	0.00e+00	0.00e+00
 1.35670e+17	9.78e-01	2.24e-02	6.93e-06	0.00e+00	0.00e+00	0.00e+00	0.00e+00	0.00e+00
 1.35856e+17	9.78e-01	2.21e-02	6.89e-06	0.00e+00	0.00e+00	0.00e+00	0.00e+00	0.00e+00
 1.36053e+17	9.78e-01	2.18e-02	6.85e-06	0.00e+00	0.00e+00	0.00e+00	0.00e+00	0.00e+00
 1.36258e+17	9.78e-01	2.15e-02	6.81e-06	0.00e+00	0.00e+00	0.00e+00	0.00e+00	0.00e+00
 1.36463e+17	9.79e-01	2.12e-02	6.76e-06	0.00e+00	0.00e+00	0.00e+00	0.00e+00	0.00e+00
 1.36666e+17	9.79e-01	2.09e-02	6.72e-06	0.00e+00	0.00e+00	0.00e+00	0.00e+00	0.00e+00
 1.36872e+17	9.79e-01	2.07e-02	6.68e-06	0.00e+00	0.00e+00	0.00e+00	0.00e+00	0.00e+00
 1.37088e+17	9.80e-01	2.04e-02	6.64e-06	0.00e+00	0.00e+00	0.00e+00	0.00e+00	0.00e+00
 1.37313e+17	9.80e-01	2.01e-02	6.59e-06	0.00e+00	0.00e+00	0.00e+00	0.00e+00	0.00e+00
 1.37539e+17	9.80e-01	1.98e-02	6.55e-06	0.00e+00	0.00e+00	0.00e+00	0.00e+00	0.00e+00
 1.37758e+17	9.80e-01	1.95e-02	6.51e-06	0.00e+00	0.00e+00	0.00e+00	0.00e+00	0.00e+00
 1.37989e+17	9.81e-01	1.93e-02	6.48e-06	0.00e+00	0.00e+00	0.00e+00	0.00e+00	0.00e+00
 1.38267e+17	9.81e-01	1.90e-02	6.43e-06	0.00e+00	0.00e+00	0.00e+00	0.00e+00	0.00e+00
 1.38556e+17	9.81e-01	1.86e-02	6.38e-06	0.00e+00	0.00e+00	0.00e+00	0.00e+00	0.00e+00
 1.38798e+17	9.82e-01	1.84e-02	6.34e-06	0.00e+00	0.00e+00	0.00e+00	0.00e+00	0.00e+00
 1.39046e+17	9.82e-01	1.82e-02	6.30e-06	0.00e+00	0.00e+00	0.00e+00	0.00e+00	0.00e+00
 1.39339e+17	9.82e-01	1.79e-02	6.26e-06	0.00e+00	0.00e+00	0.00e+00	0.00e+00	0.00e+00
 1.39638e+17	9.82e-01	1.76e-02	6.22e-06	0.00e+00	0.00e+00	0.00e+00	0.00e+00	0.00e+00
 1.39930e+17	9.83e-01	1.73e-02	6.18e-06	0.00e+00	0.00e+00	0.00e+00	0.00e+00	0.00e+00
 1.40234e+17	9.83e-01	1.70e-02	6.14e-06	0.00e+00	0.00e+00	0.00e+00	0.00e+00	0.00e+00
 1.40573e+17	9.83e-01	1.67e-02	6.10e-06	0.00e+00	0.00e+00	0.00e+00	0.00e+00	0.00e+00
 1.40934e+17	9.84e-01	1.64e-02	6.05e-06	0.00e+00	0.00e+00	0.00e+00	0.00e+00	0.00e+00
 1.41285e+17	9.84e-01	1.61e-02	6.01e-06	0.00e+00	0.00e+00	0.00e+00	0.00e+00	0.00e+00
 1.41630e+17	9.84e-01	1.59e-02	5.98e-06	0.00e+00	0.00e+00	0.00e+00	0.00e+00	0.00e+00
 1.42009e+17	9.84e-01	1.57e-02	5.94e-06	0.00e+00	0.00e+00	0.00e+00	0.00e+00	0.00e+00
 1.42427e+17	9.85e-01	1.54e-02	5.90e-06	0.00e+00	0.00e+00	0.00e+00	0.00e+00	0.00e+00
 1.42856e+17	9.85e-01	1.50e-02	5.85e-06	0.00e+00	0.00e+00	0.00e+00	0.00e+00	0.00e+00
 1.43243e+17	9.85e-01	1.48e-02	5.81e-06	0.00e+00	0.00e+00	0.00e+00	0.00e+00	0.00e+00
 1.43627e+17	9.85e-01	1.46e-02	5.79e-06	0.00e+00	0.00e+00	0.00e+00	0.00e+00	0.00e+00
 1.44106e+17	9.86e-01	1.43e-02	5.75e-06	0.00e+00	0.00e+00	0.00e+00	0.00e+00	0.00e+00
 1.44661e+17	9.86e-01	1.40e-02	5.71e-06	0.00e+00	0.00e+00	0.00e+00	0.00e+00	0.00e+00
 1.45199e+17	9.86e-01	1.37e-02	5.67e-06	0.00e+00	0.00e+00	0.00e+00	0.00e+00	0.00e+00
 1.45711e+17	9.86e-01	1.37e-02	5.65e-06	0.00e+00	0.00e+00	0.00e+00	0.00e+00	0.00e+00
 1.46290e+17	9.87e-01	1.35e-02	5.62e-06	0.00e+00	0.00e+00	0.00e+00	0.00e+00	0.00e+00
 1.46990e+17	9.87e-01	1.34e-02	5.59e-06	0.00e+00	0.00e+00	0.00e+00	0.00e+00	0.00e+00
 1.47753e+17	9.87e-01	1.31e-02	5.56e-06	0.00e+00	0.00e+00	0.00e+00	0.00e+00	0.00e+00
 1.48493e+17	9.87e-01	1.28e-02	5.53e-06	0.00e+00	0.00e+00	0.00e+00	0.00e+00	0.00e+00
 1.49220e+17	9.87e-01	1.26e-02	5.51e-06	0.00e+00	0.00e+00	0.00e+00	0.00e+00	0.00e+00
 1.50036e+17	9.88e-01	1.24e-02	5.48e-06	0.00e+00	0.00e+00	0.00e+00	0.00e+00	0.00e+00
 1.50966e+17	9.88e-01	1.20e-02	5.44e-06	0.00e+00	0.00e+00	0.00e+00	0.00e+00	0.00e+00
 1.51893e+17	9.88e-01	1.16e-02	5.41e-06	0.00e+00	0.00e+00	0.00e+00	0.00e+00	0.00e+00
 1.52739e+17	9.89e-01	1.13e-02	5.37e-06	0.00e+00	0.00e+00	0.00e+00	0.00e+00	0.00e+00
 1.53568e+17	9.89e-01	1.09e-02	5.34e-06	0.00e+00	0.00e+00	0.00e+00	0.00e+00	0.00e+00
 1.54419e+17	9.89e-01	1.05e-02	5.29e-06	0.00e+00	0.00e+00	0.00e+00	0.00e+00	0.00e+00
 1.55266e+17	9.90e-01	1.01e-02	5.23e-06	0.00e+00	0.00e+00	0.00e+00	0.00e+00	0.00e+00
 1.56083e+17	9.91e-01	9.18e-03	5.06e-06	0.00e+00	0.00e+00	0.00e+00	0.00e+00	0.00e+00
 1.56719e+17	9.91e-01	8.61e-03	4.95e-06	0.00e+00	0.00e+00	0.00e+00	0.00e+00	0.00e+00
 1.57177e+17	9.92e-01	8.16e-03	4.86e-06	0.00e+00	0.00e+00	0.00e+00	0.00e+00	0.00e+00
 1.57628e+17	9.99e-01	5.15e-04	1.20e-06	0.00e+00	0.00e+00	0.00e+00	0.00e+00	0.00e+00
###########################
 4.09178e+12	3.96e-02	9.10e-01	4.98e-02	2.53e-04	3.91e-06	0.00e+00	0.00e+00	0.00e+00
 2.45507e+13	3.97e-02	9.10e-01	4.99e-02	2.53e-04	3.92e-06	0.00e+00	0.00e+00	0.00e+00
 1.06386e+14	3.99e-02	9.10e-01	4.99e-02	2.53e-04	3.92e-06	0.00e+00	0.00e+00	0.00e+00
 4.33729e+14	4.07e-02	9.09e-01	4.98e-02	2.51e-04	3.90e-06	0.00e+00	0.00e+00	0.00e+00
 1.03604e+15	4.17e-02	9.07e-01	5.13e-02	2.63e-04	4.10e-06	0.00e+00	0.00e+00	0.00e+00
 1.81904e+15	4.34e-02	9.05e-01	5.11e-02	2.61e-04	4.07e-06	0.00e+00	0.00e+00	0.00e+00
 2.83694e+15	4.56e-02	9.05e-01	4.96e-02	2.50e-04	3.88e-06	0.00e+00	0.00e+00	0.00e+00
 4.16022e+15	4.85e-02	9.04e-01	4.68e-02	2.28e-04	3.51e-06	0.00e+00	0.00e+00	0.00e+00
 5.67994e+15	5.20e-02	9.04e-01	4.34e-02	2.03e-04	3.08e-06	0.00e+00	0.00e+00	0.00e+00
 7.18851e+15	5.56e-02	9.05e-01	3.95e-02	1.75e-04	2.62e-06	0.00e+00	0.00e+00	0.00e+00
 8.78578e+15	6.02e-02	9.05e-01	3.49e-02	1.45e-04	2.12e-06	0.00e+00	0.00e+00	0.00e+00
 1.06341e+16	6.64e-02	9.04e-01	2.96e-02	1.14e-04	1.60e-06	0.00e+00	0.00e+00	0.00e+00
 1.27246e+16	7.49e-02	9.01e-01	2.41e-02	8.53e-05	1.12e-06	0.00e+00	0.00e+00	0.00e+00
 1.48189e+16	8.56e-02	8.95e-01	1.91e-02	6.29e-05	7.55e-07	0.00e+00	0.00e+00	0.00e+00
 1.66414e+16	9.73e-02	8.87e-01	1.53e-02	4.78e-05	0.00e+00	0.00e+00	0.00e+00	0.00e+00
 1.82418e+16	1.10e-01	8.77e-01	1.23e-02	3.74e-05	0.00e+00	0.00e+00	0.00e+00	0.00e+00
 1.98402e+16	1.26e-01	8.64e-01	9.79e-03	2.92e-05	0.00e+00	0.00e+00	0.00e+00	0.00e+00
 2.14149e+16	1.45e-01	8.47e-01	7.74e-03	2.32e-05	0.00e+00	0.00e+00	0.00e+00	0.00e+00
 2.27533e+16	1.64e-01	8.30e-01	6.29e-03	1.92e-05	0.00e+00	0.00e+00	0.00e+00	0.00e+00
 2.38393e+16	1.81e-01	8.14e-01	5.29e-03	1.65e-05	0.00e+00	0.00e+00	0.00e+00	0.00e+00
 2.47952e+16	1.97e-01	7.98e-01	4.54e-03	1.46e-05	0.00e+00	0.00e+00	0.00e+00	0.00e+00
 2.57254e+16	2.15e-01	7.81e-01	3.89e-03	1.29e-05	0.00e+00	0.00e+00	0.00e+00	0.00e+00
 2.66557e+16	2.33e-01	7.63e-01	3.33e-03	1.15e-05	0.00e+00	0.00e+00	0.00e+00	0.00e+00
 2.75556e+16	2.52e-01	7.45e-01	2.87e-03	1.03e-05	0.00e+00	0.00e+00	0.00e+00	0.00e+00
 2.84084e+16	2.71e-01	7.27e-01	2.48e-03	9.34e-06	0.00e+00	0.00e+00	0.00e+00	0.00e+00
 2.92307e+16	2.89e-01	7.09e-01	2.16e-03	8.52e-06	0.00e+00	0.00e+00	0.00e+00	0.00e+00
 3.00426e+16	3.08e-01	6.90e-01	1.89e-03	7.81e-06	0.00e+00	0.00e+00	0.00e+00	0.00e+00
 3.07072e+16	3.22e-01	6.76e-01	1.71e-03	7.34e-06	0.00e+00	0.00e+00	0.00e+00	0.00e+00
 3.11870e+16	3.33e-01	6.66e-01	1.58e-03	7.00e-06	0.00e+00	0.00e+00	0.00e+00	0.00e+00
 3.16690e+16	3.44e-01	6.54e-01	1.46e-03	6.67e-06	0.00e+00	0.00e+00	0.00e+00	0.00e+00
 3.22273e+16	3.58e-01	6.41e-01	1.33e-03	6.30e-06	0.00e+00	0.00e+00	0.00e+00	0.00e+00
 3.28178e+16	3.72e-01	6.27e-01	1.21e-03	5.97e-06	0.00e+00	0.00e+00	0.00e+00	0.00e+00
 3.34070e+16	3.86e-01	6.13e-01	1.09e-03	5.64e-06	0.00e+00	0.00e+00	0.00e+00	0.00e+00
 3.39930e+16	3.99e-01	6.00e-01	9.98e-04	5.36e-06	0.00e+00	0.00e+00	0.00e+00	0.00e+00
 3.45924e+16	4.14e-01	5.85e-01	9.02e-04	5.05e-06	0.00e+00	0.00e+00	0.00e+00	0.00e+00
 3.52047e+16	4.28e-01	5.71e-01	8.21e-04	4.81e-06	0.00e+00	0.00e+00	0.00e+00	0.00e+00
 3.58341e+16	4.42e-01	5.57e-01	7.44e-04	4.56e-06	0.00e+00	0.00e+00	0.00e+00	0.00e+00
 3.65044e+16	4.59e-01	5.41e-01	6.66e-04	4.29e-06	0.00e+00	0.00e+00	0.00e+00	0.00e+00
 3.71705e+16	4.73e-01	5.27e-01	6.04e-04	4.08e-06	0.00e+00	0.00e+00	0.00e+00	0.00e+00
 3.78447e+16	4.89e-01	5.11e-01	5.42e-04	3.85e-06	0.00e+00	0.00e+00	0.00e+00	0.00e+00
 3.85461e+16	5.03e-01	4.96e-01	4.89e-04	3.65e-06	0.00e+00	0.00e+00	0.00e+00	0.00e+00
 3.92641e+16	5.18e-01	4.81e-01	4.41e-04	3.46e-06	0.00e+00	0.00e+00	0.00e+00	0.00e+00
 4.00299e+16	5.35e-01	4.65e-01	3.92e-04	3.25e-06	0.00e+00	0.00e+00	0.00e+00	0.00e+00
 4.08033e+16	5.50e-01	4.50e-01	3.53e-04	3.08e-06	0.00e+00	0.00e+00	0.00e+00	0.00e+00
 4.15850e+16	5.66e-01	4.34e-01	3.14e-04	2.90e-06	0.00e+00	0.00e+00	0.00e+00	0.00e+00
 4.23761e+16	5.81e-01	4.19e-01	2.83e-04	2.75e-06	0.00e+00	0.00e+00	0.00e+00	0.00e+00
 4.31884e+16	5.95e-01	4.05e-01	2.54e-04	2.60e-06	0.00e+00	0.00e+00	0.00e+00	0.00e+00
 4.40923e+16	6.12e-01	3.88e-01	2.25e-04	2.44e-06	0.00e+00	0.00e+00	0.00e+00	0.00e+00
 4.49883e+16	6.25e-01	3.75e-01	2.02e-04	2.31e-06	0.00e+00	0.00e+00	0.00e+00	0.00e+00
 4.58051e+16	6.39e-01	3.61e-01	1.82e-04	2.18e-06	0.00e+00	0.00e+00	0.00e+00	0.00e+00
 4.66413e+16	6.51e-01	3.49e-01	1.66e-04	2.08e-06	0.00e+00	0.00e+00	0.00e+00	0.00e+00
 4.75954e+16	6.64e-01	3.36e-01	1.49e-04	1.97e-06	0.00e+00	0.00e+00	0.00e+00	0.00e+00
 4.86643e+16	6.80e-01	3.20e-01	1.32e-04	1.84e-06	0.00e+00	0.00e+00	0.00e+00	0.00e+00
 4.97151e+16	6.92e-01	3.08e-01	1.19e-04	1.74e-06	0.00e+00	0.00e+00	0.00e+00	0.00e+00
 5.07077e+16	7.04e-01	2.96e-01	1.09e-04	1.65e-06	0.00e+00	0.00e+00	0.00e+00	0.00e+00
 5.17951e+16	7.17e-01	2.83e-01	9.75e-05	1.55e-06	0.00e+00	0.00e+00	0.00e+00	0.00e+00
 5.30053e+16	7.29e-01	2.71e-01	8.81e-05	1.47e-06	0.00e+00	0.00e+00	0.00e+00	0.00e+00
 5.42349e+16	7.41e-01	2.59e-01	7.94e-05	1.38e-06	0.00e+00	0.00e+00	0.00e+00	0.00e+00
 5.54862e+16	7.51e-01	2.49e-01	7.26e-05	1.31e-06	0.00e+00	0.00e+00	0.00e+00	0.00e+00
 5.67635e+16	7.62e-01	2.38e-01	6.61e-05	1.24e-06	0.00e+00	0.00e+00	0.00e+00	0.00e+00
 5.80990e+16	7.71e-01	2.29e-01	6.08e-05	1.18e-06	0.00e+00	0.00e+00	0.00e+00	0.00e+00
 5.94695e+16	7.81e-01	2.19e-01	5.58e-05	1.11e-06	0.00e+00	0.00e+00	0.00e+00	0.00e+00
 6.09306e+16	7.90e-01	2.10e-01	5.14e-05	1.06e-06	0.00e+00	0.00e+00	0.00e+00	0.00e+00
 6.24590e+16	7.99e-01	2.01e-01	4.75e-05	1.00e-06	0.00e+00	0.00e+00	0.00e+00	0.00e+00
 6.40747e+16	8.06e-01	1.94e-01	4.40e-05	9.52e-07	0.00e+00	0.00e+00	0.00e+00	0.00e+00
 6.58121e+16	8.15e-01	1.85e-01	4.07e-05	0.00e+00	0.00e+00	0.00e+00	0.00e+00	0.00e+00
 6.76039e+16	8.23e-01	1.77e-01	3.78e-05	0.00e+00	0.00e+00	0.00e+00	0.00e+00	0.00e+00
 6.95616e+16	8.30e-01	1.70e-01	3.53e-05	0.00e+00	0.00e+00	0.00e+00	0.00e+00	0.00e+00
 7.15659e+16	8.37e-01	1.62e-01	3.29e-05	0.00e+00	0.00e+00	0.00e+00	0.00e+00	0.00e+00
 7.35499e+16	8.45e-01	1.55e-01	3.08e-05	0.00e+00	0.00e+00	0.00e+00	0.00e+00	0.00e+00
 7.55621e+16	8.51e-01	1.49e-01	2.90e-05	0.00e+00	0.00e+00	0.00e+00	0.00e+00	0.00e+00
 7.76171e+16	8.57e-01	1.43e-01	2.74e-05	0.00e+00	0.00e+00	0.00e+00	0.00e+00	0.00e+00
 7.97234e+16	8.63e-01	1.37e-01	2.59e-05	0.00e+00	0.00e+00	0.00e+00	0.00e+00	0.00e+00
 8.17814e+16	8.68e-01	1.32e-01	2.46e-05	0.00e+00	0.00e+00	0.00e+00	0.00e+00	0.00e+00
 8.37853e+16	8.73e-01	1.27e-01	2.34e-05	0.00e+00	0.00e+00	0.00e+00	0.00e+00	0.00e+00
 8.57687e+16	8.79e-01	1.21e-01	2.22e-05	0.00e+00	0.00e+00	0.00e+00	0.00e+00	0.00e+00
 8.76699e+16	8.83e-01	1.17e-01	2.13e-05	0.00e+00	0.00e+00	0.00e+00	0.00e+00	0.00e+00
 8.95167e+16	8.88e-01	1.12e-01	2.05e-05	0.00e+00	0.00e+00	0.00e+00	0.00e+00	0.00e+00
 9.13387e+16	8.91e-01	1.09e-01	1.97e-05	0.00e+00	0.00e+00	0.00e+00	0.00e+00	0.00e+00
 9.31475e+16	8.96e-01	1.04e-01	1.88e-05	0.00e+00	0.00e+00	0.00e+00	0.00e+00	0.00e+00
 9.48462e+16	9.00e-01	1.00e-01	1.82e-05	0.00e+00	0.00e+00	0.00e+00	0.00e+00	0.00e+00
 9.64008e+16	9.03e-01	9.72e-02	1.77e-05	0.00e+00	0.00e+00	0.00e+00	0.00e+00	0.00e+00
 9.80414e+16	9.06e-01	9.39e-02	1.71e-05	0.00e+00	0.00e+00	0.00e+00	0.00e+00	0.00e+00
 9.97251e+16	9.10e-01	8.99e-02	1.64e-05	0.00e+00	0.00e+00	0.00e+00	0.00e+00	0.00e+00
 1.01218e+17	9.13e-01	8.70e-02	1.60e-05	0.00e+00	0.00e+00	0.00e+00	0.00e+00	0.00e+00
 1.02568e+17	9.16e-01	8.39e-02	1.55e-05	0.00e+00	0.00e+00	0.00e+00	0.00e+00	0.00e+00
 1.03929e+17	9.18e-01	8.16e-02	1.51e-05	0.00e+00	0.00e+00	0.00e+00	0.00e+00	0.00e+00
 1.05336e+17	9.22e-01	7.84e-02	1.47e-05	0.00e+00	0.00e+00	0.00e+00	0.00e+00	0.00e+00
 1.06668e+17	9.24e-01	7.61e-02	1.43e-05	0.00e+00	0.00e+00	0.00e+00	0.00e+00	0.00e+00
 1.07985e+17	9.27e-01	7.31e-02	1.39e-05	0.00e+00	0.00e+00	0.00e+00	0.00e+00	0.00e+00
 1.09253e+17	9.29e-01	7.08e-02	1.35e-05	0.00e+00	0.00e+00	0.00e+00	0.00e+00	0.00e+00
 1.10346e+17	9.31e-01	6.87e-02	1.32e-05	0.00e+00	0.00e+00	0.00e+00	0.00e+00	0.00e+00
 1.11428e+17	9.33e-01	6.67e-02	1.30e-05	0.00e+00	0.00e+00	0.00e+00	0.00e+00	0.00e+00
 1.12600e+17	9.36e-01	6.43e-02	1.26e-05	0.00e+00	0.00e+00	0.00e+00	0.00e+00	0.00e+00
 1.13751e+17	9.38e-01	6.20e-02	1.23e-05	0.00e+00	0.00e+00	0.00e+00	0.00e+00	0.00e+00
 1.14738e+17	9.40e-01	6.03e-02	1.21e-05	0.00e+00	0.00e+00	0.00e+00	0.00e+00	0.00e+00
 1.15645e+17	9.41e-01	5.86e-02	1.18e-05	0.00e+00	0.00e+00	0.00e+00	0.00e+00	0.00e+00
 1.16554e+17	9.43e-01	5.69e-02	1.17e-05	0.00e+00	0.00e+00	0.00e+00	0.00e+00	0.00e+00
 1.17555e+17	9.45e-01	5.47e-02	1.13e-05	0.00e+00	0.00e+00	0.00e+00	0.00e+00	0.00e+00
 1.18523e+17	9.47e-01	5.28e-02	1.11e-05	0.00e+00	0.00e+00	0.00e+00	0.00e+00	0.00e+00
 1.19295e+17	9.48e-01	5.16e-02	1.09e-05	0.00e+00	0.00e+00	0.00e+00	0.00e+00	0.00e+00
 1.20091e+17	9.50e-01	4.99e-02	1.07e-05	0.00e+00	0.00e+00	0.00e+00	0.00e+00	0.00e+00
 1.20905e+17	9.52e-01	4.82e-02	1.05e-05	0.00e+00	0.00e+00	0.00e+00	0.00e+00	0.00e+00
 1.21595e+17	9.53e-01	4.71e-02	1.03e-05	0.00e+00	0.00e+00	0.00e+00	0.00e+00	0.00e+00
 1.22312e+17	9.54e-01	4.56e-02	1.01e-05	0.00e+00	0.00e+00	0.00e+00	0.00e+00	0.00e+00
 1.23028e+17	9.56e-01	4.44e-02	9.99e-06	0.00e+00	0.00e+00	0.00e+00	0.00e+00	0.00e+00
 1.23694e+17	9.57e-01	4.28e-02	9.76e-06	0.00e+00	0.00e+00	0.00e+00	0.00e+00	0.00e+00
 1.24329e+17	9.59e-01	4.15e-02	9.58e-06	0.00e+00	0.00e+00	0.00e+00	0.00e+00	0.00e+00
 1.24849e+17	9.59e-01	4.08e-02	9.50e-06	0.00e+00	0.00e+00	0.00e+00	0.00e+00	0.00e+00
 1.25384e+17	9.60e-01	4.02e-02	9.39e-06	0.00e+00	0.00e+00	0.00e+00	0.00e+00	0.00e+00
 1.26080e+17	9.61e-01	3.92e-02	9.29e-06	0.00e+00	0.00e+00	0.00e+00	0.00e+00	0.00e+00
 1.26935e+17	9.62e-01	3.76e-02	9.08e-06	0.00e+00	0.00e+00	0.00e+00	0.00e+00	0.00e+00
 1.27674e+17	9.64e-01	3.60e-02	8.88e-06	0.00e+00	0.00e+00	0.00e+00	0.00e+00	0.00e+00
 1.28117e+17	9.64e-01	3.55e-02	8.80e-06	0.00e+00	0.00e+00	0.00e+00	0.00e+00	0.00e+00
 1.28409e+17	9.65e-01	3.52e-02	8.75e-06	0.00e+00	0.00e+00	0.00e+00	0.00e+00	0.00e+00
 1.28699e+17	9.65e-01	3.48e-02	8.69e-06	0.00e+00	0.00e+00	0.00e+00	0.00e+00	0.00e+00
 1.28989e+17	9.66e-01	3.43e-02	8.62e-06	0.00e+00	0.00e+00	0.00e+00	0.00e+00	0.00e+00
 1.29227e+17	9.66e-01	3.39e-02	8.57e-06	0.00e+00	0.00e+00	0.00e+00	0.00e+00	0.00e+00
 1.29445e+17	9.66e-01	3.35e-02	8.51e-06	0.00e+00	0.00e+00	0.00e+00	0.00e+00	0.00e+00
 1.29675e+17	9.67e-01	3.32e-02	8.46e-06	0.00e+00	0.00e+00	0.00e+00	0.00e+00	0.00e+00
 1.29961e+17	9.67e-01	3.26e-02	8.38e-06	0.00e+00	0.00e+00	0.00e+00	0.00e+00	0.00e+00
 1.30225e+17	9.68e-01	3.20e-02	8.32e-06	0.00e+00	0.00e+00	0.00e+00	0.00e+00	0.00e+00
 1.30401e+17	9.68e-01	3.18e-02	8.27e-06	0.00e+00	0.00e+00	0.00e+00	0.00e+00	0.00e+00
 1.30564e+17	9.68e-01	3.15e-02	8.23e-06	0.00e+00	0.00e+00	0.00e+00	0.00e+00	0.00e+00
 1.30768e+17	9.69e-01	3.11e-02	8.18e-06	0.00e+00	0.00e+00	0.00e+00	0.00e+00	0.00e+00
 1.31010e+17	9.69e-01	3.06e-02	8.11e-06	0.00e+00	0.00e+00	0.00e+00	0.00e+00	0.00e+00
 1.31229e+17	9.70e-01	3.02e-02	8.05e-06	0.00e+00	0.00e+00	0.00e+00	0.00e+00	0.00e+00
 1.31399e+17	9.70e-01	3.00e-02	8.01e-06	0.00e+00	0.00e+00	0.00e+00	0.00e+00	0.00e+00
 1.31567e+17	9.70e-01	2.96e-02	7.97e-06	0.00e+00	0.00e+00	0.00e+00	0.00e+00	0.00e+00
 1.31774e+17	9.71e-01	2.92e-02	7.91e-06	0.00e+00	0.00e+00	0.00e+00	0.00e+00	0.00e+00
 1.32011e+17	9.71e-01	2.87e-02	7.85e-06	0.00e+00	0.00e+00	0.00e+00	0.00e+00	0.00e+00
 1.32213e+17	9.72e-01	2.83e-02	7.79e-06	0.00e+00	0.00e+00	0.00e+00	0.00e+00	0.00e+00
 1.32364e+17	9.72e-01	2.81e-02	7.75e-06	0.00e+00	0.00e+00	0.00e+00	0.00e+00	0.00e+00
 1.32516e+17	9.72e-01	2.78e-02	7.71e-06	0.00e+00	0.00e+00	0.00e+00	0.00e+00	0.00e+00
 1.32707e+17	9.73e-01	2.75e-02	7.66e-06	0.00e+00	0.00e+00	0.00e+00	0.00e+00	0.00e+00
 1.32923e+17	9.73e-01	2.71e-02	7.61e-06	0.00e+00	0.00e+00	0.00e+00	0.00e+00	0.00e+00
 1.33114e+17	9.73e-01	2.67e-02	7.56e-06	0.00e+00	0.00e+00	0.00e+00	0.00e+00	0.00e+00
 1.33278e+17	9.74e-01	2.64e-02	7.51e-06	0.00e+00	0.00e+00	0.00e+00	0.00e+00	0.00e+00
 1.33449e+17	9.74e-01	2.61e-02	7.47e-06	0.00e+00	0.00e+00	0.00e+00	0.00e+00	0.00e+00
 1.33640e+17	9.74e-01	2.58e-02	7.42e-06	0.00e+00	0.00e+00	0.00e+00	0.00e+00	0.00e+00
 1.33835e+17	9.75e-01	2.54e-02	7.37e-06	0.00e+00	0.00e+00	0.00e+00	0.00e+00	0.00e+00
 1.34015e+17	9.75e-01	2.51e-02	7.33e-06	0.00e+00	0.00e+00	0.00e+00	0.00e+00	0.00e+00
 1.34185e+17	9.75e-01	2.48e-02	7.28e-06	0.00e+00	0.00e+00	0.00e+00	0.00e+00	0.00e+00
 1.34358e+17	9.75e-01	2.45e-02	7.24e-06	0.00e+00	0.00e+00	0.00e+00	0.00e+00	0.00e+00
 1.34544e+17	9.76e-01	2.42e-02	7.20e-06	0.00e+00	0.00e+00	0.00e+00	0.00e+00	0.00e+00
 1.34734e+17	9.76e-01	2.39e-02	7.15e-06	0.00e+00	0.00e+00	0.00e+00	0.00e+00	0.00e+00
 1.34918e+17	9.76e-01	2.36e-02	7.10e-06	0.00e+00	0.00e+00	0.00e+00	0.00e+00	0.00e+00
 1.35096e+17	9.77e-01	2.33e-02	7.06e-06	0.00e+00	0.00e+00	0.00e+00	0.00e+00	0.00e+00
 1.35278e+17	9.77e-01	2.30e-02	7.02e-06	0.00e+00	0.00e+00	0.00e+00	0.00e+00	0.00e+00
 1.35469e+17	9.77e-01	2.27e-02	6.98e-06	0.00e+00	0.00e+00	0.00e+00	0.00e+00	0.00e+00
 1.35665e+17	9.78e-01	2.24e-02	6.93e-06	0.00e+00	0.00e+00	0.00e+00	0.00e+00	0.00e+00
 1.35858e+17	9.78e-01	2.21e-02	6.89e-06	0.00e+00	0.00e+00	0.00e+00	0.00e+00	0.00e+00
 1.36049e+17	9.78e-01	2.18e-02	6.85e-06	0.00e+00	0.00e+00	0.00e+00	0.00e+00	0.00e+00
 1.36245e+17	9.78e-01	2.15e-02	6.81e-06	0.00e+00	0.00e+00	0.00e+00	0.00e+00	0.00e+00
 1.36450e+17	9.79e-01	2.12e-02	6.76e-06	0.00e+00	0.00e+00	0.00e+00	0.00e+00	0.00e+00
 1.36661e+17	9.79e-01	2.09e-02	6.72e-06	0.00e+00	0.00e+00	0.00e+00	0.00e+00	0.00e+00
 1.36871e+17	9.79e-01	2.07e-02	6.68e-06	0.00e+00	0.00e+00	0.00e+00	0.00e+00	0.00e+00
 1.37081e+17	9.80e-01	2.04e-02	6.64e-06	0.00e+00	0.00e+00	0.00e+00	0.00e+00	0.00e+00
 1.37300e+17	9.80e-01	2.01e-02	6.60e-06	0.00e+00	0.00e+00	0.00e+00	0.00e+00	0.00e+00
 1.37531e+17	9.80e-01	1.98e-02	6.55e-06	0.00e+00	0.00e+00	0.00e+00	0.00e+00	0.00e+00
 1.37760e+17	9.80e-01	1.96e-02	6.51e-06	0.00e+00	0.00e+00	0.00e+00	0.00e+00	0.00e+00
 1.37985e+17	9.81e-01	1.93e-02	6.47e-06	0.00e+00	0.00e+00	0.00e+00	0.00e+00	0.00e+00
 1.38225e+17	9.81e-01	1.90e-02	6.43e-06	0.00e+00	0.00e+00	0.00e+00	0.00e+00	0.00e+00
 1.38486e+17	9.81e-01	1.87e-02	6.39e-06	0.00e+00	0.00e+00	0.00e+00	0.00e+00	0.00e+00
 1.38756e+17	9.82e-01	1.84e-02	6.34e-06	0.00e+00	0.00e+00	0.00e+00	0.00e+00	0.00e+00
 1.39026e+17	9.82e-01	1.81e-02	6.30e-06	0.00e+00	0.00e+00	0.00e+00	0.00e+00	0.00e+00
 1.39301e+17	9.82e-01	1.79e-02	6.26e-06	0.00e+00	0.00e+00	0.00e+00	0.00e+00	0.00e+00
 1.39594e+17	9.82e-01	1.76e-02	6.22e-06	0.00e+00	0.00e+00	0.00e+00	0.00e+00	0.00e+00
 1.39906e+17	9.83e-01	1.73e-02	6.18e-06	0.00e+00	0.00e+00	0.00e+00	0.00e+00	0.00e+00
 1.40240e+17	9.83e-01	1.70e-02	6.14e-06	0.00e+00	0.00e+00	0.00e+00	0.00e+00	0.00e+00
 1.40565e+17	9.83e-01	1.67e-02	6.09e-06	0.00e+00	0.00e+00	0.00e+00	0.00e+00	0.00e+00
 1.40873e+17	9.84e-01	1.65e-02	6.06e-06	0.00e+00	0.00e+00	0.00e+00	0.00e+00	0.00e+00
 1.41224e+17	9.84e-01	1.62e-02	6.02e-06	0.00e+00	0.00e+00	0.00e+00	0.00e+00	0.00e+00
 1.41628e+17	9.84e-01	1.59e-02	5.98e-06	0.00e+00	0.00e+00	0.00e+00	0.00e+00	0.00e+00
 1.42029e+17	9.84e-01	1.56e-02	5.93e-06	0.00e+00	0.00e+00	0.00e+00	0.00e+00	0.00e+00
 1.42399e+17	9.85e-01	1.54e-02	5.90e-06	0.00e+00	0.00e+00	0.00e+00	0.00e+00	0.00e+00
 1.42796e+17	9.85e-01	1.51e-02	5.86e-06	0.00e+00	0.00e+00	0.00e+00	0.00e+00	0.00e+00
 1.43214e+17	9.85e-01	1.48e-02	5.82e-06	0.00e+00	0.00e+00	0.00e+00	0.00e+00	0.00e+00
 1.43621e+17	9.85e-01	1.46e-02	5.78e-06	0.00e+00	0.00e+00	0.00e+00	0.00e+00	0.00e+00
 1.44077e+17	9.86e-01	1.43e-02	5.75e-06	0.00e+00	0.00e+00	0.00e+00	0.00e+00	0.00e+00
 1.44614e+17	9.86e-01	1.40e-02	5.71e-06	0.00e+00	0.00e+00	0.00e+00	0.00e+00	0.00e+00
 1.45174e+17	9.86e-01	1.37e-02	5.67e-06	0.00e+00	0.00e+00	0.00e+00	0.00e+00	0.00e+00
 1.45710e+17	9.86e-01	1.36e-02	5.65e-06	0.00e+00	0.00e+00	0.00e+00	0.00e+00	0.00e+00
 1.46284e+17	9.87e-01	1.34e-02	5.62e-06	0.00e+00	0.00e+00	0.00e+00	0.00e+00	0.00e+00
 1.46971e+17	9.87e-01	1.34e-02	5.59e-06	0.00e+00	0.00e+00	0.00e+00	0.00e+00	0.00e+00
 1.47731e+17	9.87e-01	1.31e-02	5.56e-06	0.00e+00	0.00e+00	0.00e+00	0.00e+00	0.00e+00
 1.48479e+17	9.87e-01	1.28e-02	5.53e-06	0.00e+00	0.00e+00	0.00e+00	0.00e+00	0.00e+00
 1.49206e+17	9.87e-01	1.26e-02	5.51e-06	0.00e+00	0.00e+00	0.00e+00	0.00e+00	0.00e+00
 1.49994e+17	9.88e-01	1.24e-02	5.48e-06	0.00e+00	0.00e+00	0.00e+00	0.00e+00	0.00e+00
 1.50908e+17	9.88e-01	1.20e-02	5.45e-06	0.00e+00	0.00e+00	0.00e+00	0.00e+00	0.00e+00
 1.51858e+17	9.88e-01	1.16e-02	5.41e-06	0.00e+00	0.00e+00	0.00e+00	0.00e+00	0.00e+00
 1.52729e+17	9.89e-01	1.13e-02	5.37e-06	0.00e+00	0.00e+00	0.00e+00	0.00e+00	0.00e+00
 1.53550e+17	9.89e-01	1.09e-02	5.34e-06	0.00e+00	0.00e+00	0.00e+00	0.00e+00	0.00e+00
 1.54378e+17	9.89e-01	1.05e-02	5.29e-06	0.00e+00	0.00e+00	0.00e+00	0.00e+00	0.00e+00
 1.55218e+17	9.90e-01	9.94e-03	5.19e-06	0.00e+00	0.00e+00	0.00e+00	0.00e+00	0.00e+00
 1.55979e+17	9.91e-01	9.29e-03	5.09e-06	0.00e+00	0.00e+00	0.00e+00	0.00e+00	0.00e+00
 1.56562e+17	9.91e-01	8.96e-03	5.04e-06	0.00e+00	0.00e+00	0.00e+00	0.00e+00	0.00e+00
 1.57127e+17	9.92e-01	8.18e-03	4.86e-06	0.00e+00	0.00e+00	0.00e+00	0.00e+00	0.00e+00
 1.57737e+17	1.00e+00	4.55e-04	1.15e-06	0.00e+00	0.00e+00	0.00e+00	0.00e+00	0.00e+00
