#depth	N  1	N  2	N  3	N  4	N  5	N  6	N  7	N  8
 1.21422e+13	8.76e-03	6.64e-01	3.18e-01	9.09e-03	2.45e-04	1.77e-06	0.00e+00	0.00e+00
 7.28534e+13	8.78e-03	6.64e-01	3.18e-01	9.09e-03	2.45e-04	1.77e-06	0.00e+00	0.00e+00
 3.15698e+14	8.82e-03	6.64e-01	3.18e-01	9.11e-03	2.46e-04	1.78e-06	0.00e+00	0.00e+00
 1.28708e+15	8.97e-03	6.62e-01	3.19e-01	9.07e-03	2.45e-04	1.76e-06	0.00e+00	0.00e+00
 3.07441e+15	9.17e-03	6.54e-01	3.27e-01	9.44e-03	2.54e-04	1.86e-06	0.00e+00	0.00e+00
 5.39795e+15	9.45e-03	6.50e-01	3.31e-01	9.52e-03	2.57e-04	1.87e-06	0.00e+00	0.00e+00
 8.41855e+15	9.87e-03	6.50e-01	3.30e-01	9.25e-03	2.50e-04	1.79e-06	0.00e+00	0.00e+00
 1.23453e+16	1.05e-02	6.56e-01	3.24e-01	8.60e-03	2.34e-04	1.60e-06	0.00e+00	0.00e+00
 1.69120e+16	1.13e-02	6.67e-01	3.14e-01	7.74e-03	2.12e-04	1.37e-06	0.00e+00	0.00e+00
 2.14866e+16	1.21e-02	6.81e-01	3.00e-01	6.76e-03	1.88e-04	1.13e-06	0.00e+00	0.00e+00
 2.63315e+16	1.34e-02	7.03e-01	2.77e-01	5.56e-03	1.57e-04	8.48e-07	0.00e+00	0.00e+00
 3.19577e+16	1.53e-02	7.34e-01	2.47e-01	4.23e-03	1.22e-04	0.00e+00	0.00e+00	0.00e+00
 3.79434e+16	1.78e-02	7.67e-01	2.12e-01	3.05e-03	8.95e-05	0.00e+00	0.00e+00	0.00e+00
 4.34212e+16	2.06e-02	7.97e-01	1.80e-01	2.18e-03	6.47e-05	0.00e+00	0.00e+00	0.00e+00
 4.80411e+16	2.36e-02	8.23e-01	1.52e-01	1.58e-03	4.73e-05	0.00e+00	0.00e+00	0.00e+00
 5.21689e+16	2.70e-02	8.44e-01	1.28e-01	1.15e-03	3.45e-05	0.00e+00	0.00e+00	0.00e+00
 5.61141e+16	3.10e-02	8.62e-01	1.06e-01	8.34e-04	2.48e-05	0.00e+00	0.00e+00	0.00e+00
 5.98907e+16	3.57e-02	8.76e-01	8.72e-02	6.02e-04	1.75e-05	0.00e+00	0.00e+00	0.00e+00
 6.35316e+16	4.14e-02	8.88e-01	7.04e-02	4.33e-04	1.21e-05	0.00e+00	0.00e+00	0.00e+00
 6.69559e+16	4.81e-02	8.95e-01	5.65e-02	3.14e-04	8.35e-06	0.00e+00	0.00e+00	0.00e+00
 6.99832e+16	5.54e-02	8.99e-01	4.54e-02	2.34e-04	5.81e-06	0.00e+00	0.00e+00	0.00e+00
 7.26274e+16	6.32e-02	9.00e-01	3.70e-02	1.81e-04	4.15e-06	0.00e+00	0.00e+00	0.00e+00
 7.50399e+16	7.17e-02	8.98e-01	3.03e-02	1.43e-04	3.01e-06	0.00e+00	0.00e+00	0.00e+00
 7.73660e+16	8.14e-02	8.94e-01	2.47e-02	1.15e-04	2.18e-06	0.00e+00	0.00e+00	0.00e+00
 7.96387e+16	9.26e-02	8.87e-01	2.01e-02	9.30e-05	1.57e-06	0.00e+00	0.00e+00	0.00e+00
 8.18290e+16	1.05e-01	8.79e-01	1.62e-02	7.62e-05	1.13e-06	0.00e+00	0.00e+00	0.00e+00
 8.39318e+16	1.19e-01	8.68e-01	1.31e-02	6.33e-05	8.17e-07	0.00e+00	0.00e+00	0.00e+00
 8.59822e+16	1.35e-01	8.54e-01	1.05e-02	5.32e-05	0.00e+00	0.00e+00	0.00e+00	0.00e+00
 8.79566e+16	1.53e-01	8.39e-01	8.46e-03	4.53e-05	0.00e+00	0.00e+00	0.00e+00	0.00e+00
 8.97572e+16	1.71e-01	8.22e-01	6.90e-03	3.93e-05	0.00e+00	0.00e+00	0.00e+00	0.00e+00
 9.13612e+16	1.88e-01	8.06e-01	5.73e-03	3.48e-05	0.00e+00	0.00e+00	0.00e+00	0.00e+00
 9.28466e+16	2.06e-01	7.90e-01	4.82e-03	3.13e-05	0.00e+00	0.00e+00	0.00e+00	0.00e+00
 9.43045e+16	2.24e-01	7.72e-01	4.05e-03	2.82e-05	0.00e+00	0.00e+00	0.00e+00	0.00e+00
 9.57466e+16	2.43e-01	7.53e-01	3.41e-03	2.55e-05	0.00e+00	0.00e+00	0.00e+00	0.00e+00
 9.71285e+16	2.63e-01	7.34e-01	2.88e-03	2.33e-05	0.00e+00	0.00e+00	0.00e+00	0.00e+00
 9.81965e+16	2.79e-01	7.19e-01	2.53e-03	2.17e-05	0.00e+00	0.00e+00	0.00e+00	0.00e+00
 9.88973e+16	2.89e-01	7.09e-01	2.33e-03	2.08e-05	0.00e+00	0.00e+00	0.00e+00	0.00e+00
 9.95971e+16	2.99e-01	6.99e-01	2.15e-03	2.00e-05	0.00e+00	0.00e+00	0.00e+00	0.00e+00
 1.00507e+17	3.13e-01	6.85e-01	1.92e-03	1.88e-05	0.00e+00	0.00e+00	0.00e+00	0.00e+00
 1.01501e+17	3.29e-01	6.69e-01	1.70e-03	1.77e-05	0.00e+00	0.00e+00	0.00e+00	0.00e+00
 1.02383e+17	3.44e-01	6.55e-01	1.53e-03	1.67e-05	0.00e+00	0.00e+00	0.00e+00	0.00e+00
 1.03172e+17	3.56e-01	6.43e-01	1.40e-03	1.60e-05	0.00e+00	0.00e+00	0.00e+00	0.00e+00
 1.04027e+17	3.70e-01	6.29e-01	1.26e-03	1.52e-05	0.00e+00	0.00e+00	0.00e+00	0.00e+00
 1.04977e+17	3.86e-01	6.13e-01	1.12e-03	1.43e-05	0.00e+00	0.00e+00	0.00e+00	0.00e+00
 1.05907e+17	4.01e-01	5.98e-01	1.01e-03	1.35e-05	0.00e+00	0.00e+00	0.00e+00	0.00e+00
 1.06795e+17	4.16e-01	5.83e-01	9.08e-04	1.28e-05	0.00e+00	0.00e+00	0.00e+00	0.00e+00
 1.07688e+17	4.30e-01	5.69e-01	8.22e-04	1.22e-05	0.00e+00	0.00e+00	0.00e+00	0.00e+00
 1.08653e+17	4.47e-01	5.53e-01	7.36e-04	1.16e-05	0.00e+00	0.00e+00	0.00e+00	0.00e+00
 1.09661e+17	4.63e-01	5.36e-01	6.59e-04	1.09e-05	0.00e+00	0.00e+00	0.00e+00	0.00e+00
 1.10629e+17	4.78e-01	5.22e-01	5.96e-04	1.04e-05	0.00e+00	0.00e+00	0.00e+00	0.00e+00
 1.11630e+17	4.93e-01	5.06e-01	5.36e-04	9.81e-06	0.00e+00	0.00e+00	0.00e+00	0.00e+00
 1.12699e+17	5.09e-01	4.91e-01	4.83e-04	9.30e-06	0.00e+00	0.00e+00	0.00e+00	0.00e+00
 1.13786e+17	5.25e-01	4.75e-01	4.35e-04	8.78e-06	0.00e+00	0.00e+00	0.00e+00	0.00e+00
 1.14896e+17	5.39e-01	4.60e-01	3.94e-04	8.35e-06	0.00e+00	0.00e+00	0.00e+00	0.00e+00
 1.16073e+17	5.55e-01	4.45e-01	3.55e-04	7.88e-06	0.00e+00	0.00e+00	0.00e+00	0.00e+00
 1.17338e+17	5.70e-01	4.30e-01	3.21e-04	7.47e-06	0.00e+00	0.00e+00	0.00e+00	0.00e+00
 1.18691e+17	5.86e-01	4.14e-01	2.89e-04	7.04e-06	0.00e+00	0.00e+00	0.00e+00	0.00e+00
 1.20086e+17	6.00e-01	4.00e-01	2.63e-04	6.68e-06	0.00e+00	0.00e+00	0.00e+00	0.00e+00
 1.21529e+17	6.13e-01	3.87e-01	2.41e-04	6.35e-06	0.00e+00	0.00e+00	0.00e+00	0.00e+00
 1.23159e+17	6.28e-01	3.72e-01	2.18e-04	5.98e-06	0.00e+00	0.00e+00	0.00e+00	0.00e+00
 1.24938e+17	6.42e-01	3.58e-01	1.99e-04	5.68e-06	0.00e+00	0.00e+00	0.00e+00	0.00e+00
 1.26686e+17	6.55e-01	3.45e-01	1.83e-04	5.37e-06	0.00e+00	0.00e+00	0.00e+00	0.00e+00
 1.28492e+17	6.64e-01	3.35e-01	1.70e-04	5.16e-06	0.00e+00	0.00e+00	0.00e+00	0.00e+00
 1.30424e+17	6.76e-01	3.23e-01	1.58e-04	4.91e-06	0.00e+00	0.00e+00	0.00e+00	0.00e+00
 1.32500e+17	6.86e-01	3.14e-01	1.48e-04	4.71e-06	0.00e+00	0.00e+00	0.00e+00	0.00e+00
 1.34815e+17	6.97e-01	3.03e-01	1.37e-04	4.47e-06	0.00e+00	0.00e+00	0.00e+00	0.00e+00
 1.37552e+17	7.09e-01	2.91e-01	1.27e-04	4.25e-06	0.00e+00	0.00e+00	0.00e+00	0.00e+00
 1.40894e+17	7.20e-01	2.79e-01	1.17e-04	4.01e-06	0.00e+00	0.00e+00	0.00e+00	0.00e+00
 1.44375e+17	7.31e-01	2.68e-01	1.09e-04	3.80e-06	0.00e+00	0.00e+00	0.00e+00	0.00e+00
 1.48034e+17	7.41e-01	2.59e-01	1.02e-04	3.62e-06	0.00e+00	0.00e+00	0.00e+00	0.00e+00
 1.52062e+17	7.52e-01	2.48e-01	9.48e-05	3.42e-06	0.00e+00	0.00e+00	0.00e+00	0.00e+00
 1.56365e+17	7.62e-01	2.38e-01	8.86e-05	3.23e-06	0.00e+00	0.00e+00	0.00e+00	0.00e+00
 1.61094e+17	7.72e-01	2.28e-01	8.29e-05	3.06e-06	0.00e+00	0.00e+00	0.00e+00	0.00e+00
 1.65893e+17	7.82e-01	2.18e-01	7.77e-05	2.89e-06	0.00e+00	0.00e+00	0.00e+00	0.00e+00
 1.70632e+17	7.91e-01	2.09e-01	7.32e-05	2.73e-06	0.00e+00	0.00e+00	0.00e+00	0.00e+00
 1.75584e+17	8.00e-01	2.00e-01	6.91e-05	2.59e-06	0.00e+00	0.00e+00	0.00e+00	0.00e+00
 1.80751e+17	8.08e-01	1.92e-01	6.55e-05	2.45e-06	0.00e+00	0.00e+00	0.00e+00	0.00e+00
 1.86061e+17	8.17e-01	1.83e-01	6.19e-05	2.30e-06	0.00e+00	0.00e+00	0.00e+00	0.00e+00
 1.91285e+17	8.24e-01	1.76e-01	5.90e-05	2.19e-06	0.00e+00	0.00e+00	0.00e+00	0.00e+00
 1.96270e+17	8.31e-01	1.69e-01	5.64e-05	2.08e-06	0.00e+00	0.00e+00	0.00e+00	0.00e+00
 2.01224e+17	8.38e-01	1.62e-01	5.40e-05	1.98e-06	0.00e+00	0.00e+00	0.00e+00	0.00e+00
 2.06188e+17	8.45e-01	1.55e-01	5.19e-05	1.88e-06	0.00e+00	0.00e+00	0.00e+00	0.00e+00
 2.11148e+17	8.51e-01	1.49e-01	4.98e-05	1.79e-06	0.00e+00	0.00e+00	0.00e+00	0.00e+00
 2.16144e+17	8.57e-01	1.43e-01	4.79e-05	1.70e-06	0.00e+00	0.00e+00	0.00e+00	0.00e+00
 2.21053e+17	8.62e-01	1.38e-01	4.62e-05	1.62e-06	0.00e+00	0.00e+00	0.00e+00	0.00e+00
 2.25781e+17	8.68e-01	1.32e-01	4.46e-05	1.54e-06	0.00e+00	0.00e+00	0.00e+00	0.00e+00
 2.30331e+17	8.73e-01	1.27e-01	4.31e-05	1.46e-06	0.00e+00	0.00e+00	0.00e+00	0.00e+00
 2.34570e+17	8.77e-01	1.23e-01	4.19e-05	1.40e-06	0.00e+00	0.00e+00	0.00e+00	0.00e+00
 2.38703e+17	8.82e-01	1.18e-01	4.06e-05	1.34e-06	0.00e+00	0.00e+00	0.00e+00	0.00e+00
 2.42789e+17	8.86e-01	1.14e-01	3.95e-05	1.28e-06	0.00e+00	0.00e+00	0.00e+00	0.00e+00
 2.46763e+17	8.91e-01	1.09e-01	3.83e-05	1.22e-06	0.00e+00	0.00e+00	0.00e+00	0.00e+00
 2.50567e+17	8.94e-01	1.06e-01	3.73e-05	1.18e-06	0.00e+00	0.00e+00	0.00e+00	0.00e+00
 2.54204e+17	8.97e-01	1.03e-01	3.64e-05	1.13e-06	0.00e+00	0.00e+00	0.00e+00	0.00e+00
 2.57773e+17	9.00e-01	1.00e-01	3.55e-05	1.10e-06	0.00e+00	0.00e+00	0.00e+00	0.00e+00
 2.61228e+17	9.02e-01	9.76e-02	3.47e-05	1.06e-06	0.00e+00	0.00e+00	0.00e+00	0.00e+00
 2.64599e+17	9.06e-01	9.42e-02	3.39e-05	1.02e-06	0.00e+00	0.00e+00	0.00e+00	0.00e+00
 2.67770e+17	9.09e-01	9.12e-02	3.31e-05	9.80e-07	0.00e+00	0.00e+00	0.00e+00	0.00e+00
 2.70741e+17	9.12e-01	8.84e-02	3.24e-05	0.00e+00	0.00e+00	0.00e+00	0.00e+00	0.00e+00
 2.73596e+17	9.14e-01	8.57e-02	3.17e-05	0.00e+00	0.00e+00	0.00e+00	0.00e+00	0.00e+00
 2.76367e+17	9.17e-01	8.30e-02	3.10e-05	0.00e+00	0.00e+00	0.00e+00	0.00e+00	0.00e+00
 2.79037e+17	9.19e-01	8.05e-02	3.04e-05	0.00e+00	0.00e+00	0.00e+00	0.00e+00	0.00e+00
 2.81582e+17	9.22e-01	7.81e-02	2.97e-05	0.00e+00	0.00e+00	0.00e+00	0.00e+00	0.00e+00
 2.84007e+17	9.24e-01	7.58e-02	2.93e-05	0.00e+00	0.00e+00	0.00e+00	0.00e+00	0.00e+00
 2.86343e+17	9.26e-01	7.36e-02	2.87e-05	0.00e+00	0.00e+00	0.00e+00	0.00e+00	0.00e+00
 2.88621e+17	9.29e-01	7.14e-02	2.82e-05	0.00e+00	0.00e+00	0.00e+00	0.00e+00	0.00e+00
 2.90804e+17	9.31e-01	6.93e-02	2.76e-05	0.00e+00	0.00e+00	0.00e+00	0.00e+00	0.00e+00
 2.92839e+17	9.32e-01	6.76e-02	2.73e-05	0.00e+00	0.00e+00	0.00e+00	0.00e+00	0.00e+00
 2.94978e+17	9.35e-01	6.52e-02	2.66e-05	0.00e+00	0.00e+00	0.00e+00	0.00e+00	0.00e+00
 2.97019e+17	9.37e-01	6.31e-02	2.61e-05	0.00e+00	0.00e+00	0.00e+00	0.00e+00	0.00e+00
 2.98634e+17	9.38e-01	6.19e-02	2.58e-05	0.00e+00	0.00e+00	0.00e+00	0.00e+00	0.00e+00
 3.00312e+17	9.40e-01	6.02e-02	2.53e-05	0.00e+00	0.00e+00	0.00e+00	0.00e+00	0.00e+00
 3.02080e+17	9.42e-01	5.80e-02	2.47e-05	0.00e+00	0.00e+00	0.00e+00	0.00e+00	0.00e+00
 3.03524e+17	9.43e-01	5.69e-02	2.44e-05	0.00e+00	0.00e+00	0.00e+00	0.00e+00	0.00e+00
 3.04921e+17	9.45e-01	5.54e-02	2.40e-05	0.00e+00	0.00e+00	0.00e+00	0.00e+00	0.00e+00
 3.06394e+17	9.47e-01	5.35e-02	2.35e-05	0.00e+00	0.00e+00	0.00e+00	0.00e+00	0.00e+00
 3.07615e+17	9.47e-01	5.27e-02	2.33e-05	0.00e+00	0.00e+00	0.00e+00	0.00e+00	0.00e+00
 3.08820e+17	9.49e-01	5.11e-02	2.29e-05	0.00e+00	0.00e+00	0.00e+00	0.00e+00	0.00e+00
 3.10097e+17	9.49e-01	5.07e-02	2.27e-05	0.00e+00	0.00e+00	0.00e+00	0.00e+00	0.00e+00
 3.11467e+17	9.50e-01	5.00e-02	2.26e-05	0.00e+00	0.00e+00	0.00e+00	0.00e+00	0.00e+00
 3.13249e+17	9.52e-01	4.82e-02	2.21e-05	0.00e+00	0.00e+00	0.00e+00	0.00e+00	0.00e+00
 3.14962e+17	9.54e-01	4.63e-02	2.16e-05	0.00e+00	0.00e+00	0.00e+00	0.00e+00	0.00e+00
 3.16124e+17	9.54e-01	4.56e-02	2.14e-05	0.00e+00	0.00e+00	0.00e+00	0.00e+00	0.00e+00
 3.17155e+17	9.55e-01	4.49e-02	2.12e-05	0.00e+00	0.00e+00	0.00e+00	0.00e+00	0.00e+00
 3.18475e+17	9.57e-01	4.31e-02	2.07e-05	0.00e+00	0.00e+00	0.00e+00	0.00e+00	0.00e+00
 3.19666e+17	9.59e-01	4.14e-02	2.02e-05	0.00e+00	0.00e+00	0.00e+00	0.00e+00	0.00e+00
 3.20380e+17	9.59e-01	4.11e-02	2.01e-05	0.00e+00	0.00e+00	0.00e+00	0.00e+00	0.00e+00
 3.20999e+17	9.59e-01	4.09e-02	2.00e-05	0.00e+00	0.00e+00	0.00e+00	0.00e+00	0.00e+00
 3.21804e+17	9.60e-01	4.00e-02	1.98e-05	0.00e+00	0.00e+00	0.00e+00	0.00e+00	0.00e+00
 3.22728e+17	9.62e-01	3.84e-02	1.93e-05	0.00e+00	0.00e+00	0.00e+00	0.00e+00	0.00e+00
 3.23478e+17	9.62e-01	3.76e-02	1.91e-05	0.00e+00	0.00e+00	0.00e+00	0.00e+00	0.00e+00
 3.23928e+17	9.63e-01	3.74e-02	1.90e-05	0.00e+00	0.00e+00	0.00e+00	0.00e+00	0.00e+00
 3.24293e+17	9.63e-01	3.72e-02	1.89e-05	0.00e+00	0.00e+00	0.00e+00	0.00e+00	0.00e+00
 3.24745e+17	9.63e-01	3.67e-02	1.88e-05	0.00e+00	0.00e+00	0.00e+00	0.00e+00	0.00e+00
 3.25220e+17	9.64e-01	3.61e-02	1.86e-05	0.00e+00	0.00e+00	0.00e+00	0.00e+00	0.00e+00
 3.25570e+17	9.64e-01	3.56e-02	1.84e-05	0.00e+00	0.00e+00	0.00e+00	0.00e+00	0.00e+00
 3.25806e+17	9.64e-01	3.57e-02	1.84e-05	0.00e+00	0.00e+00	0.00e+00	0.00e+00	0.00e+00
 3.26045e+17	9.64e-01	3.56e-02	1.84e-05	0.00e+00	0.00e+00	0.00e+00	0.00e+00	0.00e+00
 3.26356e+17	9.65e-01	3.53e-02	1.83e-05	0.00e+00	0.00e+00	0.00e+00	0.00e+00	0.00e+00
 3.26760e+17	9.65e-01	3.48e-02	1.82e-05	0.00e+00	0.00e+00	0.00e+00	0.00e+00	0.00e+00
 3.27125e+17	9.66e-01	3.41e-02	1.80e-05	0.00e+00	0.00e+00	0.00e+00	0.00e+00	0.00e+00
 3.27344e+17	9.66e-01	3.39e-02	1.79e-05	0.00e+00	0.00e+00	0.00e+00	0.00e+00	0.00e+00
 3.27533e+17	9.66e-01	3.39e-02	1.78e-05	0.00e+00	0.00e+00	0.00e+00	0.00e+00	0.00e+00
 3.27779e+17	9.66e-01	3.36e-02	1.78e-05	0.00e+00	0.00e+00	0.00e+00	0.00e+00	0.00e+00
 3.28078e+17	9.67e-01	3.32e-02	1.77e-05	0.00e+00	0.00e+00	0.00e+00	0.00e+00	0.00e+00
 3.28367e+17	9.67e-01	3.28e-02	1.75e-05	0.00e+00	0.00e+00	0.00e+00	0.00e+00	0.00e+00
 3.28605e+17	9.67e-01	3.25e-02	1.75e-05	0.00e+00	0.00e+00	0.00e+00	0.00e+00	0.00e+00
 3.28828e+17	9.68e-01	3.23e-02	1.74e-05	0.00e+00	0.00e+00	0.00e+00	0.00e+00	0.00e+00
 3.29093e+17	9.68e-01	3.21e-02	1.73e-05	0.00e+00	0.00e+00	0.00e+00	0.00e+00	0.00e+00
 3.29436e+17	9.68e-01	3.16e-02	1.72e-05	0.00e+00	0.00e+00	0.00e+00	0.00e+00	0.00e+00
 3.29747e+17	9.69e-01	3.10e-02	1.70e-05	0.00e+00	0.00e+00	0.00e+00	0.00e+00	0.00e+00
 3.29934e+17	9.69e-01	3.09e-02	1.69e-05	0.00e+00	0.00e+00	0.00e+00	0.00e+00	0.00e+00
 3.30095e+17	9.69e-01	3.09e-02	1.69e-05	0.00e+00	0.00e+00	0.00e+00	0.00e+00	0.00e+00
 3.30304e+17	9.69e-01	3.07e-02	1.68e-05	0.00e+00	0.00e+00	0.00e+00	0.00e+00	0.00e+00
 3.30576e+17	9.70e-01	3.04e-02	1.68e-05	0.00e+00	0.00e+00	0.00e+00	0.00e+00	0.00e+00
 3.30855e+17	9.70e-01	2.99e-02	1.66e-05	0.00e+00	0.00e+00	0.00e+00	0.00e+00	0.00e+00
 3.31072e+17	9.70e-01	2.95e-02	1.65e-05	0.00e+00	0.00e+00	0.00e+00	0.00e+00	0.00e+00
 3.31237e+17	9.70e-01	2.95e-02	1.65e-05	0.00e+00	0.00e+00	0.00e+00	0.00e+00	0.00e+00
 3.31410e+17	9.71e-01	2.94e-02	1.64e-05	0.00e+00	0.00e+00	0.00e+00	0.00e+00	0.00e+00
 3.31635e+17	9.71e-01	2.92e-02	1.64e-05	0.00e+00	0.00e+00	0.00e+00	0.00e+00	0.00e+00
 3.31927e+17	9.71e-01	2.88e-02	1.63e-05	0.00e+00	0.00e+00	0.00e+00	0.00e+00	0.00e+00
 3.32223e+17	9.72e-01	2.83e-02	1.61e-05	0.00e+00	0.00e+00	0.00e+00	0.00e+00	0.00e+00
 3.32433e+17	9.72e-01	2.80e-02	1.60e-05	0.00e+00	0.00e+00	0.00e+00	0.00e+00	0.00e+00
 3.32603e+17	9.72e-01	2.80e-02	1.60e-05	0.00e+00	0.00e+00	0.00e+00	0.00e+00	0.00e+00
 3.32813e+17	9.72e-01	2.79e-02	1.59e-05	0.00e+00	0.00e+00	0.00e+00	0.00e+00	0.00e+00
 3.33087e+17	9.72e-01	2.75e-02	1.59e-05	0.00e+00	0.00e+00	0.00e+00	0.00e+00	0.00e+00
 3.33377e+17	9.73e-01	2.71e-02	1.57e-05	0.00e+00	0.00e+00	0.00e+00	0.00e+00	0.00e+00
 3.33608e+17	9.73e-01	2.69e-02	1.56e-05	0.00e+00	0.00e+00	0.00e+00	0.00e+00	0.00e+00
 3.33800e+17	9.73e-01	2.68e-02	1.56e-05	0.00e+00	0.00e+00	0.00e+00	0.00e+00	0.00e+00
 3.34021e+17	9.73e-01	2.66e-02	1.55e-05	0.00e+00	0.00e+00	0.00e+00	0.00e+00	0.00e+00
 3.34308e+17	9.74e-01	2.63e-02	1.55e-05	0.00e+00	0.00e+00	0.00e+00	0.00e+00	0.00e+00
 3.34631e+17	9.74e-01	2.59e-02	1.53e-05	0.00e+00	0.00e+00	0.00e+00	0.00e+00	0.00e+00
 3.34898e+17	9.74e-01	2.56e-02	1.52e-05	0.00e+00	0.00e+00	0.00e+00	0.00e+00	0.00e+00
 3.35103e+17	9.74e-01	2.56e-02	1.52e-05	0.00e+00	0.00e+00	0.00e+00	0.00e+00	0.00e+00
 3.35327e+17	9.75e-01	2.54e-02	1.51e-05	0.00e+00	0.00e+00	0.00e+00	0.00e+00	0.00e+00
 3.35618e+17	9.75e-01	2.52e-02	1.51e-05	0.00e+00	0.00e+00	0.00e+00	0.00e+00	0.00e+00
 3.35963e+17	9.75e-01	2.48e-02	1.50e-05	0.00e+00	0.00e+00	0.00e+00	0.00e+00	0.00e+00
 3.36277e+17	9.76e-01	2.44e-02	1.49e-05	0.00e+00	0.00e+00	0.00e+00	0.00e+00	0.00e+00
 3.36521e+17	9.76e-01	2.43e-02	1.48e-05	0.00e+00	0.00e+00	0.00e+00	0.00e+00	0.00e+00
 3.36775e+17	9.76e-01	2.43e-02	1.48e-05	0.00e+00	0.00e+00	0.00e+00	0.00e+00	0.00e+00
 3.37105e+17	9.76e-01	2.40e-02	1.47e-05	0.00e+00	0.00e+00	0.00e+00	0.00e+00	0.00e+00
 3.37495e+17	9.76e-01	2.36e-02	1.46e-05	0.00e+00	0.00e+00	0.00e+00	0.00e+00	0.00e+00
 3.37849e+17	9.77e-01	2.32e-02	1.45e-05	0.00e+00	0.00e+00	0.00e+00	0.00e+00	0.00e+00
 3.38130e+17	9.77e-01	2.32e-02	1.44e-05	0.00e+00	0.00e+00	0.00e+00	0.00e+00	0.00e+00
 3.38429e+17	9.77e-01	2.31e-02	1.44e-05	0.00e+00	0.00e+00	0.00e+00	0.00e+00	0.00e+00
 3.38818e+17	9.77e-01	2.28e-02	1.43e-05	0.00e+00	0.00e+00	0.00e+00	0.00e+00	0.00e+00
 3.39259e+17	9.78e-01	2.24e-02	1.42e-05	0.00e+00	0.00e+00	0.00e+00	0.00e+00	0.00e+00
 3.39639e+17	9.78e-01	2.21e-02	1.41e-05	0.00e+00	0.00e+00	0.00e+00	0.00e+00	0.00e+00
 3.39970e+17	9.78e-01	2.21e-02	1.41e-05	0.00e+00	0.00e+00	0.00e+00	0.00e+00	0.00e+00
 3.40366e+17	9.78e-01	2.19e-02	1.40e-05	0.00e+00	0.00e+00	0.00e+00	0.00e+00	0.00e+00
 3.40882e+17	9.78e-01	2.16e-02	1.39e-05	0.00e+00	0.00e+00	0.00e+00	0.00e+00	0.00e+00
 3.41411e+17	9.79e-01	2.12e-02	1.38e-05	0.00e+00	0.00e+00	0.00e+00	0.00e+00	0.00e+00
 3.41826e+17	9.79e-01	2.11e-02	1.37e-05	0.00e+00	0.00e+00	0.00e+00	0.00e+00	0.00e+00
 3.42230e+17	9.79e-01	2.11e-02	1.37e-05	0.00e+00	0.00e+00	0.00e+00	0.00e+00	0.00e+00
 3.42755e+17	9.79e-01	2.08e-02	1.36e-05	0.00e+00	0.00e+00	0.00e+00	0.00e+00	0.00e+00
 3.43365e+17	9.80e-01	2.05e-02	1.35e-05	0.00e+00	0.00e+00	0.00e+00	0.00e+00	0.00e+00
 3.43930e+17	9.80e-01	2.03e-02	1.35e-05	0.00e+00	0.00e+00	0.00e+00	0.00e+00	0.00e+00
 3.44437e+17	9.80e-01	2.01e-02	1.34e-05	0.00e+00	0.00e+00	0.00e+00	0.00e+00	0.00e+00
 3.44953e+17	9.80e-01	1.99e-02	1.33e-05	0.00e+00	0.00e+00	0.00e+00	0.00e+00	0.00e+00
 3.45534e+17	9.80e-01	1.97e-02	1.33e-05	0.00e+00	0.00e+00	0.00e+00	0.00e+00	0.00e+00
 3.46243e+17	9.80e-01	1.95e-02	1.32e-05	0.00e+00	0.00e+00	0.00e+00	0.00e+00	0.00e+00
 3.47019e+17	9.81e-01	1.93e-02	1.32e-05	0.00e+00	0.00e+00	0.00e+00	0.00e+00	0.00e+00
 3.47746e+17	9.81e-01	1.92e-02	1.31e-05	0.00e+00	0.00e+00	0.00e+00	0.00e+00	0.00e+00
 3.48512e+17	9.81e-01	1.92e-02	1.31e-05	0.00e+00	0.00e+00	0.00e+00	0.00e+00	0.00e+00
 3.49486e+17	9.81e-01	1.89e-02	1.31e-05	0.00e+00	0.00e+00	0.00e+00	0.00e+00	0.00e+00
 3.50525e+17	9.81e-01	1.88e-02	1.31e-05	0.00e+00	0.00e+00	0.00e+00	0.00e+00	0.00e+00
 3.51469e+17	9.81e-01	1.88e-02	1.31e-05	0.00e+00	0.00e+00	0.00e+00	0.00e+00	0.00e+00
 3.52521e+17	9.81e-01	1.88e-02	1.31e-05	0.00e+00	0.00e+00	0.00e+00	0.00e+00	0.00e+00
 3.53874e+17	9.81e-01	1.86e-02	1.31e-05	0.00e+00	0.00e+00	0.00e+00	0.00e+00	0.00e+00
 3.55279e+17	9.81e-01	1.85e-02	1.31e-05	0.00e+00	0.00e+00	0.00e+00	0.00e+00	0.00e+00
 3.56509e+17	9.81e-01	1.87e-02	1.32e-05	0.00e+00	0.00e+00	0.00e+00	0.00e+00	0.00e+00
 3.57854e+17	9.81e-01	1.87e-02	1.32e-05	0.00e+00	0.00e+00	0.00e+00	0.00e+00	0.00e+00
 3.59602e+17	9.81e-01	1.85e-02	1.32e-05	0.00e+00	0.00e+00	0.00e+00	0.00e+00	0.00e+00
 3.61579e+17	9.82e-01	1.84e-02	1.33e-05	0.00e+00	0.00e+00	0.00e+00	0.00e+00	0.00e+00
 3.63415e+17	9.81e-01	1.85e-02	1.33e-05	0.00e+00	0.00e+00	0.00e+00	0.00e+00	0.00e+00
 3.65246e+17	9.81e-01	1.86e-02	1.34e-05	0.00e+00	0.00e+00	0.00e+00	0.00e+00	0.00e+00
 3.67511e+17	9.82e-01	1.84e-02	1.34e-05	0.00e+00	0.00e+00	0.00e+00	0.00e+00	0.00e+00
 3.70153e+17	9.82e-01	1.82e-02	1.34e-05	0.00e+00	0.00e+00	0.00e+00	0.00e+00	0.00e+00
 3.72699e+17	9.82e-01	1.81e-02	1.35e-05	0.00e+00	0.00e+00	0.00e+00	0.00e+00	0.00e+00
 3.75187e+17	9.82e-01	1.80e-02	1.35e-05	0.00e+00	0.00e+00	0.00e+00	0.00e+00	0.00e+00
 3.78184e+17	9.82e-01	1.78e-02	1.35e-05	0.00e+00	0.00e+00	0.00e+00	0.00e+00	0.00e+00
 3.81767e+17	9.83e-01	1.72e-02	1.34e-05	0.00e+00	0.00e+00	0.00e+00	0.00e+00	0.00e+00
 3.85269e+17	9.83e-01	1.68e-02	1.33e-05	0.00e+00	0.00e+00	0.00e+00	0.00e+00	0.00e+00
 3.88411e+17	9.84e-01	1.64e-02	1.32e-05	0.00e+00	0.00e+00	0.00e+00	0.00e+00	0.00e+00
 3.91779e+17	9.84e-01	1.59e-02	1.31e-05	0.00e+00	0.00e+00	0.00e+00	0.00e+00	0.00e+00
 3.95865e+17	9.85e-01	1.48e-02	1.28e-05	0.00e+00	0.00e+00	0.00e+00	0.00e+00	0.00e+00
 3.99698e+17	9.86e-01	1.38e-02	1.24e-05	0.00e+00	0.00e+00	0.00e+00	0.00e+00	0.00e+00
 4.02473e+17	9.87e-01	1.34e-02	1.23e-05	0.00e+00	0.00e+00	0.00e+00	0.00e+00	0.00e+00
 4.05205e+17	9.87e-01	1.25e-02	1.19e-05	0.00e+00	0.00e+00	0.00e+00	0.00e+00	0.00e+00
 4.08071e+17	9.89e-01	1.06e-02	1.11e-05	0.00e+00	0.00e+00	0.00e+00	0.00e+00	0.00e+00
 4.10594e+17	9.99e-01	1.16e-03	3.41e-06	0.00e+00	0.00e+00	0.00e+00	0.00e+00	0.00e+00
###########################
 1.21422e+13	8.75e-03	6.64e-01	3.18e-01	9.10e-03	2.46e-04	1.78e-06	0.00e+00	0.00e+00
 7.28534e+13	8.76e-03	6.64e-01	3.18e-01	9.11e-03	2.46e-04	1.78e-06	0.00e+00	0.00e+00
 3.15698e+14	8.78e-03	6.63e-01	3.19e-01	9.16e-03	2.47e-04	1.79e-06	0.00e+00	0.00e+00
 1.28708e+15	8.82e-03	6.58e-01	3.24e-01	9.24e-03	2.50e-04	1.81e-06	0.00e+00	0.00e+00
 3.07441e+15	8.88e-03	6.46e-01	3.36e-01	9.76e-03	2.64e-04	1.95e-06	0.00e+00	0.00e+00
 5.39795e+15	9.09e-03	6.40e-01	3.41e-01	9.92e-03	2.69e-04	1.99e-06	0.00e+00	0.00e+00
 8.41855e+15	9.48e-03	6.40e-01	3.41e-01	9.66e-03	2.63e-04	1.91e-06	0.00e+00	0.00e+00
 1.23453e+16	1.01e-02	6.48e-01	3.33e-01	8.94e-03	2.44e-04	1.70e-06	0.00e+00	0.00e+00
 1.69604e+16	1.10e-02	6.62e-01	3.19e-01	7.93e-03	2.19e-04	1.43e-06	0.00e+00	0.00e+00
 2.16187e+16	1.21e-02	6.81e-01	3.00e-01	6.81e-03	1.89e-04	1.14e-06	0.00e+00	0.00e+00
 2.64869e+16	1.36e-02	7.08e-01	2.73e-01	5.46e-03	1.54e-04	8.31e-07	0.00e+00	0.00e+00
 3.20559e+16	1.59e-02	7.43e-01	2.37e-01	4.03e-03	1.16e-04	0.00e+00	0.00e+00	0.00e+00
 3.76311e+16	1.86e-02	7.77e-01	2.01e-01	2.88e-03	8.36e-05	0.00e+00	0.00e+00	0.00e+00
 4.23704e+16	2.14e-02	8.06e-01	1.70e-01	2.07e-03	6.08e-05	0.00e+00	0.00e+00	0.00e+00
 4.63914e+16	2.45e-02	8.30e-01	1.44e-01	1.52e-03	4.47e-05	0.00e+00	0.00e+00	0.00e+00
 5.01691e+16	2.81e-02	8.50e-01	1.20e-01	1.11e-03	3.23e-05	0.00e+00	0.00e+00	0.00e+00
 5.38442e+16	3.23e-02	8.68e-01	9.91e-02	7.95e-04	2.29e-05	0.00e+00	0.00e+00	0.00e+00
 5.72763e+16	3.72e-02	8.81e-01	8.10e-02	5.74e-04	1.61e-05	0.00e+00	0.00e+00	0.00e+00
 6.05316e+16	4.30e-02	8.91e-01	6.54e-02	4.15e-04	1.12e-05	0.00e+00	0.00e+00	0.00e+00
 6.36772e+16	4.99e-02	8.98e-01	5.22e-02	3.01e-04	7.64e-06	0.00e+00	0.00e+00	0.00e+00
 6.65670e+16	5.78e-02	9.00e-01	4.15e-02	2.22e-04	5.21e-06	0.00e+00	0.00e+00	0.00e+00
 6.91032e+16	6.64e-02	9.00e-01	3.35e-02	1.70e-04	3.66e-06	0.00e+00	0.00e+00	0.00e+00
 7.13677e+16	7.56e-02	8.97e-01	2.72e-02	1.34e-04	2.62e-06	0.00e+00	0.00e+00	0.00e+00
 7.35111e+16	8.59e-02	8.92e-01	2.22e-02	1.07e-04	1.89e-06	0.00e+00	0.00e+00	0.00e+00
 7.56003e+16	9.77e-02	8.84e-01	1.79e-02	8.71e-05	1.36e-06	0.00e+00	0.00e+00	0.00e+00
 7.76283e+16	1.11e-01	8.74e-01	1.45e-02	7.15e-05	9.74e-07	0.00e+00	0.00e+00	0.00e+00
 7.95818e+16	1.26e-01	8.62e-01	1.17e-02	5.95e-05	0.00e+00	0.00e+00	0.00e+00	0.00e+00
 8.14631e+16	1.43e-01	8.48e-01	9.40e-03	5.02e-05	0.00e+00	0.00e+00	0.00e+00	0.00e+00
 8.32225e+16	1.60e-01	8.32e-01	7.65e-03	4.31e-05	0.00e+00	0.00e+00	0.00e+00	0.00e+00
 8.48049e+16	1.78e-01	8.16e-01	6.33e-03	3.78e-05	0.00e+00	0.00e+00	0.00e+00	0.00e+00
 8.62471e+16	1.95e-01	8.00e-01	5.32e-03	3.36e-05	0.00e+00	0.00e+00	0.00e+00	0.00e+00
 8.76300e+16	2.12e-01	7.83e-01	4.49e-03	3.03e-05	0.00e+00	0.00e+00	0.00e+00	0.00e+00
 8.89786e+16	2.31e-01	7.66e-01	3.80e-03	2.74e-05	0.00e+00	0.00e+00	0.00e+00	0.00e+00
 9.02821e+16	2.49e-01	7.48e-01	3.23e-03	2.49e-05	0.00e+00	0.00e+00	0.00e+00	0.00e+00
 9.15540e+16	2.68e-01	7.29e-01	2.76e-03	2.28e-05	0.00e+00	0.00e+00	0.00e+00	0.00e+00
 9.25703e+16	2.83e-01	7.14e-01	2.45e-03	2.13e-05	0.00e+00	0.00e+00	0.00e+00	0.00e+00
 9.32682e+16	2.93e-01	7.04e-01	2.25e-03	2.04e-05	0.00e+00	0.00e+00	0.00e+00	0.00e+00
 9.39582e+16	3.04e-01	6.94e-01	2.08e-03	1.96e-05	0.00e+00	0.00e+00	0.00e+00	0.00e+00
 9.48169e+16	3.18e-01	6.80e-01	1.86e-03	1.84e-05	0.00e+00	0.00e+00	0.00e+00	0.00e+00
 9.57455e+16	3.33e-01	6.65e-01	1.66e-03	1.74e-05	0.00e+00	0.00e+00	0.00e+00	0.00e+00
 9.65991e+16	3.47e-01	6.52e-01	1.51e-03	1.65e-05	0.00e+00	0.00e+00	0.00e+00	0.00e+00
 9.74217e+16	3.60e-01	6.38e-01	1.36e-03	1.57e-05	0.00e+00	0.00e+00	0.00e+00	0.00e+00
 9.82795e+16	3.74e-01	6.25e-01	1.23e-03	1.49e-05	0.00e+00	0.00e+00	0.00e+00	0.00e+00
 9.91955e+16	3.89e-01	6.09e-01	1.11e-03	1.41e-05	0.00e+00	0.00e+00	0.00e+00	0.00e+00
 1.00124e+17	4.04e-01	5.95e-01	9.98e-04	1.34e-05	0.00e+00	0.00e+00	0.00e+00	0.00e+00
 1.01034e+17	4.19e-01	5.80e-01	8.99e-04	1.27e-05	0.00e+00	0.00e+00	0.00e+00	0.00e+00
 1.01970e+17	4.34e-01	5.65e-01	8.13e-04	1.21e-05	0.00e+00	0.00e+00	0.00e+00	0.00e+00
 1.02951e+17	4.50e-01	5.50e-01	7.30e-04	1.14e-05	0.00e+00	0.00e+00	0.00e+00	0.00e+00
 1.03967e+17	4.65e-01	5.34e-01	6.58e-04	1.08e-05	0.00e+00	0.00e+00	0.00e+00	0.00e+00
 1.05006e+17	4.81e-01	5.19e-01	5.91e-04	1.02e-05	0.00e+00	0.00e+00	0.00e+00	0.00e+00
 1.06077e+17	4.96e-01	5.04e-01	5.34e-04	9.72e-06	0.00e+00	0.00e+00	0.00e+00	0.00e+00
 1.07193e+17	5.12e-01	4.88e-01	4.80e-04	9.17e-06	0.00e+00	0.00e+00	0.00e+00	0.00e+00
 1.08365e+17	5.27e-01	4.73e-01	4.33e-04	8.72e-06	0.00e+00	0.00e+00	0.00e+00	0.00e+00
 1.09586e+17	5.43e-01	4.57e-01	3.90e-04	8.22e-06	0.00e+00	0.00e+00	0.00e+00	0.00e+00
 1.10857e+17	5.58e-01	4.42e-01	3.53e-04	7.81e-06	0.00e+00	0.00e+00	0.00e+00	0.00e+00
 1.12205e+17	5.73e-01	4.27e-01	3.18e-04	7.37e-06	0.00e+00	0.00e+00	0.00e+00	0.00e+00
 1.13646e+17	5.87e-01	4.12e-01	2.89e-04	7.01e-06	0.00e+00	0.00e+00	0.00e+00	0.00e+00
 1.15212e+17	6.03e-01	3.97e-01	2.60e-04	6.59e-06	0.00e+00	0.00e+00	0.00e+00	0.00e+00
 1.16844e+17	6.16e-01	3.83e-01	2.38e-04	6.28e-06	0.00e+00	0.00e+00	0.00e+00	0.00e+00
 1.18484e+17	6.30e-01	3.70e-01	2.17e-04	5.93e-06	0.00e+00	0.00e+00	0.00e+00	0.00e+00
 1.20222e+17	6.43e-01	3.57e-01	2.00e-04	5.65e-06	0.00e+00	0.00e+00	0.00e+00	0.00e+00
 1.22192e+17	6.55e-01	3.44e-01	1.83e-04	5.36e-06	0.00e+00	0.00e+00	0.00e+00	0.00e+00
 1.24384e+17	6.68e-01	3.32e-01	1.68e-04	5.10e-06	0.00e+00	0.00e+00	0.00e+00	0.00e+00
 1.26720e+17	6.80e-01	3.20e-01	1.55e-04	4.83e-06	0.00e+00	0.00e+00	0.00e+00	0.00e+00
 1.29337e+17	6.92e-01	3.08e-01	1.43e-04	4.59e-06	0.00e+00	0.00e+00	0.00e+00	0.00e+00
 1.32379e+17	7.04e-01	2.95e-01	1.31e-04	4.33e-06	0.00e+00	0.00e+00	0.00e+00	0.00e+00
 1.35652e+17	7.16e-01	2.84e-01	1.21e-04	4.09e-06	0.00e+00	0.00e+00	0.00e+00	0.00e+00
 1.39111e+17	7.27e-01	2.73e-01	1.12e-04	3.88e-06	0.00e+00	0.00e+00	0.00e+00	0.00e+00
 1.42989e+17	7.38e-01	2.62e-01	1.04e-04	3.67e-06	0.00e+00	0.00e+00	0.00e+00	0.00e+00
 1.47072e+17	7.49e-01	2.51e-01	9.70e-05	3.47e-06	0.00e+00	0.00e+00	0.00e+00	0.00e+00
 1.51436e+17	7.59e-01	2.41e-01	9.05e-05	3.29e-06	0.00e+00	0.00e+00	0.00e+00	0.00e+00
 1.56100e+17	7.70e-01	2.30e-01	8.46e-05	3.11e-06	0.00e+00	0.00e+00	0.00e+00	0.00e+00
 1.60880e+17	7.79e-01	2.21e-01	7.93e-05	2.94e-06	0.00e+00	0.00e+00	0.00e+00	0.00e+00
 1.65924e+17	7.89e-01	2.11e-01	7.44e-05	2.77e-06	0.00e+00	0.00e+00	0.00e+00	0.00e+00
 1.71118e+17	7.99e-01	2.01e-01	6.97e-05	2.60e-06	0.00e+00	0.00e+00	0.00e+00	0.00e+00
 1.76156e+17	8.07e-01	1.93e-01	6.63e-05	2.48e-06	0.00e+00	0.00e+00	0.00e+00	0.00e+00
 1.81105e+17	8.14e-01	1.85e-01	6.30e-05	2.35e-06	0.00e+00	0.00e+00	0.00e+00	0.00e+00
 1.86258e+17	8.23e-01	1.77e-01	5.98e-05	2.22e-06	0.00e+00	0.00e+00	0.00e+00	0.00e+00
 1.91387e+17	8.30e-01	1.70e-01	5.70e-05	2.10e-06	0.00e+00	0.00e+00	0.00e+00	0.00e+00
 1.96355e+17	8.36e-01	1.63e-01	5.47e-05	2.01e-06	0.00e+00	0.00e+00	0.00e+00	0.00e+00
 2.01373e+17	8.44e-01	1.56e-01	5.23e-05	1.90e-06	0.00e+00	0.00e+00	0.00e+00	0.00e+00
 2.06335e+17	8.50e-01	1.50e-01	5.02e-05	1.80e-06	0.00e+00	0.00e+00	0.00e+00	0.00e+00
 2.11135e+17	8.55e-01	1.45e-01	4.85e-05	1.72e-06	0.00e+00	0.00e+00	0.00e+00	0.00e+00
 2.16086e+17	8.61e-01	1.39e-01	4.68e-05	1.64e-06	0.00e+00	0.00e+00	0.00e+00	0.00e+00
 2.21116e+17	8.67e-01	1.33e-01	4.50e-05	1.56e-06	0.00e+00	0.00e+00	0.00e+00	0.00e+00
 2.25789e+17	8.72e-01	1.28e-01	4.34e-05	1.47e-06	0.00e+00	0.00e+00	0.00e+00	0.00e+00
 2.30042e+17	8.77e-01	1.23e-01	4.21e-05	1.41e-06	0.00e+00	0.00e+00	0.00e+00	0.00e+00
 2.34150e+17	8.81e-01	1.19e-01	4.09e-05	1.35e-06	0.00e+00	0.00e+00	0.00e+00	0.00e+00
 2.38257e+17	8.86e-01	1.14e-01	3.97e-05	1.29e-06	0.00e+00	0.00e+00	0.00e+00	0.00e+00
 2.42281e+17	8.89e-01	1.11e-01	3.89e-05	1.25e-06	0.00e+00	0.00e+00	0.00e+00	0.00e+00
 2.46420e+17	8.94e-01	1.06e-01	3.76e-05	1.18e-06	0.00e+00	0.00e+00	0.00e+00	0.00e+00
 2.50346e+17	8.97e-01	1.03e-01	3.65e-05	1.14e-06	0.00e+00	0.00e+00	0.00e+00	0.00e+00
 2.53743e+17	8.99e-01	1.01e-01	3.58e-05	1.11e-06	0.00e+00	0.00e+00	0.00e+00	0.00e+00
 2.57009e+17	9.01e-01	9.85e-02	3.49e-05	1.07e-06	0.00e+00	0.00e+00	0.00e+00	0.00e+00
 2.60364e+17	9.05e-01	9.51e-02	3.41e-05	1.03e-06	0.00e+00	0.00e+00	0.00e+00	0.00e+00
 2.63656e+17	9.08e-01	9.17e-02	3.33e-05	9.87e-07	0.00e+00	0.00e+00	0.00e+00	0.00e+00
 2.66673e+17	9.11e-01	8.93e-02	3.27e-05	0.00e+00	0.00e+00	0.00e+00	0.00e+00	0.00e+00
 2.69780e+17	9.14e-01	8.60e-02	3.18e-05	0.00e+00	0.00e+00	0.00e+00	0.00e+00	0.00e+00
 2.72781e+17	9.17e-01	8.30e-02	3.10e-05	0.00e+00	0.00e+00	0.00e+00	0.00e+00	0.00e+00
 2.75268e+17	9.19e-01	8.11e-02	3.06e-05	0.00e+00	0.00e+00	0.00e+00	0.00e+00	0.00e+00
 2.77786e+17	9.21e-01	7.86e-02	2.99e-05	0.00e+00	0.00e+00	0.00e+00	0.00e+00	0.00e+00
 2.80435e+17	9.24e-01	7.60e-02	2.93e-05	0.00e+00	0.00e+00	0.00e+00	0.00e+00	0.00e+00
 2.82849e+17	9.26e-01	7.37e-02	2.87e-05	0.00e+00	0.00e+00	0.00e+00	0.00e+00	0.00e+00
 2.84986e+17	9.28e-01	7.20e-02	2.83e-05	0.00e+00	0.00e+00	0.00e+00	0.00e+00	0.00e+00
 2.87218e+17	9.30e-01	6.96e-02	2.76e-05	0.00e+00	0.00e+00	0.00e+00	0.00e+00	0.00e+00
 2.89463e+17	9.33e-01	6.72e-02	2.70e-05	0.00e+00	0.00e+00	0.00e+00	0.00e+00	0.00e+00
 2.91342e+17	9.34e-01	6.58e-02	2.67e-05	0.00e+00	0.00e+00	0.00e+00	0.00e+00	0.00e+00
 2.93248e+17	9.36e-01	6.37e-02	2.61e-05	0.00e+00	0.00e+00	0.00e+00	0.00e+00	0.00e+00
 2.95153e+17	9.38e-01	6.17e-02	2.56e-05	0.00e+00	0.00e+00	0.00e+00	0.00e+00	0.00e+00
 2.96718e+17	9.39e-01	6.05e-02	2.53e-05	0.00e+00	0.00e+00	0.00e+00	0.00e+00	0.00e+00
 2.98340e+17	9.41e-01	5.88e-02	2.49e-05	0.00e+00	0.00e+00	0.00e+00	0.00e+00	0.00e+00
 3.00059e+17	9.43e-01	5.66e-02	2.44e-05	0.00e+00	0.00e+00	0.00e+00	0.00e+00	0.00e+00
 3.01457e+17	9.44e-01	5.58e-02	2.41e-05	0.00e+00	0.00e+00	0.00e+00	0.00e+00	0.00e+00
 3.02819e+17	9.45e-01	5.47e-02	2.38e-05	0.00e+00	0.00e+00	0.00e+00	0.00e+00	0.00e+00
 3.04458e+17	9.48e-01	5.24e-02	2.32e-05	0.00e+00	0.00e+00	0.00e+00	0.00e+00	0.00e+00
 3.05864e+17	9.49e-01	5.08e-02	2.28e-05	0.00e+00	0.00e+00	0.00e+00	0.00e+00	0.00e+00
 3.06925e+17	9.49e-01	5.07e-02	2.27e-05	0.00e+00	0.00e+00	0.00e+00	0.00e+00	0.00e+00
 3.08134e+17	9.50e-01	5.01e-02	2.26e-05	0.00e+00	0.00e+00	0.00e+00	0.00e+00	0.00e+00
 3.09707e+17	9.51e-01	4.89e-02	2.23e-05	0.00e+00	0.00e+00	0.00e+00	0.00e+00	0.00e+00
 3.11544e+17	9.53e-01	4.65e-02	2.17e-05	0.00e+00	0.00e+00	0.00e+00	0.00e+00	0.00e+00
 3.12998e+17	9.55e-01	4.50e-02	2.13e-05	0.00e+00	0.00e+00	0.00e+00	0.00e+00	0.00e+00
 3.13873e+17	9.55e-01	4.47e-02	2.11e-05	0.00e+00	0.00e+00	0.00e+00	0.00e+00	0.00e+00
 3.14719e+17	9.56e-01	4.39e-02	2.09e-05	0.00e+00	0.00e+00	0.00e+00	0.00e+00	0.00e+00
 3.15819e+17	9.58e-01	4.24e-02	2.05e-05	0.00e+00	0.00e+00	0.00e+00	0.00e+00	0.00e+00
 3.16867e+17	9.59e-01	4.14e-02	2.03e-05	0.00e+00	0.00e+00	0.00e+00	0.00e+00	0.00e+00
 3.17698e+17	9.59e-01	4.07e-02	2.00e-05	0.00e+00	0.00e+00	0.00e+00	0.00e+00	0.00e+00
 3.18626e+17	9.61e-01	3.93e-02	1.96e-05	0.00e+00	0.00e+00	0.00e+00	0.00e+00	0.00e+00
 3.19466e+17	9.62e-01	3.84e-02	1.94e-05	0.00e+00	0.00e+00	0.00e+00	0.00e+00	0.00e+00
 3.19970e+17	9.62e-01	3.81e-02	1.92e-05	0.00e+00	0.00e+00	0.00e+00	0.00e+00	0.00e+00
 3.20313e+17	9.62e-01	3.77e-02	1.91e-05	0.00e+00	0.00e+00	0.00e+00	0.00e+00	0.00e+00
 3.20660e+17	9.62e-01	3.75e-02	1.90e-05	0.00e+00	0.00e+00	0.00e+00	0.00e+00	0.00e+00
 3.21102e+17	9.63e-01	3.71e-02	1.89e-05	0.00e+00	0.00e+00	0.00e+00	0.00e+00	0.00e+00
 3.21516e+17	9.64e-01	3.64e-02	1.87e-05	0.00e+00	0.00e+00	0.00e+00	0.00e+00	0.00e+00
 3.21797e+17	9.64e-01	3.61e-02	1.86e-05	0.00e+00	0.00e+00	0.00e+00	0.00e+00	0.00e+00
 3.22018e+17	9.64e-01	3.59e-02	1.85e-05	0.00e+00	0.00e+00	0.00e+00	0.00e+00	0.00e+00
 3.22259e+17	9.64e-01	3.57e-02	1.84e-05	0.00e+00	0.00e+00	0.00e+00	0.00e+00	0.00e+00
 3.22571e+17	9.65e-01	3.53e-02	1.83e-05	0.00e+00	0.00e+00	0.00e+00	0.00e+00	0.00e+00
 3.22944e+17	9.65e-01	3.47e-02	1.82e-05	0.00e+00	0.00e+00	0.00e+00	0.00e+00	0.00e+00
 3.23275e+17	9.66e-01	3.43e-02	1.81e-05	0.00e+00	0.00e+00	0.00e+00	0.00e+00	0.00e+00
 3.23508e+17	9.66e-01	3.40e-02	1.80e-05	0.00e+00	0.00e+00	0.00e+00	0.00e+00	0.00e+00
 3.23712e+17	9.66e-01	3.38e-02	1.79e-05	0.00e+00	0.00e+00	0.00e+00	0.00e+00	0.00e+00
 3.23955e+17	9.66e-01	3.36e-02	1.78e-05	0.00e+00	0.00e+00	0.00e+00	0.00e+00	0.00e+00
 3.24233e+17	9.67e-01	3.31e-02	1.77e-05	0.00e+00	0.00e+00	0.00e+00	0.00e+00	0.00e+00
 3.24540e+17	9.67e-01	3.28e-02	1.76e-05	0.00e+00	0.00e+00	0.00e+00	0.00e+00	0.00e+00
 3.24868e+17	9.68e-01	3.23e-02	1.75e-05	0.00e+00	0.00e+00	0.00e+00	0.00e+00	0.00e+00
 3.25145e+17	9.68e-01	3.21e-02	1.74e-05	0.00e+00	0.00e+00	0.00e+00	0.00e+00	0.00e+00
 3.25359e+17	9.68e-01	3.18e-02	1.73e-05	0.00e+00	0.00e+00	0.00e+00	0.00e+00	0.00e+00
 3.25576e+17	9.68e-01	3.16e-02	1.72e-05	0.00e+00	0.00e+00	0.00e+00	0.00e+00	0.00e+00
 3.25849e+17	9.69e-01	3.13e-02	1.71e-05	0.00e+00	0.00e+00	0.00e+00	0.00e+00	0.00e+00
 3.26149e+17	9.69e-01	3.08e-02	1.70e-05	0.00e+00	0.00e+00	0.00e+00	0.00e+00	0.00e+00
 3.26412e+17	9.70e-01	3.04e-02	1.69e-05	0.00e+00	0.00e+00	0.00e+00	0.00e+00	0.00e+00
 3.26625e+17	9.70e-01	3.02e-02	1.68e-05	0.00e+00	0.00e+00	0.00e+00	0.00e+00	0.00e+00
 3.26836e+17	9.70e-01	3.00e-02	1.67e-05	0.00e+00	0.00e+00	0.00e+00	0.00e+00	0.00e+00
 3.27100e+17	9.70e-01	2.98e-02	1.66e-05	0.00e+00	0.00e+00	0.00e+00	0.00e+00	0.00e+00
 3.27394e+17	9.71e-01	2.93e-02	1.65e-05	0.00e+00	0.00e+00	0.00e+00	0.00e+00	0.00e+00
 3.27659e+17	9.71e-01	2.91e-02	1.64e-05	0.00e+00	0.00e+00	0.00e+00	0.00e+00	0.00e+00
 3.27889e+17	9.71e-01	2.87e-02	1.63e-05	0.00e+00	0.00e+00	0.00e+00	0.00e+00	0.00e+00
 3.28122e+17	9.71e-01	2.85e-02	1.62e-05	0.00e+00	0.00e+00	0.00e+00	0.00e+00	0.00e+00
 3.28409e+17	9.72e-01	2.82e-02	1.61e-05	0.00e+00	0.00e+00	0.00e+00	0.00e+00	0.00e+00
 3.28698e+17	9.72e-01	2.78e-02	1.60e-05	0.00e+00	0.00e+00	0.00e+00	0.00e+00	0.00e+00
 3.28924e+17	9.72e-01	2.75e-02	1.59e-05	0.00e+00	0.00e+00	0.00e+00	0.00e+00	0.00e+00
 3.29123e+17	9.73e-01	2.74e-02	1.58e-05	0.00e+00	0.00e+00	0.00e+00	0.00e+00	0.00e+00
 3.29355e+17	9.73e-01	2.72e-02	1.58e-05	0.00e+00	0.00e+00	0.00e+00	0.00e+00	0.00e+00
 3.29657e+17	9.73e-01	2.69e-02	1.57e-05	0.00e+00	0.00e+00	0.00e+00	0.00e+00	0.00e+00
 3.30003e+17	9.74e-01	2.65e-02	1.56e-05	0.00e+00	0.00e+00	0.00e+00	0.00e+00	0.00e+00
 3.30302e+17	9.74e-01	2.62e-02	1.55e-05	0.00e+00	0.00e+00	0.00e+00	0.00e+00	0.00e+00
 3.30534e+17	9.74e-01	2.60e-02	1.54e-05	0.00e+00	0.00e+00	0.00e+00	0.00e+00	0.00e+00
 3.30784e+17	9.74e-01	2.59e-02	1.53e-05	0.00e+00	0.00e+00	0.00e+00	0.00e+00	0.00e+00
 3.31108e+17	9.74e-01	2.55e-02	1.52e-05	0.00e+00	0.00e+00	0.00e+00	0.00e+00	0.00e+00
 3.31453e+17	9.75e-01	2.52e-02	1.51e-05	0.00e+00	0.00e+00	0.00e+00	0.00e+00	0.00e+00
 3.31739e+17	9.75e-01	2.49e-02	1.50e-05	0.00e+00	0.00e+00	0.00e+00	0.00e+00	0.00e+00
 3.31994e+17	9.75e-01	2.48e-02	1.50e-05	0.00e+00	0.00e+00	0.00e+00	0.00e+00	0.00e+00
 3.32293e+17	9.75e-01	2.46e-02	1.49e-05	0.00e+00	0.00e+00	0.00e+00	0.00e+00	0.00e+00
 3.32683e+17	9.76e-01	2.42e-02	1.48e-05	0.00e+00	0.00e+00	0.00e+00	0.00e+00	0.00e+00
 3.33096e+17	9.76e-01	2.38e-02	1.47e-05	0.00e+00	0.00e+00	0.00e+00	0.00e+00	0.00e+00
 3.33433e+17	9.76e-01	2.36e-02	1.46e-05	0.00e+00	0.00e+00	0.00e+00	0.00e+00	0.00e+00
 3.33729e+17	9.76e-01	2.35e-02	1.46e-05	0.00e+00	0.00e+00	0.00e+00	0.00e+00	0.00e+00
 3.34080e+17	9.77e-01	2.33e-02	1.45e-05	0.00e+00	0.00e+00	0.00e+00	0.00e+00	0.00e+00
 3.34536e+17	9.77e-01	2.30e-02	1.44e-05	0.00e+00	0.00e+00	0.00e+00	0.00e+00	0.00e+00
 3.35014e+17	9.77e-01	2.27e-02	1.43e-05	0.00e+00	0.00e+00	0.00e+00	0.00e+00	0.00e+00
 3.35417e+17	9.78e-01	2.24e-02	1.42e-05	0.00e+00	0.00e+00	0.00e+00	0.00e+00	0.00e+00
 3.35793e+17	9.78e-01	2.23e-02	1.41e-05	0.00e+00	0.00e+00	0.00e+00	0.00e+00	0.00e+00
 3.36241e+17	9.78e-01	2.20e-02	1.41e-05	0.00e+00	0.00e+00	0.00e+00	0.00e+00	0.00e+00
 3.36793e+17	9.78e-01	2.17e-02	1.40e-05	0.00e+00	0.00e+00	0.00e+00	0.00e+00	0.00e+00
 3.37334e+17	9.79e-01	2.14e-02	1.39e-05	0.00e+00	0.00e+00	0.00e+00	0.00e+00	0.00e+00
 3.37772e+17	9.79e-01	2.12e-02	1.38e-05	0.00e+00	0.00e+00	0.00e+00	0.00e+00	0.00e+00
 3.38223e+17	9.79e-01	2.11e-02	1.37e-05	0.00e+00	0.00e+00	0.00e+00	0.00e+00	0.00e+00
 3.38809e+17	9.79e-01	2.09e-02	1.37e-05	0.00e+00	0.00e+00	0.00e+00	0.00e+00	0.00e+00
 3.39507e+17	9.79e-01	2.05e-02	1.36e-05	0.00e+00	0.00e+00	0.00e+00	0.00e+00	0.00e+00
 3.40148e+17	9.80e-01	2.03e-02	1.35e-05	0.00e+00	0.00e+00	0.00e+00	0.00e+00	0.00e+00
 3.40663e+17	9.80e-01	2.03e-02	1.35e-05	0.00e+00	0.00e+00	0.00e+00	0.00e+00	0.00e+00
 3.41211e+17	9.80e-01	2.01e-02	1.34e-05	0.00e+00	0.00e+00	0.00e+00	0.00e+00	0.00e+00
 3.41836e+17	9.80e-01	1.98e-02	1.33e-05	0.00e+00	0.00e+00	0.00e+00	0.00e+00	0.00e+00
 3.42457e+17	9.80e-01	1.96e-02	1.33e-05	0.00e+00	0.00e+00	0.00e+00	0.00e+00	0.00e+00
 3.43117e+17	9.80e-01	1.95e-02	1.32e-05	0.00e+00	0.00e+00	0.00e+00	0.00e+00	0.00e+00
 3.43931e+17	9.81e-01	1.93e-02	1.32e-05	0.00e+00	0.00e+00	0.00e+00	0.00e+00	0.00e+00
 3.44811e+17	9.81e-01	1.91e-02	1.31e-05	0.00e+00	0.00e+00	0.00e+00	0.00e+00	0.00e+00
 3.45654e+17	9.81e-01	1.91e-02	1.31e-05	0.00e+00	0.00e+00	0.00e+00	0.00e+00	0.00e+00
 3.46612e+17	9.81e-01	1.90e-02	1.31e-05	0.00e+00	0.00e+00	0.00e+00	0.00e+00	0.00e+00
 3.47756e+17	9.81e-01	1.88e-02	1.31e-05	0.00e+00	0.00e+00	0.00e+00	0.00e+00	0.00e+00
 3.48902e+17	9.81e-01	1.88e-02	1.31e-05	0.00e+00	0.00e+00	0.00e+00	0.00e+00	0.00e+00
 3.49965e+17	9.81e-01	1.88e-02	1.31e-05	0.00e+00	0.00e+00	0.00e+00	0.00e+00	0.00e+00
 3.51173e+17	9.81e-01	1.88e-02	1.32e-05	0.00e+00	0.00e+00	0.00e+00	0.00e+00	0.00e+00
 3.52699e+17	9.81e-01	1.86e-02	1.32e-05	0.00e+00	0.00e+00	0.00e+00	0.00e+00	0.00e+00
 3.54320e+17	9.81e-01	1.86e-02	1.32e-05	0.00e+00	0.00e+00	0.00e+00	0.00e+00	0.00e+00
 3.55770e+17	9.81e-01	1.87e-02	1.33e-05	0.00e+00	0.00e+00	0.00e+00	0.00e+00	0.00e+00
 3.57320e+17	9.81e-01	1.87e-02	1.33e-05	0.00e+00	0.00e+00	0.00e+00	0.00e+00	0.00e+00
 3.59334e+17	9.81e-01	1.86e-02	1.33e-05	0.00e+00	0.00e+00	0.00e+00	0.00e+00	0.00e+00
 3.61549e+17	9.82e-01	1.84e-02	1.34e-05	0.00e+00	0.00e+00	0.00e+00	0.00e+00	0.00e+00
 3.63555e+17	9.82e-01	1.85e-02	1.34e-05	0.00e+00	0.00e+00	0.00e+00	0.00e+00	0.00e+00
 3.65664e+17	9.81e-01	1.85e-02	1.35e-05	0.00e+00	0.00e+00	0.00e+00	0.00e+00	0.00e+00
 3.68373e+17	9.82e-01	1.82e-02	1.35e-05	0.00e+00	0.00e+00	0.00e+00	0.00e+00	0.00e+00
 3.71371e+17	9.82e-01	1.79e-02	1.35e-05	0.00e+00	0.00e+00	0.00e+00	0.00e+00	0.00e+00
 3.74093e+17	9.82e-01	1.77e-02	1.35e-05	0.00e+00	0.00e+00	0.00e+00	0.00e+00	0.00e+00
 3.76824e+17	9.82e-01	1.75e-02	1.35e-05	0.00e+00	0.00e+00	0.00e+00	0.00e+00	0.00e+00
 3.80216e+17	9.83e-01	1.70e-02	1.34e-05	0.00e+00	0.00e+00	0.00e+00	0.00e+00	0.00e+00
 3.84007e+17	9.84e-01	1.63e-02	1.32e-05	0.00e+00	0.00e+00	0.00e+00	0.00e+00	0.00e+00
 3.87464e+17	9.84e-01	1.57e-02	1.31e-05	0.00e+00	0.00e+00	0.00e+00	0.00e+00	0.00e+00
 3.90535e+17	9.85e-01	1.52e-02	1.29e-05	0.00e+00	0.00e+00	0.00e+00	0.00e+00	0.00e+00
 3.93761e+17	9.85e-01	1.44e-02	1.26e-05	0.00e+00	0.00e+00	0.00e+00	0.00e+00	0.00e+00
 3.97154e+17	9.87e-01	1.33e-02	1.23e-05	0.00e+00	0.00e+00	0.00e+00	0.00e+00	0.00e+00
 3.99940e+17	9.88e-01	1.22e-02	1.18e-05	0.00e+00	0.00e+00	0.00e+00	0.00e+00	0.00e+00
 4.01903e+17	9.88e-01	1.16e-02	1.15e-05	0.00e+00	0.00e+00	0.00e+00	0.00e+00	0.00e+00
 4.03751e+17	9.89e-01	1.05e-02	1.10e-05	0.00e+00	0.00e+00	0.00e+00	0.00e+00	0.00e+00
 4.05692e+17	9.99e-01	9.53e-04	3.14e-06	0.00e+00	0.00e+00	0.00e+00	0.00e+00	0.00e+00
###########################
 1.21422e+13	8.75e-03	6.64e-01	3.18e-01	9.10e-03	2.46e-04	1.78e-06	0.00e+00	0.00e+00
 7.28534e+13	8.76e-03	6.64e-01	3.18e-01	9.11e-03	2.46e-04	1.78e-06	0.00e+00	0.00e+00
 3.15698e+14	8.78e-03	6.63e-01	3.19e-01	9.16e-03	2.47e-04	1.79e-06	0.00e+00	0.00e+00
 1.28708e+15	8.82e-03	6.58e-01	3.24e-01	9.24e-03	2.50e-04	1.81e-06	0.00e+00	0.00e+00
 3.07441e+15	8.88e-03	6.46e-01	3.36e-01	9.76e-03	2.64e-04	1.95e-06	0.00e+00	0.00e+00
 5.39795e+15	9.09e-03	6.40e-01	3.41e-01	9.91e-03	2.69e-04	1.99e-06	0.00e+00	0.00e+00
 8.41855e+15	9.48e-03	6.40e-01	3.41e-01	9.66e-03	2.63e-04	1.91e-06	0.00e+00	0.00e+00
 1.23453e+16	1.01e-02	6.48e-01	3.33e-01	8.94e-03	2.44e-04	1.70e-06	0.00e+00	0.00e+00
 1.69602e+16	1.10e-02	6.62e-01	3.19e-01	7.93e-03	2.19e-04	1.43e-06	0.00e+00	0.00e+00
 2.16181e+16	1.21e-02	6.81e-01	3.00e-01	6.80e-03	1.89e-04	1.14e-06	0.00e+00	0.00e+00
 2.64859e+16	1.36e-02	7.08e-01	2.73e-01	5.46e-03	1.54e-04	8.31e-07	0.00e+00	0.00e+00
 3.20544e+16	1.59e-02	7.43e-01	2.37e-01	4.03e-03	1.16e-04	0.00e+00	0.00e+00	0.00e+00
 3.76290e+16	1.86e-02	7.77e-01	2.01e-01	2.88e-03	8.36e-05	0.00e+00	0.00e+00	0.00e+00
 4.23682e+16	2.14e-02	8.06e-01	1.70e-01	2.07e-03	6.08e-05	0.00e+00	0.00e+00	0.00e+00
 4.63891e+16	2.45e-02	8.30e-01	1.44e-01	1.52e-03	4.47e-05	0.00e+00	0.00e+00	0.00e+00
 5.01668e+16	2.81e-02	8.50e-01	1.20e-01	1.11e-03	3.23e-05	0.00e+00	0.00e+00	0.00e+00
 5.38420e+16	3.23e-02	8.68e-01	9.91e-02	7.94e-04	2.29e-05	0.00e+00	0.00e+00	0.00e+00
 5.72740e+16	3.72e-02	8.81e-01	8.09e-02	5.73e-04	1.61e-05	0.00e+00	0.00e+00	0.00e+00
 6.05293e+16	4.30e-02	8.91e-01	6.54e-02	4.15e-04	1.12e-05	0.00e+00	0.00e+00	0.00e+00
 6.36751e+16	4.99e-02	8.98e-01	5.22e-02	3.01e-04	7.64e-06	0.00e+00	0.00e+00	0.00e+00
 6.65651e+16	5.78e-02	9.00e-01	4.15e-02	2.22e-04	5.21e-06	0.00e+00	0.00e+00	0.00e+00
 6.91012e+16	6.64e-02	9.00e-01	3.35e-02	1.70e-04	3.66e-06	0.00e+00	0.00e+00	0.00e+00
 7.13655e+16	7.56e-02	8.97e-01	2.72e-02	1.34e-04	2.62e-06	0.00e+00	0.00e+00	0.00e+00
 7.35088e+16	8.59e-02	8.92e-01	2.22e-02	1.07e-04	1.89e-06	0.00e+00	0.00e+00	0.00e+00
 7.55981e+16	9.77e-02	8.84e-01	1.79e-02	8.71e-05	1.36e-06	0.00e+00	0.00e+00	0.00e+00
 7.76261e+16	1.11e-01	8.74e-01	1.45e-02	7.15e-05	9.74e-07	0.00e+00	0.00e+00	0.00e+00
 7.95796e+16	1.26e-01	8.62e-01	1.17e-02	5.95e-05	0.00e+00	0.00e+00	0.00e+00	0.00e+00
 8.14610e+16	1.43e-01	8.48e-01	9.40e-03	5.01e-05	0.00e+00	0.00e+00	0.00e+00	0.00e+00
 8.32204e+16	1.60e-01	8.32e-01	7.65e-03	4.31e-05	0.00e+00	0.00e+00	0.00e+00	0.00e+00
 8.48027e+16	1.78e-01	8.16e-01	6.33e-03	3.77e-05	0.00e+00	0.00e+00	0.00e+00	0.00e+00
 8.62450e+16	1.95e-01	8.00e-01	5.32e-03	3.36e-05	0.00e+00	0.00e+00	0.00e+00	0.00e+00
 8.76280e+16	2.12e-01	7.83e-01	4.49e-03	3.03e-05	0.00e+00	0.00e+00	0.00e+00	0.00e+00
 8.89766e+16	2.31e-01	7.66e-01	3.80e-03	2.74e-05	0.00e+00	0.00e+00	0.00e+00	0.00e+00
 9.02801e+16	2.49e-01	7.48e-01	3.23e-03	2.49e-05	0.00e+00	0.00e+00	0.00e+00	0.00e+00
 9.15520e+16	2.68e-01	7.29e-01	2.76e-03	2.28e-05	0.00e+00	0.00e+00	0.00e+00	0.00e+00
 9.25684e+16	2.83e-01	7.14e-01	2.45e-03	2.13e-05	0.00e+00	0.00e+00	0.00e+00	0.00e+00
 9.32664e+16	2.93e-01	7.04e-01	2.25e-03	2.04e-05	0.00e+00	0.00e+00	0.00e+00	0.00e+00
 9.39564e+16	3.04e-01	6.94e-01	2.08e-03	1.96e-05	0.00e+00	0.00e+00	0.00e+00	0.00e+00
 9.48152e+16	3.18e-01	6.80e-01	1.86e-03	1.84e-05	0.00e+00	0.00e+00	0.00e+00	0.00e+00
 9.57438e+16	3.33e-01	6.65e-01	1.66e-03	1.74e-05	0.00e+00	0.00e+00	0.00e+00	0.00e+00
 9.65974e+16	3.47e-01	6.52e-01	1.51e-03	1.65e-05	0.00e+00	0.00e+00	0.00e+00	0.00e+00
 9.74201e+16	3.60e-01	6.38e-01	1.36e-03	1.57e-05	0.00e+00	0.00e+00	0.00e+00	0.00e+00
 9.82779e+16	3.74e-01	6.25e-01	1.23e-03	1.49e-05	0.00e+00	0.00e+00	0.00e+00	0.00e+00
 9.91939e+16	3.90e-01	6.09e-01	1.11e-03	1.41e-05	0.00e+00	0.00e+00	0.00e+00	0.00e+00
 1.00122e+17	4.04e-01	5.95e-01	9.98e-04	1.34e-05	0.00e+00	0.00e+00	0.00e+00	0.00e+00
 1.01033e+17	4.19e-01	5.80e-01	8.99e-04	1.27e-05	0.00e+00	0.00e+00	0.00e+00	0.00e+00
 1.01972e+17	4.34e-01	5.65e-01	8.13e-04	1.21e-05	0.00e+00	0.00e+00	0.00e+00	0.00e+00
 1.02976e+17	4.50e-01	5.49e-01	7.27e-04	1.14e-05	0.00e+00	0.00e+00	0.00e+00	0.00e+00
 1.03999e+17	4.65e-01	5.34e-01	6.56e-04	1.08e-05	0.00e+00	0.00e+00	0.00e+00	0.00e+00
 1.05007e+17	4.81e-01	5.19e-01	5.91e-04	1.02e-05	0.00e+00	0.00e+00	0.00e+00	0.00e+00
 1.06065e+17	4.96e-01	5.04e-01	5.34e-04	9.72e-06	0.00e+00	0.00e+00	0.00e+00	0.00e+00
 1.07198e+17	5.12e-01	4.88e-01	4.79e-04	9.17e-06	0.00e+00	0.00e+00	0.00e+00	0.00e+00
 1.08381e+17	5.27e-01	4.72e-01	4.32e-04	8.70e-06	0.00e+00	0.00e+00	0.00e+00	0.00e+00
 1.09600e+17	5.43e-01	4.57e-01	3.89e-04	8.22e-06	0.00e+00	0.00e+00	0.00e+00	0.00e+00
 1.10878e+17	5.57e-01	4.43e-01	3.54e-04	7.83e-06	0.00e+00	0.00e+00	0.00e+00	0.00e+00
 1.12230e+17	5.73e-01	4.27e-01	3.18e-04	7.37e-06	0.00e+00	0.00e+00	0.00e+00	0.00e+00
 1.13611e+17	5.87e-01	4.12e-01	2.89e-04	7.00e-06	0.00e+00	0.00e+00	0.00e+00	0.00e+00
 1.15030e+17	6.01e-01	3.99e-01	2.64e-04	6.64e-06	0.00e+00	0.00e+00	0.00e+00	0.00e+00
 1.16567e+17	6.14e-01	3.85e-01	2.41e-04	6.32e-06	0.00e+00	0.00e+00	0.00e+00	0.00e+00
 1.18339e+17	6.29e-01	3.70e-01	2.18e-04	5.95e-06	0.00e+00	0.00e+00	0.00e+00	0.00e+00
 1.20294e+17	6.43e-01	3.57e-01	1.98e-04	5.63e-06	0.00e+00	0.00e+00	0.00e+00	0.00e+00
 1.22216e+17	6.55e-01	3.45e-01	1.83e-04	5.37e-06	0.00e+00	0.00e+00	0.00e+00	0.00e+00
 1.24210e+17	6.67e-01	3.33e-01	1.69e-04	5.10e-06	0.00e+00	0.00e+00	0.00e+00	0.00e+00
 1.26637e+17	6.79e-01	3.21e-01	1.56e-04	4.86e-06	0.00e+00	0.00e+00	0.00e+00	0.00e+00
 1.29319e+17	6.92e-01	3.08e-01	1.42e-04	4.57e-06	0.00e+00	0.00e+00	0.00e+00	0.00e+00
 1.32059e+17	7.02e-01	2.98e-01	1.33e-04	4.38e-06	0.00e+00	0.00e+00	0.00e+00	0.00e+00
 1.34964e+17	7.13e-01	2.86e-01	1.23e-04	4.15e-06	0.00e+00	0.00e+00	0.00e+00	0.00e+00
 1.38244e+17	7.25e-01	2.75e-01	1.14e-04	3.93e-06	0.00e+00	0.00e+00	0.00e+00	0.00e+00
 1.42195e+17	7.36e-01	2.64e-01	1.06e-04	3.72e-06	0.00e+00	0.00e+00	0.00e+00	0.00e+00
 1.46271e+17	7.47e-01	2.53e-01	9.84e-05	3.52e-06	0.00e+00	0.00e+00	0.00e+00	0.00e+00
 1.50211e+17	7.57e-01	2.43e-01	9.21e-05	3.33e-06	0.00e+00	0.00e+00	0.00e+00	0.00e+00
 1.54585e+17	7.67e-01	2.33e-01	8.63e-05	3.16e-06	0.00e+00	0.00e+00	0.00e+00	0.00e+00
 1.59286e+17	7.76e-01	2.24e-01	8.10e-05	2.99e-06	0.00e+00	0.00e+00	0.00e+00	0.00e+00
 1.63981e+17	7.86e-01	2.14e-01	7.61e-05	2.83e-06	0.00e+00	0.00e+00	0.00e+00	0.00e+00
 1.68799e+17	7.95e-01	2.05e-01	7.18e-05	2.68e-06	0.00e+00	0.00e+00	0.00e+00	0.00e+00
 1.73864e+17	8.03e-01	1.97e-01	6.79e-05	2.54e-06	0.00e+00	0.00e+00	0.00e+00	0.00e+00
 1.79059e+17	8.12e-01	1.88e-01	6.42e-05	2.39e-06	0.00e+00	0.00e+00	0.00e+00	0.00e+00
 1.84128e+17	8.20e-01	1.80e-01	6.10e-05	2.26e-06	0.00e+00	0.00e+00	0.00e+00	0.00e+00
 1.89112e+17	8.26e-01	1.74e-01	5.84e-05	2.16e-06	0.00e+00	0.00e+00	0.00e+00	0.00e+00
 1.94178e+17	8.34e-01	1.66e-01	5.56e-05	2.04e-06	0.00e+00	0.00e+00	0.00e+00	0.00e+00
 1.99161e+17	8.40e-01	1.60e-01	5.34e-05	1.95e-06	0.00e+00	0.00e+00	0.00e+00	0.00e+00
 2.04134e+17	8.47e-01	1.53e-01	5.13e-05	1.85e-06	0.00e+00	0.00e+00	0.00e+00	0.00e+00
 2.09137e+17	8.52e-01	1.47e-01	4.94e-05	1.76e-06	0.00e+00	0.00e+00	0.00e+00	0.00e+00
 2.14171e+17	8.59e-01	1.41e-01	4.75e-05	1.67e-06	0.00e+00	0.00e+00	0.00e+00	0.00e+00
 2.19164e+17	8.65e-01	1.35e-01	4.57e-05	1.59e-06	0.00e+00	0.00e+00	0.00e+00	0.00e+00
 2.23710e+17	8.69e-01	1.31e-01	4.42e-05	1.52e-06	0.00e+00	0.00e+00	0.00e+00	0.00e+00
 2.28126e+17	8.74e-01	1.26e-01	4.28e-05	1.45e-06	0.00e+00	0.00e+00	0.00e+00	0.00e+00
 2.32565e+17	8.79e-01	1.20e-01	4.14e-05	1.38e-06	0.00e+00	0.00e+00	0.00e+00	0.00e+00
 2.36639e+17	8.83e-01	1.17e-01	4.03e-05	1.32e-06	0.00e+00	0.00e+00	0.00e+00	0.00e+00
 2.40592e+17	8.88e-01	1.12e-01	3.91e-05	1.26e-06	0.00e+00	0.00e+00	0.00e+00	0.00e+00
 2.44519e+17	8.91e-01	1.08e-01	3.81e-05	1.21e-06	0.00e+00	0.00e+00	0.00e+00	0.00e+00
 2.48320e+17	8.96e-01	1.04e-01	3.70e-05	1.15e-06	0.00e+00	0.00e+00	0.00e+00	0.00e+00
 2.51963e+17	8.97e-01	1.02e-01	3.62e-05	1.13e-06	0.00e+00	0.00e+00	0.00e+00	0.00e+00
 2.55472e+17	9.00e-01	9.99e-02	3.53e-05	1.09e-06	0.00e+00	0.00e+00	0.00e+00	0.00e+00
 2.58956e+17	9.03e-01	9.65e-02	3.44e-05	1.05e-06	0.00e+00	0.00e+00	0.00e+00	0.00e+00
 2.62271e+17	9.07e-01	9.32e-02	3.36e-05	1.01e-06	0.00e+00	0.00e+00	0.00e+00	0.00e+00
 2.65339e+17	9.09e-01	9.08e-02	3.30e-05	9.77e-07	0.00e+00	0.00e+00	0.00e+00	0.00e+00
 2.68477e+17	9.13e-01	8.72e-02	3.21e-05	0.00e+00	0.00e+00	0.00e+00	0.00e+00	0.00e+00
 2.71510e+17	9.16e-01	8.43e-02	3.14e-05	0.00e+00	0.00e+00	0.00e+00	0.00e+00	0.00e+00
 2.74051e+17	9.18e-01	8.22e-02	3.09e-05	0.00e+00	0.00e+00	0.00e+00	0.00e+00	0.00e+00
 2.76627e+17	9.20e-01	7.97e-02	3.02e-05	0.00e+00	0.00e+00	0.00e+00	0.00e+00	0.00e+00
 2.79322e+17	9.23e-01	7.70e-02	2.95e-05	0.00e+00	0.00e+00	0.00e+00	0.00e+00	0.00e+00
 2.81777e+17	9.25e-01	7.47e-02	2.89e-05	0.00e+00	0.00e+00	0.00e+00	0.00e+00	0.00e+00
 2.83962e+17	9.27e-01	7.29e-02	2.85e-05	0.00e+00	0.00e+00	0.00e+00	0.00e+00	0.00e+00
 2.86242e+17	9.29e-01	7.05e-02	2.79e-05	0.00e+00	0.00e+00	0.00e+00	0.00e+00	0.00e+00
 2.88527e+17	9.32e-01	6.82e-02	2.73e-05	0.00e+00	0.00e+00	0.00e+00	0.00e+00	0.00e+00
 2.90446e+17	9.33e-01	6.67e-02	2.69e-05	0.00e+00	0.00e+00	0.00e+00	0.00e+00	0.00e+00
 2.92394e+17	9.35e-01	6.46e-02	2.63e-05	0.00e+00	0.00e+00	0.00e+00	0.00e+00	0.00e+00
 2.94342e+17	9.38e-01	6.25e-02	2.58e-05	0.00e+00	0.00e+00	0.00e+00	0.00e+00	0.00e+00
 2.95946e+17	9.39e-01	6.13e-02	2.55e-05	0.00e+00	0.00e+00	0.00e+00	0.00e+00	0.00e+00
 2.97609e+17	9.41e-01	5.94e-02	2.50e-05	0.00e+00	0.00e+00	0.00e+00	0.00e+00	0.00e+00
 2.99333e+17	9.43e-01	5.74e-02	2.46e-05	0.00e+00	0.00e+00	0.00e+00	0.00e+00	0.00e+00
 3.00734e+17	9.44e-01	5.63e-02	2.43e-05	0.00e+00	0.00e+00	0.00e+00	0.00e+00	0.00e+00
 3.02135e+17	9.45e-01	5.48e-02	2.39e-05	0.00e+00	0.00e+00	0.00e+00	0.00e+00	0.00e+00
 3.03603e+17	9.47e-01	5.29e-02	2.34e-05	0.00e+00	0.00e+00	0.00e+00	0.00e+00	0.00e+00
 3.04793e+17	9.48e-01	5.21e-02	2.32e-05	0.00e+00	0.00e+00	0.00e+00	0.00e+00	0.00e+00
 3.05954e+17	9.49e-01	5.10e-02	2.28e-05	0.00e+00	0.00e+00	0.00e+00	0.00e+00	0.00e+00
 3.07411e+17	9.49e-01	5.05e-02	2.27e-05	0.00e+00	0.00e+00	0.00e+00	0.00e+00	0.00e+00
 3.09252e+17	9.51e-01	4.90e-02	2.24e-05	0.00e+00	0.00e+00	0.00e+00	0.00e+00	0.00e+00
 3.11211e+17	9.53e-01	4.67e-02	2.18e-05	0.00e+00	0.00e+00	0.00e+00	0.00e+00	0.00e+00
 3.12619e+17	9.55e-01	4.53e-02	2.13e-05	0.00e+00	0.00e+00	0.00e+00	0.00e+00	0.00e+00
 3.13462e+17	9.55e-01	4.48e-02	2.12e-05	0.00e+00	0.00e+00	0.00e+00	0.00e+00	0.00e+00
 3.14272e+17	9.56e-01	4.44e-02	2.10e-05	0.00e+00	0.00e+00	0.00e+00	0.00e+00	0.00e+00
 3.15325e+17	9.57e-01	4.28e-02	2.06e-05	0.00e+00	0.00e+00	0.00e+00	0.00e+00	0.00e+00
 3.16341e+17	9.58e-01	4.19e-02	2.04e-05	0.00e+00	0.00e+00	0.00e+00	0.00e+00	0.00e+00
 3.17168e+17	9.59e-01	4.12e-02	2.02e-05	0.00e+00	0.00e+00	0.00e+00	0.00e+00	0.00e+00
 3.18104e+17	9.60e-01	3.99e-02	1.98e-05	0.00e+00	0.00e+00	0.00e+00	0.00e+00	0.00e+00
 3.18992e+17	9.61e-01	3.89e-02	1.95e-05	0.00e+00	0.00e+00	0.00e+00	0.00e+00	0.00e+00
 3.19565e+17	9.62e-01	3.85e-02	1.94e-05	0.00e+00	0.00e+00	0.00e+00	0.00e+00	0.00e+00
 3.19934e+17	9.62e-01	3.81e-02	1.92e-05	0.00e+00	0.00e+00	0.00e+00	0.00e+00	0.00e+00
 3.20284e+17	9.62e-01	3.78e-02	1.91e-05	0.00e+00	0.00e+00	0.00e+00	0.00e+00	0.00e+00
 3.20640e+17	9.63e-01	3.74e-02	1.90e-05	0.00e+00	0.00e+00	0.00e+00	0.00e+00	0.00e+00
 3.20988e+17	9.63e-01	3.72e-02	1.89e-05	0.00e+00	0.00e+00	0.00e+00	0.00e+00	0.00e+00
 3.21364e+17	9.63e-01	3.66e-02	1.88e-05	0.00e+00	0.00e+00	0.00e+00	0.00e+00	0.00e+00
 3.21719e+17	9.64e-01	3.62e-02	1.86e-05	0.00e+00	0.00e+00	0.00e+00	0.00e+00	0.00e+00
 3.22008e+17	9.64e-01	3.58e-02	1.85e-05	0.00e+00	0.00e+00	0.00e+00	0.00e+00	0.00e+00
 3.22234e+17	9.64e-01	3.56e-02	1.84e-05	0.00e+00	0.00e+00	0.00e+00	0.00e+00	0.00e+00
 3.22473e+17	9.65e-01	3.54e-02	1.83e-05	0.00e+00	0.00e+00	0.00e+00	0.00e+00	0.00e+00
 3.22784e+17	9.65e-01	3.51e-02	1.83e-05	0.00e+00	0.00e+00	0.00e+00	0.00e+00	0.00e+00
 3.23110e+17	9.65e-01	3.45e-02	1.81e-05	0.00e+00	0.00e+00	0.00e+00	0.00e+00	0.00e+00
 3.23384e+17	9.66e-01	3.42e-02	1.80e-05	0.00e+00	0.00e+00	0.00e+00	0.00e+00	0.00e+00
 3.23614e+17	9.66e-01	3.39e-02	1.79e-05	0.00e+00	0.00e+00	0.00e+00	0.00e+00	0.00e+00
 3.23838e+17	9.66e-01	3.37e-02	1.78e-05	0.00e+00	0.00e+00	0.00e+00	0.00e+00	0.00e+00
 3.24110e+17	9.67e-01	3.34e-02	1.78e-05	0.00e+00	0.00e+00	0.00e+00	0.00e+00	0.00e+00
 3.24464e+17	9.67e-01	3.29e-02	1.76e-05	0.00e+00	0.00e+00	0.00e+00	0.00e+00	0.00e+00
 3.24800e+17	9.68e-01	3.23e-02	1.75e-05	0.00e+00	0.00e+00	0.00e+00	0.00e+00	0.00e+00
 3.25019e+17	9.68e-01	3.21e-02	1.74e-05	0.00e+00	0.00e+00	0.00e+00	0.00e+00	0.00e+00
 3.25181e+17	9.68e-01	3.20e-02	1.73e-05	0.00e+00	0.00e+00	0.00e+00	0.00e+00	0.00e+00
 3.25365e+17	9.68e-01	3.18e-02	1.73e-05	0.00e+00	0.00e+00	0.00e+00	0.00e+00	0.00e+00
 3.25605e+17	9.68e-01	3.16e-02	1.72e-05	0.00e+00	0.00e+00	0.00e+00	0.00e+00	0.00e+00
 3.25916e+17	9.69e-01	3.11e-02	1.70e-05	0.00e+00	0.00e+00	0.00e+00	0.00e+00	0.00e+00
 3.26200e+17	9.69e-01	3.06e-02	1.69e-05	0.00e+00	0.00e+00	0.00e+00	0.00e+00	0.00e+00
 3.26380e+17	9.70e-01	3.05e-02	1.68e-05	0.00e+00	0.00e+00	0.00e+00	0.00e+00	0.00e+00
 3.26546e+17	9.70e-01	3.04e-02	1.68e-05	0.00e+00	0.00e+00	0.00e+00	0.00e+00	0.00e+00
 3.26761e+17	9.70e-01	3.01e-02	1.67e-05	0.00e+00	0.00e+00	0.00e+00	0.00e+00	0.00e+00
 3.27042e+17	9.70e-01	2.98e-02	1.66e-05	0.00e+00	0.00e+00	0.00e+00	0.00e+00	0.00e+00
 3.27361e+17	9.71e-01	2.94e-02	1.65e-05	0.00e+00	0.00e+00	0.00e+00	0.00e+00	0.00e+00
 3.27630e+17	9.71e-01	2.90e-02	1.64e-05	0.00e+00	0.00e+00	0.00e+00	0.00e+00	0.00e+00
 3.27833e+17	9.71e-01	2.88e-02	1.63e-05	0.00e+00	0.00e+00	0.00e+00	0.00e+00	0.00e+00
 3.28044e+17	9.71e-01	2.86e-02	1.62e-05	0.00e+00	0.00e+00	0.00e+00	0.00e+00	0.00e+00
 3.28307e+17	9.72e-01	2.83e-02	1.62e-05	0.00e+00	0.00e+00	0.00e+00	0.00e+00	0.00e+00
 3.28628e+17	9.72e-01	2.80e-02	1.61e-05	0.00e+00	0.00e+00	0.00e+00	0.00e+00	0.00e+00
 3.28926e+17	9.72e-01	2.75e-02	1.59e-05	0.00e+00	0.00e+00	0.00e+00	0.00e+00	0.00e+00
 3.29152e+17	9.73e-01	2.73e-02	1.58e-05	0.00e+00	0.00e+00	0.00e+00	0.00e+00	0.00e+00
 3.29366e+17	9.73e-01	2.71e-02	1.58e-05	0.00e+00	0.00e+00	0.00e+00	0.00e+00	0.00e+00
 3.29628e+17	9.73e-01	2.69e-02	1.57e-05	0.00e+00	0.00e+00	0.00e+00	0.00e+00	0.00e+00
 3.29961e+17	9.73e-01	2.66e-02	1.56e-05	0.00e+00	0.00e+00	0.00e+00	0.00e+00	0.00e+00
 3.30294e+17	9.74e-01	2.62e-02	1.55e-05	0.00e+00	0.00e+00	0.00e+00	0.00e+00	0.00e+00
 3.30550e+17	9.74e-01	2.59e-02	1.54e-05	0.00e+00	0.00e+00	0.00e+00	0.00e+00	0.00e+00
 3.30791e+17	9.74e-01	2.57e-02	1.53e-05	0.00e+00	0.00e+00	0.00e+00	0.00e+00	0.00e+00
 3.31096e+17	9.74e-01	2.55e-02	1.52e-05	0.00e+00	0.00e+00	0.00e+00	0.00e+00	0.00e+00
 3.31470e+17	9.75e-01	2.51e-02	1.51e-05	0.00e+00	0.00e+00	0.00e+00	0.00e+00	0.00e+00
 3.31832e+17	9.75e-01	2.48e-02	1.50e-05	0.00e+00	0.00e+00	0.00e+00	0.00e+00	0.00e+00
 3.32118e+17	9.75e-01	2.46e-02	1.49e-05	0.00e+00	0.00e+00	0.00e+00	0.00e+00	0.00e+00
 3.32398e+17	9.76e-01	2.44e-02	1.49e-05	0.00e+00	0.00e+00	0.00e+00	0.00e+00	0.00e+00
 3.32750e+17	9.76e-01	2.41e-02	1.48e-05	0.00e+00	0.00e+00	0.00e+00	0.00e+00	0.00e+00
 3.33163e+17	9.76e-01	2.38e-02	1.47e-05	0.00e+00	0.00e+00	0.00e+00	0.00e+00	0.00e+00
 3.33544e+17	9.76e-01	2.35e-02	1.46e-05	0.00e+00	0.00e+00	0.00e+00	0.00e+00	0.00e+00
 3.33865e+17	9.77e-01	2.34e-02	1.45e-05	0.00e+00	0.00e+00	0.00e+00	0.00e+00	0.00e+00
 3.34218e+17	9.77e-01	2.32e-02	1.44e-05	0.00e+00	0.00e+00	0.00e+00	0.00e+00	0.00e+00
 3.34677e+17	9.77e-01	2.29e-02	1.44e-05	0.00e+00	0.00e+00	0.00e+00	0.00e+00	0.00e+00
 3.35196e+17	9.77e-01	2.25e-02	1.42e-05	0.00e+00	0.00e+00	0.00e+00	0.00e+00	0.00e+00
 3.35631e+17	9.78e-01	2.22e-02	1.41e-05	0.00e+00	0.00e+00	0.00e+00	0.00e+00	0.00e+00
 3.35977e+17	9.78e-01	2.22e-02	1.41e-05	0.00e+00	0.00e+00	0.00e+00	0.00e+00	0.00e+00
 3.36370e+17	9.78e-01	2.20e-02	1.40e-05	0.00e+00	0.00e+00	0.00e+00	0.00e+00	0.00e+00
 3.36880e+17	9.78e-01	2.17e-02	1.39e-05	0.00e+00	0.00e+00	0.00e+00	0.00e+00	0.00e+00
 3.37431e+17	9.79e-01	2.14e-02	1.38e-05	0.00e+00	0.00e+00	0.00e+00	0.00e+00	0.00e+00
 3.37904e+17	9.79e-01	2.12e-02	1.38e-05	0.00e+00	0.00e+00	0.00e+00	0.00e+00	0.00e+00
 3.38359e+17	9.79e-01	2.11e-02	1.37e-05	0.00e+00	0.00e+00	0.00e+00	0.00e+00	0.00e+00
 3.38921e+17	9.79e-01	2.08e-02	1.36e-05	0.00e+00	0.00e+00	0.00e+00	0.00e+00	0.00e+00
 3.39583e+17	9.79e-01	2.05e-02	1.36e-05	0.00e+00	0.00e+00	0.00e+00	0.00e+00	0.00e+00
 3.40215e+17	9.80e-01	2.03e-02	1.35e-05	0.00e+00	0.00e+00	0.00e+00	0.00e+00	0.00e+00
 3.40778e+17	9.80e-01	2.01e-02	1.34e-05	0.00e+00	0.00e+00	0.00e+00	0.00e+00	0.00e+00
 3.41303e+17	9.80e-01	1.99e-02	1.33e-05	0.00e+00	0.00e+00	0.00e+00	0.00e+00	0.00e+00
 3.41841e+17	9.80e-01	1.98e-02	1.33e-05	0.00e+00	0.00e+00	0.00e+00	0.00e+00	0.00e+00
 3.42503e+17	9.80e-01	1.96e-02	1.33e-05	0.00e+00	0.00e+00	0.00e+00	0.00e+00	0.00e+00
 3.43300e+17	9.81e-01	1.94e-02	1.32e-05	0.00e+00	0.00e+00	0.00e+00	0.00e+00	0.00e+00
 3.44115e+17	9.81e-01	1.92e-02	1.32e-05	0.00e+00	0.00e+00	0.00e+00	0.00e+00	0.00e+00
 3.44885e+17	9.81e-01	1.92e-02	1.32e-05	0.00e+00	0.00e+00	0.00e+00	0.00e+00	0.00e+00
 3.45755e+17	9.81e-01	1.91e-02	1.31e-05	0.00e+00	0.00e+00	0.00e+00	0.00e+00	0.00e+00
 3.46831e+17	9.81e-01	1.89e-02	1.31e-05	0.00e+00	0.00e+00	0.00e+00	0.00e+00	0.00e+00
 3.47936e+17	9.81e-01	1.88e-02	1.31e-05	0.00e+00	0.00e+00	0.00e+00	0.00e+00	0.00e+00
 3.48974e+17	9.81e-01	1.88e-02	1.31e-05	0.00e+00	0.00e+00	0.00e+00	0.00e+00	0.00e+00
 3.50113e+17	9.81e-01	1.88e-02	1.31e-05	0.00e+00	0.00e+00	0.00e+00	0.00e+00	0.00e+00
 3.51549e+17	9.81e-01	1.87e-02	1.31e-05	0.00e+00	0.00e+00	0.00e+00	0.00e+00	0.00e+00
 3.53116e+17	9.81e-01	1.86e-02	1.32e-05	0.00e+00	0.00e+00	0.00e+00	0.00e+00	0.00e+00
 3.54495e+17	9.81e-01	1.87e-02	1.32e-05	0.00e+00	0.00e+00	0.00e+00	0.00e+00	0.00e+00
 3.55927e+17	9.81e-01	1.88e-02	1.33e-05	0.00e+00	0.00e+00	0.00e+00	0.00e+00	0.00e+00
 3.57787e+17	9.81e-01	1.86e-02	1.33e-05	0.00e+00	0.00e+00	0.00e+00	0.00e+00	0.00e+00
 3.59862e+17	9.82e-01	1.85e-02	1.33e-05	0.00e+00	0.00e+00	0.00e+00	0.00e+00	0.00e+00
 3.61781e+17	9.81e-01	1.85e-02	1.34e-05	0.00e+00	0.00e+00	0.00e+00	0.00e+00	0.00e+00
 3.63744e+17	9.81e-01	1.86e-02	1.35e-05	0.00e+00	0.00e+00	0.00e+00	0.00e+00	0.00e+00
 3.66199e+17	9.82e-01	1.84e-02	1.35e-05	0.00e+00	0.00e+00	0.00e+00	0.00e+00	0.00e+00
 3.68993e+17	9.82e-01	1.81e-02	1.35e-05	0.00e+00	0.00e+00	0.00e+00	0.00e+00	0.00e+00
 3.71620e+17	9.82e-01	1.79e-02	1.35e-05	0.00e+00	0.00e+00	0.00e+00	0.00e+00	0.00e+00
 3.74226e+17	9.82e-01	1.78e-02	1.35e-05	0.00e+00	0.00e+00	0.00e+00	0.00e+00	0.00e+00
 3.77413e+17	9.83e-01	1.74e-02	1.34e-05	0.00e+00	0.00e+00	0.00e+00	0.00e+00	0.00e+00
 3.81046e+17	9.83e-01	1.67e-02	1.33e-05	0.00e+00	0.00e+00	0.00e+00	0.00e+00	0.00e+00
 3.84445e+17	9.84e-01	1.63e-02	1.32e-05	0.00e+00	0.00e+00	0.00e+00	0.00e+00	0.00e+00
 3.87656e+17	9.84e-01	1.58e-02	1.31e-05	0.00e+00	0.00e+00	0.00e+00	0.00e+00	0.00e+00
 3.91145e+17	9.85e-01	1.50e-02	1.28e-05	0.00e+00	0.00e+00	0.00e+00	0.00e+00	0.00e+00
 3.94672e+17	9.86e-01	1.40e-02	1.25e-05	0.00e+00	0.00e+00	0.00e+00	0.00e+00	0.00e+00
 3.97618e+17	9.87e-01	1.31e-02	1.22e-05	0.00e+00	0.00e+00	0.00e+00	0.00e+00	0.00e+00
 3.99936e+17	9.87e-01	1.24e-02	1.19e-05	0.00e+00	0.00e+00	0.00e+00	0.00e+00	0.00e+00
 4.02217e+17	9.89e-01	1.14e-02	1.14e-05	0.00e+00	0.00e+00	0.00e+00	0.00e+00	0.00e+00
 4.04399e+17	9.99e-01	1.15e-03	3.39e-06	0.00e+00	0.00e+00	0.00e+00	0.00e+00	0.00e+00
