#depth	S  1	S  2	S  3	S  4	S  5	S  6	S  7	S  8	S  9	S 10	S 11	S 12	S 13	S 14	S 15	S 16	S 17
 1.21422e+13	9.00e-04	2.46e-01	7.13e-01	3.53e-02	3.79e-03	4.02e-04	1.92e-05	0.00e+00	0.00e+00	0.00e+00	0.00e+00	0.00e+00	0.00e+00	0.00e+00	0.00e+00	0.00e+00	0.00e+00
 7.28534e+13	9.00e-04	2.47e-01	7.13e-01	3.53e-02	3.79e-03	4.02e-04	1.92e-05	0.00e+00	0.00e+00	0.00e+00	0.00e+00	0.00e+00	0.00e+00	0.00e+00	0.00e+00	0.00e+00	0.00e+00
 3.15698e+14	9.01e-04	2.47e-01	7.13e-01	3.54e-02	3.79e-03	4.02e-04	1.93e-05	0.00e+00	0.00e+00	0.00e+00	0.00e+00	0.00e+00	0.00e+00	0.00e+00	0.00e+00	0.00e+00	0.00e+00
 1.28708e+15	9.08e-04	2.48e-01	7.12e-01	3.56e-02	3.79e-03	4.03e-04	1.93e-05	0.00e+00	0.00e+00	0.00e+00	0.00e+00	0.00e+00	0.00e+00	0.00e+00	0.00e+00	0.00e+00	0.00e+00
 3.07441e+15	9.12e-04	2.50e-01	7.09e-01	3.64e-02	3.82e-03	4.13e-04	2.00e-05	0.00e+00	0.00e+00	0.00e+00	0.00e+00	0.00e+00	0.00e+00	0.00e+00	0.00e+00	0.00e+00	0.00e+00
 5.39795e+15	9.26e-04	2.52e-01	7.06e-01	3.66e-02	3.81e-03	4.15e-04	2.01e-05	0.00e+00	0.00e+00	0.00e+00	0.00e+00	0.00e+00	0.00e+00	0.00e+00	0.00e+00	0.00e+00	0.00e+00
 8.41855e+15	9.53e-04	2.55e-01	7.04e-01	3.61e-02	3.74e-03	4.05e-04	1.95e-05	0.00e+00	0.00e+00	0.00e+00	0.00e+00	0.00e+00	0.00e+00	0.00e+00	0.00e+00	0.00e+00	0.00e+00
 1.23453e+16	1.00e-03	2.60e-01	7.01e-01	3.47e-02	3.60e-03	3.84e-04	1.81e-05	0.00e+00	0.00e+00	0.00e+00	0.00e+00	0.00e+00	0.00e+00	0.00e+00	0.00e+00	0.00e+00	0.00e+00
 1.69602e+16	1.06e-03	2.65e-01	6.98e-01	3.26e-02	3.43e-03	3.55e-04	1.61e-05	0.00e+00	0.00e+00	0.00e+00	0.00e+00	0.00e+00	0.00e+00	0.00e+00	0.00e+00	0.00e+00	0.00e+00
 2.16181e+16	1.14e-03	2.70e-01	6.95e-01	3.02e-02	3.22e-03	3.22e-04	1.40e-05	0.00e+00	0.00e+00	0.00e+00	0.00e+00	0.00e+00	0.00e+00	0.00e+00	0.00e+00	0.00e+00	0.00e+00
 2.64859e+16	1.24e-03	2.77e-01	6.91e-01	2.71e-02	2.96e-03	2.81e-04	1.15e-05	0.00e+00	0.00e+00	0.00e+00	0.00e+00	0.00e+00	0.00e+00	0.00e+00	0.00e+00	0.00e+00	0.00e+00
 3.20544e+16	1.39e-03	2.88e-01	6.85e-01	2.33e-02	2.62e-03	2.34e-04	8.83e-06	0.00e+00	0.00e+00	0.00e+00	0.00e+00	0.00e+00	0.00e+00	0.00e+00	0.00e+00	0.00e+00	0.00e+00
 3.76290e+16	1.56e-03	2.99e-01	6.77e-01	1.98e-02	2.29e-03	1.92e-04	6.56e-06	0.00e+00	0.00e+00	0.00e+00	0.00e+00	0.00e+00	0.00e+00	0.00e+00	0.00e+00	0.00e+00	0.00e+00
 4.23682e+16	1.72e-03	3.10e-01	6.69e-01	1.69e-02	2.00e-03	1.59e-04	4.92e-06	0.00e+00	0.00e+00	0.00e+00	0.00e+00	0.00e+00	0.00e+00	0.00e+00	0.00e+00	0.00e+00	0.00e+00
 4.63891e+16	1.88e-03	3.21e-01	6.60e-01	1.45e-02	1.76e-03	1.33e-04	3.74e-06	0.00e+00	0.00e+00	0.00e+00	0.00e+00	0.00e+00	0.00e+00	0.00e+00	0.00e+00	0.00e+00	0.00e+00
 5.01668e+16	2.05e-03	3.34e-01	6.50e-01	1.23e-02	1.53e-03	1.11e-04	2.81e-06	0.00e+00	0.00e+00	0.00e+00	0.00e+00	0.00e+00	0.00e+00	0.00e+00	0.00e+00	0.00e+00	0.00e+00
 5.38420e+16	2.22e-03	3.47e-01	6.39e-01	1.04e-02	1.31e-03	9.13e-05	2.08e-06	0.00e+00	0.00e+00	0.00e+00	0.00e+00	0.00e+00	0.00e+00	0.00e+00	0.00e+00	0.00e+00	0.00e+00
 5.72740e+16	2.40e-03	3.61e-01	6.27e-01	8.82e-03	1.12e-03	7.53e-05	1.53e-06	0.00e+00	0.00e+00	0.00e+00	0.00e+00	0.00e+00	0.00e+00	0.00e+00	0.00e+00	0.00e+00	0.00e+00
 6.05293e+16	2.58e-03	3.75e-01	6.14e-01	7.43e-03	9.56e-04	6.20e-05	1.12e-06	0.00e+00	0.00e+00	0.00e+00	0.00e+00	0.00e+00	0.00e+00	0.00e+00	0.00e+00	0.00e+00	0.00e+00
 6.36751e+16	2.76e-03	3.91e-01	5.99e-01	6.22e-03	8.07e-04	5.08e-05	8.18e-07	0.00e+00	0.00e+00	0.00e+00	0.00e+00	0.00e+00	0.00e+00	0.00e+00	0.00e+00	0.00e+00	0.00e+00
 6.65651e+16	2.93e-03	4.06e-01	5.85e-01	5.22e-03	6.81e-04	4.17e-05	0.00e+00	0.00e+00	0.00e+00	0.00e+00	0.00e+00	0.00e+00	0.00e+00	0.00e+00	0.00e+00	0.00e+00	0.00e+00
 6.91012e+16	3.07e-03	4.20e-01	5.72e-01	4.45e-03	5.83e-04	3.49e-05	0.00e+00	0.00e+00	0.00e+00	0.00e+00	0.00e+00	0.00e+00	0.00e+00	0.00e+00	0.00e+00	0.00e+00	0.00e+00
 7.13655e+16	3.19e-03	4.32e-01	5.60e-01	3.84e-03	5.04e-04	2.97e-05	0.00e+00	0.00e+00	0.00e+00	0.00e+00	0.00e+00	0.00e+00	0.00e+00	0.00e+00	0.00e+00	0.00e+00	0.00e+00
 7.35088e+16	3.29e-03	4.44e-01	5.49e-01	3.33e-03	4.38e-04	2.54e-05	0.00e+00	0.00e+00	0.00e+00	0.00e+00	0.00e+00	0.00e+00	0.00e+00	0.00e+00	0.00e+00	0.00e+00	0.00e+00
 7.55981e+16	3.38e-03	4.55e-01	5.39e-01	2.89e-03	3.82e-04	2.18e-05	0.00e+00	0.00e+00	0.00e+00	0.00e+00	0.00e+00	0.00e+00	0.00e+00	0.00e+00	0.00e+00	0.00e+00	0.00e+00
 7.76261e+16	3.44e-03	4.64e-01	5.29e-01	2.52e-03	3.34e-04	1.88e-05	0.00e+00	0.00e+00	0.00e+00	0.00e+00	0.00e+00	0.00e+00	0.00e+00	0.00e+00	0.00e+00	0.00e+00	0.00e+00
 7.95796e+16	3.49e-03	4.73e-01	5.21e-01	2.21e-03	2.93e-04	1.64e-05	0.00e+00	0.00e+00	0.00e+00	0.00e+00	0.00e+00	0.00e+00	0.00e+00	0.00e+00	0.00e+00	0.00e+00	0.00e+00
 8.14610e+16	3.51e-03	4.80e-01	5.14e-01	1.95e-03	2.60e-04	1.44e-05	0.00e+00	0.00e+00	0.00e+00	0.00e+00	0.00e+00	0.00e+00	0.00e+00	0.00e+00	0.00e+00	0.00e+00	0.00e+00
 8.32204e+16	3.51e-03	4.86e-01	5.09e-01	1.74e-03	2.33e-04	1.28e-05	0.00e+00	0.00e+00	0.00e+00	0.00e+00	0.00e+00	0.00e+00	0.00e+00	0.00e+00	0.00e+00	0.00e+00	0.00e+00
 8.48027e+16	3.50e-03	4.90e-01	5.05e-01	1.57e-03	2.12e-04	1.16e-05	0.00e+00	0.00e+00	0.00e+00	0.00e+00	0.00e+00	0.00e+00	0.00e+00	0.00e+00	0.00e+00	0.00e+00	0.00e+00
 8.62450e+16	3.47e-03	4.93e-01	5.02e-01	1.44e-03	1.95e-04	1.06e-05	0.00e+00	0.00e+00	0.00e+00	0.00e+00	0.00e+00	0.00e+00	0.00e+00	0.00e+00	0.00e+00	0.00e+00	0.00e+00
 8.76280e+16	3.43e-03	4.95e-01	5.00e-01	1.33e-03	1.82e-04	9.80e-06	0.00e+00	0.00e+00	0.00e+00	0.00e+00	0.00e+00	0.00e+00	0.00e+00	0.00e+00	0.00e+00	0.00e+00	0.00e+00
 8.89766e+16	3.39e-03	4.96e-01	4.99e-01	1.23e-03	1.69e-04	9.12e-06	0.00e+00	0.00e+00	0.00e+00	0.00e+00	0.00e+00	0.00e+00	0.00e+00	0.00e+00	0.00e+00	0.00e+00	0.00e+00
 9.02801e+16	3.34e-03	4.97e-01	4.98e-01	1.15e-03	1.59e-04	8.54e-06	0.00e+00	0.00e+00	0.00e+00	0.00e+00	0.00e+00	0.00e+00	0.00e+00	0.00e+00	0.00e+00	0.00e+00	0.00e+00
 9.15520e+16	3.29e-03	4.97e-01	4.98e-01	1.07e-03	1.50e-04	8.04e-06	0.00e+00	0.00e+00	0.00e+00	0.00e+00	0.00e+00	0.00e+00	0.00e+00	0.00e+00	0.00e+00	0.00e+00	0.00e+00
 9.25684e+16	3.24e-03	4.97e-01	4.98e-01	1.02e-03	1.44e-04	7.70e-06	0.00e+00	0.00e+00	0.00e+00	0.00e+00	0.00e+00	0.00e+00	0.00e+00	0.00e+00	0.00e+00	0.00e+00	0.00e+00
 9.32664e+16	3.21e-03	4.97e-01	4.99e-01	9.89e-04	1.40e-04	7.49e-06	0.00e+00	0.00e+00	0.00e+00	0.00e+00	0.00e+00	0.00e+00	0.00e+00	0.00e+00	0.00e+00	0.00e+00	0.00e+00
 9.39564e+16	3.17e-03	4.96e-01	5.00e-01	9.59e-04	1.37e-04	7.30e-06	0.00e+00	0.00e+00	0.00e+00	0.00e+00	0.00e+00	0.00e+00	0.00e+00	0.00e+00	0.00e+00	0.00e+00	0.00e+00
 9.48152e+16	3.14e-03	4.96e-01	5.00e-01	9.20e-04	1.32e-04	7.03e-06	0.00e+00	0.00e+00	0.00e+00	0.00e+00	0.00e+00	0.00e+00	0.00e+00	0.00e+00	0.00e+00	0.00e+00	0.00e+00
 9.57438e+16	3.09e-03	4.95e-01	5.01e-01	8.82e-04	1.27e-04	6.79e-06	0.00e+00	0.00e+00	0.00e+00	0.00e+00	0.00e+00	0.00e+00	0.00e+00	0.00e+00	0.00e+00	0.00e+00	0.00e+00
 9.65974e+16	3.04e-03	4.94e-01	5.02e-01	8.52e-04	1.24e-04	6.61e-06	0.00e+00	0.00e+00	0.00e+00	0.00e+00	0.00e+00	0.00e+00	0.00e+00	0.00e+00	0.00e+00	0.00e+00	0.00e+00
 9.74201e+16	2.99e-03	4.93e-01	5.03e-01	8.22e-04	1.20e-04	6.41e-06	0.00e+00	0.00e+00	0.00e+00	0.00e+00	0.00e+00	0.00e+00	0.00e+00	0.00e+00	0.00e+00	0.00e+00	0.00e+00
 9.82779e+16	2.94e-03	4.91e-01	5.05e-01	7.95e-04	1.17e-04	6.25e-06	0.00e+00	0.00e+00	0.00e+00	0.00e+00	0.00e+00	0.00e+00	0.00e+00	0.00e+00	0.00e+00	0.00e+00	0.00e+00
 9.91939e+16	2.89e-03	4.90e-01	5.06e-01	7.65e-04	1.14e-04	6.05e-06	0.00e+00	0.00e+00	0.00e+00	0.00e+00	0.00e+00	0.00e+00	0.00e+00	0.00e+00	0.00e+00	0.00e+00	0.00e+00
 1.00122e+17	2.83e-03	4.88e-01	5.08e-01	7.41e-04	1.11e-04	5.91e-06	0.00e+00	0.00e+00	0.00e+00	0.00e+00	0.00e+00	0.00e+00	0.00e+00	0.00e+00	0.00e+00	0.00e+00	0.00e+00
 1.01033e+17	2.78e-03	4.86e-01	5.10e-01	7.16e-04	1.08e-04	5.76e-06	0.00e+00	0.00e+00	0.00e+00	0.00e+00	0.00e+00	0.00e+00	0.00e+00	0.00e+00	0.00e+00	0.00e+00	0.00e+00
 1.01972e+17	2.72e-03	4.84e-01	5.13e-01	6.94e-04	1.06e-04	5.63e-06	0.00e+00	0.00e+00	0.00e+00	0.00e+00	0.00e+00	0.00e+00	0.00e+00	0.00e+00	0.00e+00	0.00e+00	0.00e+00
 1.02976e+17	2.67e-03	4.82e-01	5.14e-01	6.69e-04	1.03e-04	5.47e-06	0.00e+00	0.00e+00	0.00e+00	0.00e+00	0.00e+00	0.00e+00	0.00e+00	0.00e+00	0.00e+00	0.00e+00	0.00e+00
 1.03999e+17	2.61e-03	4.80e-01	5.17e-01	6.49e-04	1.01e-04	5.36e-06	0.00e+00	0.00e+00	0.00e+00	0.00e+00	0.00e+00	0.00e+00	0.00e+00	0.00e+00	0.00e+00	0.00e+00	0.00e+00
 1.05007e+17	2.56e-03	4.78e-01	5.19e-01	6.28e-04	9.82e-05	5.23e-06	0.00e+00	0.00e+00	0.00e+00	0.00e+00	0.00e+00	0.00e+00	0.00e+00	0.00e+00	0.00e+00	0.00e+00	0.00e+00
 1.06065e+17	2.50e-03	4.75e-01	5.21e-01	6.11e-04	9.64e-05	5.14e-06	0.00e+00	0.00e+00	0.00e+00	0.00e+00	0.00e+00	0.00e+00	0.00e+00	0.00e+00	0.00e+00	0.00e+00	0.00e+00
 1.07198e+17	2.44e-03	4.73e-01	5.24e-01	5.91e-04	9.40e-05	5.02e-06	0.00e+00	0.00e+00	0.00e+00	0.00e+00	0.00e+00	0.00e+00	0.00e+00	0.00e+00	0.00e+00	0.00e+00	0.00e+00
 1.08381e+17	2.38e-03	4.70e-01	5.27e-01	5.74e-04	9.23e-05	4.93e-06	0.00e+00	0.00e+00	0.00e+00	0.00e+00	0.00e+00	0.00e+00	0.00e+00	0.00e+00	0.00e+00	0.00e+00	0.00e+00
 1.09600e+17	2.32e-03	4.67e-01	5.30e-01	5.56e-04	9.03e-05	4.82e-06	0.00e+00	0.00e+00	0.00e+00	0.00e+00	0.00e+00	0.00e+00	0.00e+00	0.00e+00	0.00e+00	0.00e+00	0.00e+00
 1.10878e+17	2.24e-03	4.63e-01	5.34e-01	5.42e-04	8.91e-05	4.77e-06	0.00e+00	0.00e+00	0.00e+00	0.00e+00	0.00e+00	0.00e+00	0.00e+00	0.00e+00	0.00e+00	0.00e+00	0.00e+00
 1.12230e+17	2.19e-03	4.61e-01	5.36e-01	5.25e-04	8.69e-05	4.65e-06	0.00e+00	0.00e+00	0.00e+00	0.00e+00	0.00e+00	0.00e+00	0.00e+00	0.00e+00	0.00e+00	0.00e+00	0.00e+00
 1.13611e+17	2.15e-03	4.59e-01	5.39e-01	5.11e-04	8.54e-05	4.58e-06	0.00e+00	0.00e+00	0.00e+00	0.00e+00	0.00e+00	0.00e+00	0.00e+00	0.00e+00	0.00e+00	0.00e+00	0.00e+00
 1.15030e+17	2.10e-03	4.56e-01	5.42e-01	4.97e-04	8.38e-05	4.49e-06	0.00e+00	0.00e+00	0.00e+00	0.00e+00	0.00e+00	0.00e+00	0.00e+00	0.00e+00	0.00e+00	0.00e+00	0.00e+00
 1.16567e+17	2.04e-03	4.53e-01	5.45e-01	4.85e-04	8.25e-05	4.43e-06	0.00e+00	0.00e+00	0.00e+00	0.00e+00	0.00e+00	0.00e+00	0.00e+00	0.00e+00	0.00e+00	0.00e+00	0.00e+00
 1.18339e+17	2.00e-03	4.51e-01	5.47e-01	4.70e-04	8.08e-05	4.34e-06	0.00e+00	0.00e+00	0.00e+00	0.00e+00	0.00e+00	0.00e+00	0.00e+00	0.00e+00	0.00e+00	0.00e+00	0.00e+00
 1.20294e+17	1.93e-03	4.47e-01	5.51e-01	4.57e-04	7.93e-05	4.27e-06	0.00e+00	0.00e+00	0.00e+00	0.00e+00	0.00e+00	0.00e+00	0.00e+00	0.00e+00	0.00e+00	0.00e+00	0.00e+00
 1.22216e+17	1.88e-03	4.44e-01	5.54e-01	4.46e-04	7.81e-05	4.22e-06	0.00e+00	0.00e+00	0.00e+00	0.00e+00	0.00e+00	0.00e+00	0.00e+00	0.00e+00	0.00e+00	0.00e+00	0.00e+00
 1.24210e+17	1.85e-03	4.43e-01	5.55e-01	4.34e-04	7.65e-05	4.14e-06	0.00e+00	0.00e+00	0.00e+00	0.00e+00	0.00e+00	0.00e+00	0.00e+00	0.00e+00	0.00e+00	0.00e+00	0.00e+00
 1.26637e+17	1.79e-03	4.39e-01	5.59e-01	4.23e-04	7.55e-05	4.09e-06	0.00e+00	0.00e+00	0.00e+00	0.00e+00	0.00e+00	0.00e+00	0.00e+00	0.00e+00	0.00e+00	0.00e+00	0.00e+00
 1.29319e+17	1.76e-03	4.38e-01	5.60e-01	4.10e-04	7.36e-05	3.99e-06	0.00e+00	0.00e+00	0.00e+00	0.00e+00	0.00e+00	0.00e+00	0.00e+00	0.00e+00	0.00e+00	0.00e+00	0.00e+00
 1.32059e+17	1.71e-03	4.35e-01	5.63e-01	4.00e-04	7.25e-05	3.94e-06	0.00e+00	0.00e+00	0.00e+00	0.00e+00	0.00e+00	0.00e+00	0.00e+00	0.00e+00	0.00e+00	0.00e+00	0.00e+00
 1.34964e+17	1.69e-03	4.35e-01	5.63e-01	3.88e-04	7.08e-05	3.86e-06	0.00e+00	0.00e+00	0.00e+00	0.00e+00	0.00e+00	0.00e+00	0.00e+00	0.00e+00	0.00e+00	0.00e+00	0.00e+00
 1.38244e+17	1.67e-03	4.35e-01	5.63e-01	3.77e-04	6.91e-05	3.77e-06	0.00e+00	0.00e+00	0.00e+00	0.00e+00	0.00e+00	0.00e+00	0.00e+00	0.00e+00	0.00e+00	0.00e+00	0.00e+00
 1.42195e+17	1.63e-03	4.32e-01	5.66e-01	3.65e-04	6.76e-05	3.70e-06	0.00e+00	0.00e+00	0.00e+00	0.00e+00	0.00e+00	0.00e+00	0.00e+00	0.00e+00	0.00e+00	0.00e+00	0.00e+00
 1.46271e+17	1.60e-03	4.31e-01	5.67e-01	3.53e-04	6.58e-05	3.61e-06	0.00e+00	0.00e+00	0.00e+00	0.00e+00	0.00e+00	0.00e+00	0.00e+00	0.00e+00	0.00e+00	0.00e+00	0.00e+00
 1.50211e+17	1.59e-03	4.33e-01	5.65e-01	3.43e-04	6.41e-05	3.53e-06	0.00e+00	0.00e+00	0.00e+00	0.00e+00	0.00e+00	0.00e+00	0.00e+00	0.00e+00	0.00e+00	0.00e+00	0.00e+00
 1.54585e+17	1.56e-03	4.32e-01	5.66e-01	3.32e-04	6.25e-05	3.45e-06	0.00e+00	0.00e+00	0.00e+00	0.00e+00	0.00e+00	0.00e+00	0.00e+00	0.00e+00	0.00e+00	0.00e+00	0.00e+00
 1.59286e+17	1.53e-03	4.31e-01	5.67e-01	3.21e-04	6.09e-05	3.38e-06	0.00e+00	0.00e+00	0.00e+00	0.00e+00	0.00e+00	0.00e+00	0.00e+00	0.00e+00	0.00e+00	0.00e+00	0.00e+00
 1.63981e+17	1.52e-03	4.32e-01	5.66e-01	3.10e-04	5.91e-05	3.29e-06	0.00e+00	0.00e+00	0.00e+00	0.00e+00	0.00e+00	0.00e+00	0.00e+00	0.00e+00	0.00e+00	0.00e+00	0.00e+00
 1.68799e+17	1.51e-03	4.32e-01	5.66e-01	3.00e-04	5.74e-05	3.20e-06	0.00e+00	0.00e+00	0.00e+00	0.00e+00	0.00e+00	0.00e+00	0.00e+00	0.00e+00	0.00e+00	0.00e+00	0.00e+00
 1.73864e+17	1.48e-03	4.31e-01	5.67e-01	2.91e-04	5.59e-05	3.13e-06	0.00e+00	0.00e+00	0.00e+00	0.00e+00	0.00e+00	0.00e+00	0.00e+00	0.00e+00	0.00e+00	0.00e+00	0.00e+00
 1.79059e+17	1.48e-03	4.33e-01	5.65e-01	2.80e-04	5.40e-05	3.04e-06	0.00e+00	0.00e+00	0.00e+00	0.00e+00	0.00e+00	0.00e+00	0.00e+00	0.00e+00	0.00e+00	0.00e+00	0.00e+00
 1.84128e+17	1.47e-03	4.34e-01	5.64e-01	2.71e-04	5.24e-05	2.96e-06	0.00e+00	0.00e+00	0.00e+00	0.00e+00	0.00e+00	0.00e+00	0.00e+00	0.00e+00	0.00e+00	0.00e+00	0.00e+00
 1.89112e+17	1.44e-03	4.34e-01	5.64e-01	2.63e-04	5.10e-05	2.89e-06	0.00e+00	0.00e+00	0.00e+00	0.00e+00	0.00e+00	0.00e+00	0.00e+00	0.00e+00	0.00e+00	0.00e+00	0.00e+00
 1.94178e+17	1.45e-03	4.37e-01	5.62e-01	2.54e-04	4.93e-05	2.80e-06	0.00e+00	0.00e+00	0.00e+00	0.00e+00	0.00e+00	0.00e+00	0.00e+00	0.00e+00	0.00e+00	0.00e+00	0.00e+00
 1.99161e+17	1.43e-03	4.36e-01	5.62e-01	2.46e-04	4.80e-05	2.74e-06	0.00e+00	0.00e+00	0.00e+00	0.00e+00	0.00e+00	0.00e+00	0.00e+00	0.00e+00	0.00e+00	0.00e+00	0.00e+00
 2.04134e+17	1.42e-03	4.38e-01	5.61e-01	2.39e-04	4.65e-05	2.67e-06	0.00e+00	0.00e+00	0.00e+00	0.00e+00	0.00e+00	0.00e+00	0.00e+00	0.00e+00	0.00e+00	0.00e+00	0.00e+00
 2.09137e+17	1.42e-03	4.39e-01	5.60e-01	2.31e-04	4.51e-05	2.60e-06	0.00e+00	0.00e+00	0.00e+00	0.00e+00	0.00e+00	0.00e+00	0.00e+00	0.00e+00	0.00e+00	0.00e+00	0.00e+00
 2.14171e+17	1.42e-03	4.41e-01	5.58e-01	2.23e-04	4.36e-05	2.53e-06	0.00e+00	0.00e+00	0.00e+00	0.00e+00	0.00e+00	0.00e+00	0.00e+00	0.00e+00	0.00e+00	0.00e+00	0.00e+00
 2.19164e+17	1.42e-03	4.43e-01	5.55e-01	2.16e-04	4.21e-05	2.45e-06	0.00e+00	0.00e+00	0.00e+00	0.00e+00	0.00e+00	0.00e+00	0.00e+00	0.00e+00	0.00e+00	0.00e+00	0.00e+00
 2.23710e+17	1.42e-03	4.44e-01	5.54e-01	2.10e-04	4.10e-05	2.39e-06	0.00e+00	0.00e+00	0.00e+00	0.00e+00	0.00e+00	0.00e+00	0.00e+00	0.00e+00	0.00e+00	0.00e+00	0.00e+00
 2.28126e+17	1.42e-03	4.46e-01	5.52e-01	2.03e-04	3.97e-05	2.33e-06	0.00e+00	0.00e+00	0.00e+00	0.00e+00	0.00e+00	0.00e+00	0.00e+00	0.00e+00	0.00e+00	0.00e+00	0.00e+00
 2.32565e+17	1.43e-03	4.50e-01	5.49e-01	1.97e-04	3.83e-05	2.26e-06	0.00e+00	0.00e+00	0.00e+00	0.00e+00	0.00e+00	0.00e+00	0.00e+00	0.00e+00	0.00e+00	0.00e+00	0.00e+00
 2.36639e+17	1.43e-03	4.51e-01	5.48e-01	1.91e-04	3.73e-05	2.20e-06	0.00e+00	0.00e+00	0.00e+00	0.00e+00	0.00e+00	0.00e+00	0.00e+00	0.00e+00	0.00e+00	0.00e+00	0.00e+00
 2.40592e+17	1.44e-03	4.54e-01	5.44e-01	1.86e-04	3.61e-05	2.14e-06	0.00e+00	0.00e+00	0.00e+00	0.00e+00	0.00e+00	0.00e+00	0.00e+00	0.00e+00	0.00e+00	0.00e+00	0.00e+00
 2.44519e+17	1.44e-03	4.55e-01	5.43e-01	1.81e-04	3.51e-05	2.09e-06	0.00e+00	0.00e+00	0.00e+00	0.00e+00	0.00e+00	0.00e+00	0.00e+00	0.00e+00	0.00e+00	0.00e+00	0.00e+00
 2.48320e+17	1.46e-03	4.59e-01	5.39e-01	1.75e-04	3.39e-05	2.03e-06	0.00e+00	0.00e+00	0.00e+00	0.00e+00	0.00e+00	0.00e+00	0.00e+00	0.00e+00	0.00e+00	0.00e+00	0.00e+00
 2.51963e+17	1.47e-03	4.62e-01	5.36e-01	1.71e-04	3.29e-05	1.97e-06	0.00e+00	0.00e+00	0.00e+00	0.00e+00	0.00e+00	0.00e+00	0.00e+00	0.00e+00	0.00e+00	0.00e+00	0.00e+00
 2.55472e+17	1.47e-03	4.63e-01	5.36e-01	1.66e-04	3.20e-05	1.93e-06	0.00e+00	0.00e+00	0.00e+00	0.00e+00	0.00e+00	0.00e+00	0.00e+00	0.00e+00	0.00e+00	0.00e+00	0.00e+00
 2.58956e+17	1.48e-03	4.65e-01	5.33e-01	1.61e-04	3.10e-05	1.88e-06	0.00e+00	0.00e+00	0.00e+00	0.00e+00	0.00e+00	0.00e+00	0.00e+00	0.00e+00	0.00e+00	0.00e+00	0.00e+00
 2.62271e+17	1.49e-03	4.68e-01	5.30e-01	1.57e-04	3.01e-05	1.83e-06	0.00e+00	0.00e+00	0.00e+00	0.00e+00	0.00e+00	0.00e+00	0.00e+00	0.00e+00	0.00e+00	0.00e+00	0.00e+00
 2.65339e+17	1.49e-03	4.70e-01	5.28e-01	1.54e-04	2.94e-05	1.79e-06	0.00e+00	0.00e+00	0.00e+00	0.00e+00	0.00e+00	0.00e+00	0.00e+00	0.00e+00	0.00e+00	0.00e+00	0.00e+00
 2.68477e+17	1.52e-03	4.74e-01	5.24e-01	1.49e-04	2.83e-05	1.73e-06	0.00e+00	0.00e+00	0.00e+00	0.00e+00	0.00e+00	0.00e+00	0.00e+00	0.00e+00	0.00e+00	0.00e+00	0.00e+00
 2.71510e+17	1.53e-03	4.77e-01	5.21e-01	1.45e-04	2.75e-05	1.69e-06	0.00e+00	0.00e+00	0.00e+00	0.00e+00	0.00e+00	0.00e+00	0.00e+00	0.00e+00	0.00e+00	0.00e+00	0.00e+00
 2.74051e+17	1.54e-03	4.79e-01	5.19e-01	1.42e-04	2.68e-05	1.66e-06	0.00e+00	0.00e+00	0.00e+00	0.00e+00	0.00e+00	0.00e+00	0.00e+00	0.00e+00	0.00e+00	0.00e+00	0.00e+00
 2.76627e+17	1.56e-03	4.82e-01	5.16e-01	1.38e-04	2.60e-05	1.61e-06	0.00e+00	0.00e+00	0.00e+00	0.00e+00	0.00e+00	0.00e+00	0.00e+00	0.00e+00	0.00e+00	0.00e+00	0.00e+00
 2.79322e+17	1.57e-03	4.85e-01	5.13e-01	1.35e-04	2.53e-05	1.57e-06	0.00e+00	0.00e+00	0.00e+00	0.00e+00	0.00e+00	0.00e+00	0.00e+00	0.00e+00	0.00e+00	0.00e+00	0.00e+00
 2.81777e+17	1.59e-03	4.87e-01	5.11e-01	1.31e-04	2.45e-05	1.53e-06	0.00e+00	0.00e+00	0.00e+00	0.00e+00	0.00e+00	0.00e+00	0.00e+00	0.00e+00	0.00e+00	0.00e+00	0.00e+00
 2.83962e+17	1.60e-03	4.90e-01	5.09e-01	1.29e-04	2.40e-05	1.50e-06	0.00e+00	0.00e+00	0.00e+00	0.00e+00	0.00e+00	0.00e+00	0.00e+00	0.00e+00	0.00e+00	0.00e+00	0.00e+00
 2.86242e+17	1.62e-03	4.93e-01	5.06e-01	1.26e-04	2.33e-05	1.46e-06	0.00e+00	0.00e+00	0.00e+00	0.00e+00	0.00e+00	0.00e+00	0.00e+00	0.00e+00	0.00e+00	0.00e+00	0.00e+00
 2.88527e+17	1.64e-03	4.96e-01	5.02e-01	1.22e-04	2.25e-05	1.42e-06	0.00e+00	0.00e+00	0.00e+00	0.00e+00	0.00e+00	0.00e+00	0.00e+00	0.00e+00	0.00e+00	0.00e+00	0.00e+00
 2.90446e+17	1.65e-03	4.98e-01	5.00e-01	1.20e-04	2.21e-05	1.40e-06	0.00e+00	0.00e+00	0.00e+00	0.00e+00	0.00e+00	0.00e+00	0.00e+00	0.00e+00	0.00e+00	0.00e+00	0.00e+00
 2.92394e+17	1.67e-03	5.01e-01	4.97e-01	1.17e-04	2.14e-05	1.36e-06	0.00e+00	0.00e+00	0.00e+00	0.00e+00	0.00e+00	0.00e+00	0.00e+00	0.00e+00	0.00e+00	0.00e+00	0.00e+00
 2.94342e+17	1.69e-03	5.04e-01	4.94e-01	1.14e-04	2.07e-05	1.32e-06	0.00e+00	0.00e+00	0.00e+00	0.00e+00	0.00e+00	0.00e+00	0.00e+00	0.00e+00	0.00e+00	0.00e+00	0.00e+00
 2.95946e+17	1.70e-03	5.06e-01	4.92e-01	1.12e-04	2.04e-05	1.30e-06	0.00e+00	0.00e+00	0.00e+00	0.00e+00	0.00e+00	0.00e+00	0.00e+00	0.00e+00	0.00e+00	0.00e+00	0.00e+00
 2.97609e+17	1.73e-03	5.09e-01	4.89e-01	1.10e-04	1.97e-05	1.27e-06	0.00e+00	0.00e+00	0.00e+00	0.00e+00	0.00e+00	0.00e+00	0.00e+00	0.00e+00	0.00e+00	0.00e+00	0.00e+00
 2.99333e+17	1.75e-03	5.12e-01	4.86e-01	1.07e-04	1.92e-05	1.24e-06	0.00e+00	0.00e+00	0.00e+00	0.00e+00	0.00e+00	0.00e+00	0.00e+00	0.00e+00	0.00e+00	0.00e+00	0.00e+00
 3.00734e+17	1.76e-03	5.14e-01	4.84e-01	1.05e-04	1.88e-05	1.22e-06	0.00e+00	0.00e+00	0.00e+00	0.00e+00	0.00e+00	0.00e+00	0.00e+00	0.00e+00	0.00e+00	0.00e+00	0.00e+00
 3.02135e+17	1.79e-03	5.17e-01	4.81e-01	1.03e-04	1.83e-05	1.19e-06	0.00e+00	0.00e+00	0.00e+00	0.00e+00	0.00e+00	0.00e+00	0.00e+00	0.00e+00	0.00e+00	0.00e+00	0.00e+00
 3.03603e+17	1.82e-03	5.20e-01	4.78e-01	1.00e-04	1.77e-05	1.15e-06	0.00e+00	0.00e+00	0.00e+00	0.00e+00	0.00e+00	0.00e+00	0.00e+00	0.00e+00	0.00e+00	0.00e+00	0.00e+00
 3.04793e+17	1.81e-03	5.20e-01	4.78e-01	9.88e-05	1.75e-05	1.14e-06	0.00e+00	0.00e+00	0.00e+00	0.00e+00	0.00e+00	0.00e+00	0.00e+00	0.00e+00	0.00e+00	0.00e+00	0.00e+00
 3.05954e+17	1.84e-03	5.24e-01	4.74e-01	9.69e-05	1.70e-05	1.12e-06	0.00e+00	0.00e+00	0.00e+00	0.00e+00	0.00e+00	0.00e+00	0.00e+00	0.00e+00	0.00e+00	0.00e+00	0.00e+00
 3.07411e+17	1.84e-03	5.24e-01	4.74e-01	9.61e-05	1.69e-05	1.11e-06	0.00e+00	0.00e+00	0.00e+00	0.00e+00	0.00e+00	0.00e+00	0.00e+00	0.00e+00	0.00e+00	0.00e+00	0.00e+00
 3.09252e+17	1.86e-03	5.27e-01	4.71e-01	9.42e-05	1.64e-05	1.09e-06	0.00e+00	0.00e+00	0.00e+00	0.00e+00	0.00e+00	0.00e+00	0.00e+00	0.00e+00	0.00e+00	0.00e+00	0.00e+00
 3.11211e+17	1.90e-03	5.32e-01	4.66e-01	9.09e-05	1.57e-05	1.05e-06	0.00e+00	0.00e+00	0.00e+00	0.00e+00	0.00e+00	0.00e+00	0.00e+00	0.00e+00	0.00e+00	0.00e+00	0.00e+00
 3.12619e+17	1.92e-03	5.34e-01	4.64e-01	8.85e-05	1.52e-05	1.02e-06	0.00e+00	0.00e+00	0.00e+00	0.00e+00	0.00e+00	0.00e+00	0.00e+00	0.00e+00	0.00e+00	0.00e+00	0.00e+00
 3.13462e+17	1.95e-03	5.37e-01	4.61e-01	8.77e-05	1.50e-05	1.00e-06	0.00e+00	0.00e+00	0.00e+00	0.00e+00	0.00e+00	0.00e+00	0.00e+00	0.00e+00	0.00e+00	0.00e+00	0.00e+00
 3.14272e+17	1.96e-03	5.39e-01	4.59e-01	8.67e-05	1.48e-05	9.94e-07	0.00e+00	0.00e+00	0.00e+00	0.00e+00	0.00e+00	0.00e+00	0.00e+00	0.00e+00	0.00e+00	0.00e+00	0.00e+00
 3.15325e+17	1.99e-03	5.42e-01	4.56e-01	8.46e-05	1.43e-05	0.00e+00	0.00e+00	0.00e+00	0.00e+00	0.00e+00	0.00e+00	0.00e+00	0.00e+00	0.00e+00	0.00e+00	0.00e+00	0.00e+00
 3.16341e+17	1.99e-03	5.43e-01	4.55e-01	8.32e-05	1.41e-05	0.00e+00	0.00e+00	0.00e+00	0.00e+00	0.00e+00	0.00e+00	0.00e+00	0.00e+00	0.00e+00	0.00e+00	0.00e+00	0.00e+00
 3.17168e+17	2.03e-03	5.46e-01	4.52e-01	8.20e-05	1.38e-05	0.00e+00	0.00e+00	0.00e+00	0.00e+00	0.00e+00	0.00e+00	0.00e+00	0.00e+00	0.00e+00	0.00e+00	0.00e+00	0.00e+00
 3.18104e+17	2.06e-03	5.49e-01	4.49e-01	7.99e-05	1.34e-05	0.00e+00	0.00e+00	0.00e+00	0.00e+00	0.00e+00	0.00e+00	0.00e+00	0.00e+00	0.00e+00	0.00e+00	0.00e+00	0.00e+00
 3.18992e+17	2.09e-03	5.52e-01	4.46e-01	7.86e-05	1.31e-05	0.00e+00	0.00e+00	0.00e+00	0.00e+00	0.00e+00	0.00e+00	0.00e+00	0.00e+00	0.00e+00	0.00e+00	0.00e+00	0.00e+00
 3.19565e+17	2.10e-03	5.53e-01	4.45e-01	7.77e-05	1.29e-05	0.00e+00	0.00e+00	0.00e+00	0.00e+00	0.00e+00	0.00e+00	0.00e+00	0.00e+00	0.00e+00	0.00e+00	0.00e+00	0.00e+00
 3.19934e+17	2.13e-03	5.56e-01	4.42e-01	7.71e-05	1.27e-05	0.00e+00	0.00e+00	0.00e+00	0.00e+00	0.00e+00	0.00e+00	0.00e+00	0.00e+00	0.00e+00	0.00e+00	0.00e+00	0.00e+00
 3.20284e+17	2.14e-03	5.57e-01	4.41e-01	7.64e-05	1.26e-05	0.00e+00	0.00e+00	0.00e+00	0.00e+00	0.00e+00	0.00e+00	0.00e+00	0.00e+00	0.00e+00	0.00e+00	0.00e+00	0.00e+00
 3.20640e+17	2.16e-03	5.58e-01	4.39e-01	7.58e-05	1.24e-05	0.00e+00	0.00e+00	0.00e+00	0.00e+00	0.00e+00	0.00e+00	0.00e+00	0.00e+00	0.00e+00	0.00e+00	0.00e+00	0.00e+00
 3.20988e+17	2.16e-03	5.58e-01	4.39e-01	7.52e-05	1.23e-05	0.00e+00	0.00e+00	0.00e+00	0.00e+00	0.00e+00	0.00e+00	0.00e+00	0.00e+00	0.00e+00	0.00e+00	0.00e+00	0.00e+00
 3.21364e+17	2.18e-03	5.61e-01	4.37e-01	7.46e-05	1.22e-05	0.00e+00	0.00e+00	0.00e+00	0.00e+00	0.00e+00	0.00e+00	0.00e+00	0.00e+00	0.00e+00	0.00e+00	0.00e+00	0.00e+00
 3.21719e+17	2.20e-03	5.62e-01	4.35e-01	7.38e-05	1.20e-05	0.00e+00	0.00e+00	0.00e+00	0.00e+00	0.00e+00	0.00e+00	0.00e+00	0.00e+00	0.00e+00	0.00e+00	0.00e+00	0.00e+00
 3.22008e+17	2.21e-03	5.63e-01	4.35e-01	7.32e-05	1.19e-05	0.00e+00	0.00e+00	0.00e+00	0.00e+00	0.00e+00	0.00e+00	0.00e+00	0.00e+00	0.00e+00	0.00e+00	0.00e+00	0.00e+00
 3.22234e+17	2.23e-03	5.65e-01	4.33e-01	7.27e-05	1.18e-05	0.00e+00	0.00e+00	0.00e+00	0.00e+00	0.00e+00	0.00e+00	0.00e+00	0.00e+00	0.00e+00	0.00e+00	0.00e+00	0.00e+00
 3.22473e+17	2.25e-03	5.66e-01	4.32e-01	7.23e-05	1.17e-05	0.00e+00	0.00e+00	0.00e+00	0.00e+00	0.00e+00	0.00e+00	0.00e+00	0.00e+00	0.00e+00	0.00e+00	0.00e+00	0.00e+00
 3.22784e+17	2.24e-03	5.66e-01	4.32e-01	7.18e-05	1.16e-05	0.00e+00	0.00e+00	0.00e+00	0.00e+00	0.00e+00	0.00e+00	0.00e+00	0.00e+00	0.00e+00	0.00e+00	0.00e+00	0.00e+00
 3.23110e+17	2.27e-03	5.68e-01	4.29e-01	7.12e-05	1.14e-05	0.00e+00	0.00e+00	0.00e+00	0.00e+00	0.00e+00	0.00e+00	0.00e+00	0.00e+00	0.00e+00	0.00e+00	0.00e+00	0.00e+00
 3.23384e+17	2.29e-03	5.70e-01	4.28e-01	7.06e-05	1.13e-05	0.00e+00	0.00e+00	0.00e+00	0.00e+00	0.00e+00	0.00e+00	0.00e+00	0.00e+00	0.00e+00	0.00e+00	0.00e+00	0.00e+00
 3.23614e+17	2.29e-03	5.70e-01	4.27e-01	7.01e-05	1.12e-05	0.00e+00	0.00e+00	0.00e+00	0.00e+00	0.00e+00	0.00e+00	0.00e+00	0.00e+00	0.00e+00	0.00e+00	0.00e+00	0.00e+00
 3.23838e+17	2.32e-03	5.72e-01	4.26e-01	6.96e-05	1.11e-05	0.00e+00	0.00e+00	0.00e+00	0.00e+00	0.00e+00	0.00e+00	0.00e+00	0.00e+00	0.00e+00	0.00e+00	0.00e+00	0.00e+00
 3.24110e+17	2.33e-03	5.73e-01	4.25e-01	6.92e-05	1.10e-05	0.00e+00	0.00e+00	0.00e+00	0.00e+00	0.00e+00	0.00e+00	0.00e+00	0.00e+00	0.00e+00	0.00e+00	0.00e+00	0.00e+00
 3.24464e+17	2.35e-03	5.75e-01	4.23e-01	6.85e-05	1.09e-05	0.00e+00	0.00e+00	0.00e+00	0.00e+00	0.00e+00	0.00e+00	0.00e+00	0.00e+00	0.00e+00	0.00e+00	0.00e+00	0.00e+00
 3.24800e+17	2.37e-03	5.76e-01	4.21e-01	6.77e-05	1.07e-05	0.00e+00	0.00e+00	0.00e+00	0.00e+00	0.00e+00	0.00e+00	0.00e+00	0.00e+00	0.00e+00	0.00e+00	0.00e+00	0.00e+00
 3.25019e+17	2.38e-03	5.77e-01	4.21e-01	6.72e-05	1.06e-05	0.00e+00	0.00e+00	0.00e+00	0.00e+00	0.00e+00	0.00e+00	0.00e+00	0.00e+00	0.00e+00	0.00e+00	0.00e+00	0.00e+00
 3.25181e+17	2.40e-03	5.79e-01	4.19e-01	6.69e-05	1.05e-05	0.00e+00	0.00e+00	0.00e+00	0.00e+00	0.00e+00	0.00e+00	0.00e+00	0.00e+00	0.00e+00	0.00e+00	0.00e+00	0.00e+00
 3.25365e+17	2.42e-03	5.80e-01	4.18e-01	6.65e-05	1.04e-05	0.00e+00	0.00e+00	0.00e+00	0.00e+00	0.00e+00	0.00e+00	0.00e+00	0.00e+00	0.00e+00	0.00e+00	0.00e+00	0.00e+00
 3.25605e+17	2.43e-03	5.81e-01	4.17e-01	6.62e-05	1.04e-05	0.00e+00	0.00e+00	0.00e+00	0.00e+00	0.00e+00	0.00e+00	0.00e+00	0.00e+00	0.00e+00	0.00e+00	0.00e+00	0.00e+00
 3.25916e+17	2.46e-03	5.83e-01	4.15e-01	6.55e-05	1.02e-05	0.00e+00	0.00e+00	0.00e+00	0.00e+00	0.00e+00	0.00e+00	0.00e+00	0.00e+00	0.00e+00	0.00e+00	0.00e+00	0.00e+00
 3.26200e+17	2.48e-03	5.84e-01	4.13e-01	6.48e-05	1.01e-05	0.00e+00	0.00e+00	0.00e+00	0.00e+00	0.00e+00	0.00e+00	0.00e+00	0.00e+00	0.00e+00	0.00e+00	0.00e+00	0.00e+00
 3.26380e+17	2.49e-03	5.85e-01	4.12e-01	6.44e-05	9.98e-06	0.00e+00	0.00e+00	0.00e+00	0.00e+00	0.00e+00	0.00e+00	0.00e+00	0.00e+00	0.00e+00	0.00e+00	0.00e+00	0.00e+00
 3.26546e+17	2.50e-03	5.86e-01	4.12e-01	6.41e-05	9.91e-06	0.00e+00	0.00e+00	0.00e+00	0.00e+00	0.00e+00	0.00e+00	0.00e+00	0.00e+00	0.00e+00	0.00e+00	0.00e+00	0.00e+00
 3.26761e+17	2.53e-03	5.88e-01	4.09e-01	6.37e-05	9.80e-06	0.00e+00	0.00e+00	0.00e+00	0.00e+00	0.00e+00	0.00e+00	0.00e+00	0.00e+00	0.00e+00	0.00e+00	0.00e+00	0.00e+00
 3.27042e+17	2.54e-03	5.89e-01	4.09e-01	6.33e-05	9.72e-06	0.00e+00	0.00e+00	0.00e+00	0.00e+00	0.00e+00	0.00e+00	0.00e+00	0.00e+00	0.00e+00	0.00e+00	0.00e+00	0.00e+00
 3.27361e+17	2.55e-03	5.90e-01	4.08e-01	6.26e-05	9.61e-06	0.00e+00	0.00e+00	0.00e+00	0.00e+00	0.00e+00	0.00e+00	0.00e+00	0.00e+00	0.00e+00	0.00e+00	0.00e+00	0.00e+00
 3.27630e+17	2.59e-03	5.93e-01	4.05e-01	6.21e-05	9.46e-06	0.00e+00	0.00e+00	0.00e+00	0.00e+00	0.00e+00	0.00e+00	0.00e+00	0.00e+00	0.00e+00	0.00e+00	0.00e+00	0.00e+00
 3.27833e+17	2.60e-03	5.93e-01	4.04e-01	6.16e-05	9.37e-06	0.00e+00	0.00e+00	0.00e+00	0.00e+00	0.00e+00	0.00e+00	0.00e+00	0.00e+00	0.00e+00	0.00e+00	0.00e+00	0.00e+00
 3.28044e+17	2.64e-03	5.96e-01	4.01e-01	6.12e-05	9.26e-06	0.00e+00	0.00e+00	0.00e+00	0.00e+00	0.00e+00	0.00e+00	0.00e+00	0.00e+00	0.00e+00	0.00e+00	0.00e+00	0.00e+00
 3.28307e+17	2.65e-03	5.97e-01	4.00e-01	6.08e-05	9.18e-06	0.00e+00	0.00e+00	0.00e+00	0.00e+00	0.00e+00	0.00e+00	0.00e+00	0.00e+00	0.00e+00	0.00e+00	0.00e+00	0.00e+00
 3.28628e+17	2.66e-03	5.98e-01	3.99e-01	6.02e-05	9.07e-06	0.00e+00	0.00e+00	0.00e+00	0.00e+00	0.00e+00	0.00e+00	0.00e+00	0.00e+00	0.00e+00	0.00e+00	0.00e+00	0.00e+00
 3.28926e+17	2.71e-03	6.01e-01	3.96e-01	5.96e-05	8.91e-06	0.00e+00	0.00e+00	0.00e+00	0.00e+00	0.00e+00	0.00e+00	0.00e+00	0.00e+00	0.00e+00	0.00e+00	0.00e+00	0.00e+00
 3.29152e+17	2.74e-03	6.03e-01	3.95e-01	5.91e-05	8.81e-06	0.00e+00	0.00e+00	0.00e+00	0.00e+00	0.00e+00	0.00e+00	0.00e+00	0.00e+00	0.00e+00	0.00e+00	0.00e+00	0.00e+00
 3.29366e+17	2.76e-03	6.04e-01	3.93e-01	5.87e-05	8.72e-06	0.00e+00	0.00e+00	0.00e+00	0.00e+00	0.00e+00	0.00e+00	0.00e+00	0.00e+00	0.00e+00	0.00e+00	0.00e+00	0.00e+00
 3.29628e+17	2.78e-03	6.06e-01	3.91e-01	5.83e-05	8.64e-06	0.00e+00	0.00e+00	0.00e+00	0.00e+00	0.00e+00	0.00e+00	0.00e+00	0.00e+00	0.00e+00	0.00e+00	0.00e+00	0.00e+00
 3.29961e+17	2.79e-03	6.07e-01	3.91e-01	5.78e-05	8.54e-06	0.00e+00	0.00e+00	0.00e+00	0.00e+00	0.00e+00	0.00e+00	0.00e+00	0.00e+00	0.00e+00	0.00e+00	0.00e+00	0.00e+00
 3.30294e+17	2.82e-03	6.09e-01	3.88e-01	5.72e-05	8.41e-06	0.00e+00	0.00e+00	0.00e+00	0.00e+00	0.00e+00	0.00e+00	0.00e+00	0.00e+00	0.00e+00	0.00e+00	0.00e+00	0.00e+00
 3.30550e+17	2.88e-03	6.12e-01	3.85e-01	5.67e-05	8.28e-06	0.00e+00	0.00e+00	0.00e+00	0.00e+00	0.00e+00	0.00e+00	0.00e+00	0.00e+00	0.00e+00	0.00e+00	0.00e+00	0.00e+00
 3.30791e+17	2.90e-03	6.14e-01	3.83e-01	5.63e-05	8.19e-06	0.00e+00	0.00e+00	0.00e+00	0.00e+00	0.00e+00	0.00e+00	0.00e+00	0.00e+00	0.00e+00	0.00e+00	0.00e+00	0.00e+00
 3.31096e+17	2.92e-03	6.15e-01	3.82e-01	5.59e-05	8.11e-06	0.00e+00	0.00e+00	0.00e+00	0.00e+00	0.00e+00	0.00e+00	0.00e+00	0.00e+00	0.00e+00	0.00e+00	0.00e+00	0.00e+00
 3.31470e+17	2.96e-03	6.18e-01	3.79e-01	5.53e-05	7.98e-06	0.00e+00	0.00e+00	0.00e+00	0.00e+00	0.00e+00	0.00e+00	0.00e+00	0.00e+00	0.00e+00	0.00e+00	0.00e+00	0.00e+00
 3.31832e+17	3.00e-03	6.20e-01	3.77e-01	5.47e-05	7.86e-06	0.00e+00	0.00e+00	0.00e+00	0.00e+00	0.00e+00	0.00e+00	0.00e+00	0.00e+00	0.00e+00	0.00e+00	0.00e+00	0.00e+00
 3.32118e+17	3.01e-03	6.21e-01	3.76e-01	5.43e-05	7.78e-06	0.00e+00	0.00e+00	0.00e+00	0.00e+00	0.00e+00	0.00e+00	0.00e+00	0.00e+00	0.00e+00	0.00e+00	0.00e+00	0.00e+00
 3.32398e+17	3.06e-03	6.24e-01	3.73e-01	5.39e-05	7.68e-06	0.00e+00	0.00e+00	0.00e+00	0.00e+00	0.00e+00	0.00e+00	0.00e+00	0.00e+00	0.00e+00	0.00e+00	0.00e+00	0.00e+00
 3.32750e+17	3.10e-03	6.26e-01	3.71e-01	5.35e-05	7.58e-06	0.00e+00	0.00e+00	0.00e+00	0.00e+00	0.00e+00	0.00e+00	0.00e+00	0.00e+00	0.00e+00	0.00e+00	0.00e+00	0.00e+00
 3.33163e+17	3.13e-03	6.28e-01	3.68e-01	5.29e-05	7.46e-06	0.00e+00	0.00e+00	0.00e+00	0.00e+00	0.00e+00	0.00e+00	0.00e+00	0.00e+00	0.00e+00	0.00e+00	0.00e+00	0.00e+00
 3.33544e+17	3.17e-03	6.31e-01	3.66e-01	5.24e-05	7.34e-06	0.00e+00	0.00e+00	0.00e+00	0.00e+00	0.00e+00	0.00e+00	0.00e+00	0.00e+00	0.00e+00	0.00e+00	0.00e+00	0.00e+00
 3.33865e+17	3.20e-03	6.33e-01	3.64e-01	5.20e-05	7.26e-06	0.00e+00	0.00e+00	0.00e+00	0.00e+00	0.00e+00	0.00e+00	0.00e+00	0.00e+00	0.00e+00	0.00e+00	0.00e+00	0.00e+00
 3.34218e+17	3.24e-03	6.35e-01	3.61e-01	5.16e-05	7.17e-06	0.00e+00	0.00e+00	0.00e+00	0.00e+00	0.00e+00	0.00e+00	0.00e+00	0.00e+00	0.00e+00	0.00e+00	0.00e+00	0.00e+00
 3.34677e+17	3.27e-03	6.38e-01	3.59e-01	5.12e-05	7.08e-06	0.00e+00	0.00e+00	0.00e+00	0.00e+00	0.00e+00	0.00e+00	0.00e+00	0.00e+00	0.00e+00	0.00e+00	0.00e+00	0.00e+00
 3.35196e+17	3.31e-03	6.40e-01	3.57e-01	5.05e-05	6.94e-06	0.00e+00	0.00e+00	0.00e+00	0.00e+00	0.00e+00	0.00e+00	0.00e+00	0.00e+00	0.00e+00	0.00e+00	0.00e+00	0.00e+00
 3.35631e+17	3.38e-03	6.44e-01	3.52e-01	5.00e-05	6.81e-06	0.00e+00	0.00e+00	0.00e+00	0.00e+00	0.00e+00	0.00e+00	0.00e+00	0.00e+00	0.00e+00	0.00e+00	0.00e+00	0.00e+00
 3.35977e+17	3.39e-03	6.45e-01	3.52e-01	4.97e-05	6.77e-06	0.00e+00	0.00e+00	0.00e+00	0.00e+00	0.00e+00	0.00e+00	0.00e+00	0.00e+00	0.00e+00	0.00e+00	0.00e+00	0.00e+00
 3.36370e+17	3.43e-03	6.48e-01	3.49e-01	4.94e-05	6.68e-06	0.00e+00	0.00e+00	0.00e+00	0.00e+00	0.00e+00	0.00e+00	0.00e+00	0.00e+00	0.00e+00	0.00e+00	0.00e+00	0.00e+00
 3.36880e+17	3.48e-03	6.51e-01	3.46e-01	4.89e-05	6.57e-06	0.00e+00	0.00e+00	0.00e+00	0.00e+00	0.00e+00	0.00e+00	0.00e+00	0.00e+00	0.00e+00	0.00e+00	0.00e+00	0.00e+00
 3.37431e+17	3.54e-03	6.54e-01	3.42e-01	4.83e-05	6.44e-06	0.00e+00	0.00e+00	0.00e+00	0.00e+00	0.00e+00	0.00e+00	0.00e+00	0.00e+00	0.00e+00	0.00e+00	0.00e+00	0.00e+00
 3.37904e+17	3.60e-03	6.58e-01	3.39e-01	4.79e-05	6.34e-06	0.00e+00	0.00e+00	0.00e+00	0.00e+00	0.00e+00	0.00e+00	0.00e+00	0.00e+00	0.00e+00	0.00e+00	0.00e+00	0.00e+00
 3.38359e+17	3.62e-03	6.59e-01	3.37e-01	4.76e-05	6.28e-06	0.00e+00	0.00e+00	0.00e+00	0.00e+00	0.00e+00	0.00e+00	0.00e+00	0.00e+00	0.00e+00	0.00e+00	0.00e+00	0.00e+00
 3.38921e+17	3.68e-03	6.62e-01	3.34e-01	4.72e-05	6.18e-06	0.00e+00	0.00e+00	0.00e+00	0.00e+00	0.00e+00	0.00e+00	0.00e+00	0.00e+00	0.00e+00	0.00e+00	0.00e+00	0.00e+00
 3.39583e+17	3.74e-03	6.67e-01	3.30e-01	4.67e-05	6.06e-06	0.00e+00	0.00e+00	0.00e+00	0.00e+00	0.00e+00	0.00e+00	0.00e+00	0.00e+00	0.00e+00	0.00e+00	0.00e+00	0.00e+00
 3.40215e+17	3.80e-03	6.70e-01	3.26e-01	4.63e-05	5.96e-06	0.00e+00	0.00e+00	0.00e+00	0.00e+00	0.00e+00	0.00e+00	0.00e+00	0.00e+00	0.00e+00	0.00e+00	0.00e+00	0.00e+00
 3.40778e+17	3.89e-03	6.75e-01	3.21e-01	4.58e-05	5.83e-06	0.00e+00	0.00e+00	0.00e+00	0.00e+00	0.00e+00	0.00e+00	0.00e+00	0.00e+00	0.00e+00	0.00e+00	0.00e+00	0.00e+00
 3.41303e+17	3.94e-03	6.78e-01	3.18e-01	4.55e-05	5.75e-06	0.00e+00	0.00e+00	0.00e+00	0.00e+00	0.00e+00	0.00e+00	0.00e+00	0.00e+00	0.00e+00	0.00e+00	0.00e+00	0.00e+00
 3.41841e+17	3.97e-03	6.80e-01	3.16e-01	4.52e-05	5.70e-06	0.00e+00	0.00e+00	0.00e+00	0.00e+00	0.00e+00	0.00e+00	0.00e+00	0.00e+00	0.00e+00	0.00e+00	0.00e+00	0.00e+00
 3.42503e+17	4.04e-03	6.84e-01	3.12e-01	4.49e-05	5.61e-06	0.00e+00	0.00e+00	0.00e+00	0.00e+00	0.00e+00	0.00e+00	0.00e+00	0.00e+00	0.00e+00	0.00e+00	0.00e+00	0.00e+00
 3.43300e+17	4.12e-03	6.89e-01	3.07e-01	4.45e-05	5.50e-06	0.00e+00	0.00e+00	0.00e+00	0.00e+00	0.00e+00	0.00e+00	0.00e+00	0.00e+00	0.00e+00	0.00e+00	0.00e+00	0.00e+00
 3.44115e+17	4.20e-03	6.93e-01	3.02e-01	4.42e-05	5.41e-06	0.00e+00	0.00e+00	0.00e+00	0.00e+00	0.00e+00	0.00e+00	0.00e+00	0.00e+00	0.00e+00	0.00e+00	0.00e+00	0.00e+00
 3.44885e+17	4.24e-03	6.96e-01	2.99e-01	4.41e-05	5.37e-06	0.00e+00	0.00e+00	0.00e+00	0.00e+00	0.00e+00	0.00e+00	0.00e+00	0.00e+00	0.00e+00	0.00e+00	0.00e+00	0.00e+00
 3.45755e+17	4.28e-03	6.99e-01	2.96e-01	4.38e-05	5.31e-06	0.00e+00	0.00e+00	0.00e+00	0.00e+00	0.00e+00	0.00e+00	0.00e+00	0.00e+00	0.00e+00	0.00e+00	0.00e+00	0.00e+00
 3.46831e+17	4.39e-03	7.06e-01	2.90e-01	4.35e-05	5.19e-06	0.00e+00	0.00e+00	0.00e+00	0.00e+00	0.00e+00	0.00e+00	0.00e+00	0.00e+00	0.00e+00	0.00e+00	0.00e+00	0.00e+00
 3.47936e+17	4.48e-03	7.11e-01	2.85e-01	4.34e-05	5.12e-06	0.00e+00	0.00e+00	0.00e+00	0.00e+00	0.00e+00	0.00e+00	0.00e+00	0.00e+00	0.00e+00	0.00e+00	0.00e+00	0.00e+00
 3.48974e+17	4.54e-03	7.15e-01	2.81e-01	4.33e-05	5.07e-06	0.00e+00	0.00e+00	0.00e+00	0.00e+00	0.00e+00	0.00e+00	0.00e+00	0.00e+00	0.00e+00	0.00e+00	0.00e+00	0.00e+00
 3.50113e+17	4.62e-03	7.20e-01	2.75e-01	4.32e-05	5.01e-06	0.00e+00	0.00e+00	0.00e+00	0.00e+00	0.00e+00	0.00e+00	0.00e+00	0.00e+00	0.00e+00	0.00e+00	0.00e+00	0.00e+00
 3.51549e+17	4.71e-03	7.26e-01	2.70e-01	4.30e-05	4.92e-06	0.00e+00	0.00e+00	0.00e+00	0.00e+00	0.00e+00	0.00e+00	0.00e+00	0.00e+00	0.00e+00	0.00e+00	0.00e+00	0.00e+00
 3.53116e+17	4.81e-03	7.32e-01	2.63e-01	4.29e-05	4.84e-06	0.00e+00	0.00e+00	0.00e+00	0.00e+00	0.00e+00	0.00e+00	0.00e+00	0.00e+00	0.00e+00	0.00e+00	0.00e+00	0.00e+00
 3.54495e+17	4.90e-03	7.37e-01	2.58e-01	4.30e-05	4.80e-06	0.00e+00	0.00e+00	0.00e+00	0.00e+00	0.00e+00	0.00e+00	0.00e+00	0.00e+00	0.00e+00	0.00e+00	0.00e+00	0.00e+00
 3.55927e+17	4.94e-03	7.41e-01	2.54e-01	4.30e-05	4.76e-06	0.00e+00	0.00e+00	0.00e+00	0.00e+00	0.00e+00	0.00e+00	0.00e+00	0.00e+00	0.00e+00	0.00e+00	0.00e+00	0.00e+00
 3.57787e+17	5.06e-03	7.49e-01	2.46e-01	4.28e-05	4.66e-06	0.00e+00	0.00e+00	0.00e+00	0.00e+00	0.00e+00	0.00e+00	0.00e+00	0.00e+00	0.00e+00	0.00e+00	0.00e+00	0.00e+00
 3.59862e+17	5.20e-03	7.58e-01	2.36e-01	4.27e-05	4.54e-06	0.00e+00	0.00e+00	0.00e+00	0.00e+00	0.00e+00	0.00e+00	0.00e+00	0.00e+00	0.00e+00	0.00e+00	0.00e+00	0.00e+00
 3.61781e+17	5.30e-03	7.65e-01	2.29e-01	4.27e-05	4.47e-06	0.00e+00	0.00e+00	0.00e+00	0.00e+00	0.00e+00	0.00e+00	0.00e+00	0.00e+00	0.00e+00	0.00e+00	0.00e+00	0.00e+00
 3.63744e+17	5.37e-03	7.71e-01	2.24e-01	4.26e-05	4.41e-06	0.00e+00	0.00e+00	0.00e+00	0.00e+00	0.00e+00	0.00e+00	0.00e+00	0.00e+00	0.00e+00	0.00e+00	0.00e+00	0.00e+00
 3.66199e+17	5.49e-03	7.80e-01	2.15e-01	4.23e-05	4.28e-06	0.00e+00	0.00e+00	0.00e+00	0.00e+00	0.00e+00	0.00e+00	0.00e+00	0.00e+00	0.00e+00	0.00e+00	0.00e+00	0.00e+00
 3.68993e+17	5.65e-03	7.91e-01	2.04e-01	4.19e-05	4.13e-06	0.00e+00	0.00e+00	0.00e+00	0.00e+00	0.00e+00	0.00e+00	0.00e+00	0.00e+00	0.00e+00	0.00e+00	0.00e+00	0.00e+00
 3.71620e+17	5.78e-03	8.00e-01	1.94e-01	4.17e-05	4.00e-06	0.00e+00	0.00e+00	0.00e+00	0.00e+00	0.00e+00	0.00e+00	0.00e+00	0.00e+00	0.00e+00	0.00e+00	0.00e+00	0.00e+00
 3.74226e+17	5.90e-03	8.09e-01	1.85e-01	4.13e-05	3.88e-06	0.00e+00	0.00e+00	0.00e+00	0.00e+00	0.00e+00	0.00e+00	0.00e+00	0.00e+00	0.00e+00	0.00e+00	0.00e+00	0.00e+00
 3.77413e+17	6.04e-03	8.19e-01	1.75e-01	4.06e-05	3.70e-06	0.00e+00	0.00e+00	0.00e+00	0.00e+00	0.00e+00	0.00e+00	0.00e+00	0.00e+00	0.00e+00	0.00e+00	0.00e+00	0.00e+00
 3.81046e+17	6.23e-03	8.33e-01	1.61e-01	3.97e-05	3.47e-06	0.00e+00	0.00e+00	0.00e+00	0.00e+00	0.00e+00	0.00e+00	0.00e+00	0.00e+00	0.00e+00	0.00e+00	0.00e+00	0.00e+00
 3.84445e+17	6.38e-03	8.44e-01	1.50e-01	3.88e-05	3.29e-06	0.00e+00	0.00e+00	0.00e+00	0.00e+00	0.00e+00	0.00e+00	0.00e+00	0.00e+00	0.00e+00	0.00e+00	0.00e+00	0.00e+00
 3.87656e+17	6.52e-03	8.53e-01	1.40e-01	3.79e-05	3.11e-06	0.00e+00	0.00e+00	0.00e+00	0.00e+00	0.00e+00	0.00e+00	0.00e+00	0.00e+00	0.00e+00	0.00e+00	0.00e+00	0.00e+00
 3.91145e+17	6.69e-03	8.65e-01	1.28e-01	3.65e-05	2.88e-06	0.00e+00	0.00e+00	0.00e+00	0.00e+00	0.00e+00	0.00e+00	0.00e+00	0.00e+00	0.00e+00	0.00e+00	0.00e+00	0.00e+00
 3.94672e+17	6.91e-03	8.79e-01	1.14e-01	3.49e-05	2.62e-06	0.00e+00	0.00e+00	0.00e+00	0.00e+00	0.00e+00	0.00e+00	0.00e+00	0.00e+00	0.00e+00	0.00e+00	0.00e+00	0.00e+00
 3.97618e+17	7.12e-03	8.90e-01	1.03e-01	3.34e-05	2.41e-06	0.00e+00	0.00e+00	0.00e+00	0.00e+00	0.00e+00	0.00e+00	0.00e+00	0.00e+00	0.00e+00	0.00e+00	0.00e+00	0.00e+00
 3.99936e+17	7.23e-03	8.97e-01	9.55e-02	3.21e-05	2.25e-06	0.00e+00	0.00e+00	0.00e+00	0.00e+00	0.00e+00	0.00e+00	0.00e+00	0.00e+00	0.00e+00	0.00e+00	0.00e+00	0.00e+00
 4.02217e+17	7.44e-03	9.08e-01	8.49e-02	3.02e-05	2.02e-06	0.00e+00	0.00e+00	0.00e+00	0.00e+00	0.00e+00	0.00e+00	0.00e+00	0.00e+00	0.00e+00	0.00e+00	0.00e+00	0.00e+00
 4.04399e+17	1.38e-02	9.82e-01	4.46e-03	5.47e-06	2.33e-07	0.00e+00	0.00e+00	0.00e+00	0.00e+00	0.00e+00	0.00e+00	0.00e+00	0.00e+00	0.00e+00	0.00e+00	0.00e+00	0.00e+00
