#depth	N  1	N  2	N  3	N  4	N  5	N  6	N  7	N  8
 3.05689e+13	5.94e-04	1.76e-01	7.34e-01	8.75e-02	1.82e-03	1.08e-05	0.00e+00	0.00e+00
 1.83413e+14	5.95e-04	1.76e-01	7.34e-01	8.75e-02	1.81e-03	1.08e-05	0.00e+00	0.00e+00
 7.94792e+14	5.97e-04	1.76e-01	7.35e-01	8.73e-02	1.80e-03	1.07e-05	0.00e+00	0.00e+00
 3.24030e+15	6.10e-04	1.76e-01	7.36e-01	8.54e-02	1.72e-03	1.02e-05	0.00e+00	0.00e+00
 7.74005e+15	6.29e-04	1.74e-01	7.40e-01	8.37e-02	1.62e-03	9.49e-06	0.00e+00	0.00e+00
 1.35897e+16	6.53e-04	1.74e-01	7.44e-01	8.03e-02	1.48e-03	8.60e-06	0.00e+00	0.00e+00
 2.11943e+16	6.88e-04	1.75e-01	7.48e-01	7.51e-02	1.30e-03	7.49e-06	0.00e+00	0.00e+00
 3.10802e+16	7.46e-04	1.80e-01	7.51e-01	6.77e-02	1.08e-03	6.15e-06	0.00e+00	0.00e+00
 4.39319e+16	8.52e-04	1.91e-01	7.50e-01	5.78e-02	8.31e-04	4.63e-06	0.00e+00	0.00e+00
 6.02369e+16	1.05e-03	2.11e-01	7.41e-01	4.63e-02	5.81e-04	3.12e-06	0.00e+00	0.00e+00
 7.46006e+16	1.24e-03	2.31e-01	7.29e-01	3.83e-02	4.31e-04	2.24e-06	0.00e+00	0.00e+00
 8.37911e+16	1.42e-03	2.49e-01	7.16e-01	3.34e-02	3.50e-04	1.77e-06	0.00e+00	0.00e+00
 9.12187e+16	1.60e-03	2.66e-01	7.03e-01	2.99e-02	2.96e-04	1.46e-06	0.00e+00	0.00e+00
 9.94062e+16	1.86e-03	2.89e-01	6.83e-01	2.60e-02	2.40e-04	1.13e-06	0.00e+00	0.00e+00
 1.07949e+17	2.13e-03	3.11e-01	6.63e-01	2.27e-02	1.98e-04	8.99e-07	0.00e+00	0.00e+00
 1.15511e+17	2.42e-03	3.34e-01	6.44e-01	2.01e-02	1.66e-04	0.00e+00	0.00e+00	0.00e+00
 1.23898e+17	2.82e-03	3.62e-01	6.18e-01	1.73e-02	1.35e-04	0.00e+00	0.00e+00	0.00e+00
 1.32806e+17	3.27e-03	3.92e-01	5.90e-01	1.48e-02	1.10e-04	0.00e+00	0.00e+00	0.00e+00
 1.40711e+17	3.77e-03	4.21e-01	5.62e-01	1.27e-02	9.00e-05	0.00e+00	0.00e+00	0.00e+00
 1.47714e+17	4.27e-03	4.49e-01	5.36e-01	1.10e-02	7.54e-05	0.00e+00	0.00e+00	0.00e+00
 1.55223e+17	4.93e-03	4.82e-01	5.04e-01	9.31e-03	6.13e-05	0.00e+00	0.00e+00	0.00e+00
 1.63404e+17	5.76e-03	5.18e-01	4.68e-01	7.66e-03	4.88e-05	0.00e+00	0.00e+00	0.00e+00
 1.70866e+17	6.69e-03	5.54e-01	4.33e-01	6.28e-03	3.89e-05	0.00e+00	0.00e+00	0.00e+00
 1.77734e+17	7.71e-03	5.89e-01	3.98e-01	5.14e-03	3.12e-05	0.00e+00	0.00e+00	0.00e+00
 1.85421e+17	9.12e-03	6.30e-01	3.57e-01	3.99e-03	2.38e-05	0.00e+00	0.00e+00	0.00e+00
 1.93475e+17	1.09e-02	6.73e-01	3.13e-01	2.98e-03	1.75e-05	0.00e+00	0.00e+00	0.00e+00
 2.00104e+17	1.28e-02	7.10e-01	2.75e-01	2.26e-03	1.32e-05	0.00e+00	0.00e+00	0.00e+00
 2.05704e+17	1.48e-02	7.41e-01	2.43e-01	1.74e-03	1.01e-05	0.00e+00	0.00e+00	0.00e+00
 2.11871e+17	1.74e-02	7.74e-01	2.07e-01	1.27e-03	7.37e-06	0.00e+00	0.00e+00	0.00e+00
 2.18370e+17	2.08e-02	8.08e-01	1.71e-01	8.67e-04	5.08e-06	0.00e+00	0.00e+00	0.00e+00
 2.23577e+17	2.44e-02	8.33e-01	1.42e-01	6.13e-04	3.62e-06	0.00e+00	0.00e+00	0.00e+00
 2.27544e+17	2.77e-02	8.50e-01	1.22e-01	4.58e-04	2.72e-06	0.00e+00	0.00e+00	0.00e+00
 2.31050e+17	3.11e-02	8.64e-01	1.05e-01	3.47e-04	2.08e-06	0.00e+00	0.00e+00	0.00e+00
 2.35035e+17	3.57e-02	8.77e-01	8.66e-02	2.47e-04	1.50e-06	0.00e+00	0.00e+00	0.00e+00
 2.39132e+17	4.16e-02	8.89e-01	6.96e-02	1.69e-04	1.03e-06	0.00e+00	0.00e+00	0.00e+00
 2.42305e+17	4.72e-02	8.95e-01	5.76e-02	1.22e-04	7.53e-07	0.00e+00	0.00e+00	0.00e+00
 2.44780e+17	5.24e-02	8.98e-01	4.91e-02	9.34e-05	0.00e+00	0.00e+00	0.00e+00	0.00e+00
 2.47413e+17	5.89e-02	9.00e-01	4.09e-02	6.92e-05	0.00e+00	0.00e+00	0.00e+00	0.00e+00
 2.50256e+17	6.72e-02	9.00e-01	3.30e-02	4.94e-05	0.00e+00	0.00e+00	0.00e+00	0.00e+00
 2.52689e+17	7.58e-02	8.97e-01	2.71e-02	3.66e-05	0.00e+00	0.00e+00	0.00e+00	0.00e+00
 2.54718e+17	8.41e-02	8.93e-01	2.28e-02	2.83e-05	0.00e+00	0.00e+00	0.00e+00	0.00e+00
 2.56904e+17	9.43e-02	8.87e-01	1.87e-02	2.14e-05	0.00e+00	0.00e+00	0.00e+00	0.00e+00
 2.59270e+17	1.07e-01	8.78e-01	1.49e-02	1.58e-05	0.00e+00	0.00e+00	0.00e+00	0.00e+00
 2.61313e+17	1.21e-01	8.67e-01	1.21e-02	1.21e-05	0.00e+00	0.00e+00	0.00e+00	0.00e+00
 2.63058e+17	1.34e-01	8.56e-01	9.97e-03	9.65e-06	0.00e+00	0.00e+00	0.00e+00	0.00e+00
 2.64813e+17	1.49e-01	8.43e-01	8.18e-03	7.75e-06	0.00e+00	0.00e+00	0.00e+00	0.00e+00
 2.66682e+17	1.67e-01	8.26e-01	6.55e-03	6.17e-06	0.00e+00	0.00e+00	0.00e+00	0.00e+00
 2.68428e+17	1.87e-01	8.08e-01	5.24e-03	5.00e-06	0.00e+00	0.00e+00	0.00e+00	0.00e+00
 2.69888e+17	2.06e-01	7.90e-01	4.32e-03	4.23e-06	0.00e+00	0.00e+00	0.00e+00	0.00e+00
 2.71154e+17	2.23e-01	7.73e-01	3.64e-03	3.68e-06	0.00e+00	0.00e+00	0.00e+00	0.00e+00
 2.72382e+17	2.41e-01	7.56e-01	3.06e-03	3.23e-06	0.00e+00	0.00e+00	0.00e+00	0.00e+00
 2.73607e+17	2.61e-01	7.36e-01	2.56e-03	2.84e-06	0.00e+00	0.00e+00	0.00e+00	0.00e+00
 2.74574e+17	2.78e-01	7.20e-01	2.20e-03	2.57e-06	0.00e+00	0.00e+00	0.00e+00	0.00e+00
 2.75195e+17	2.89e-01	7.09e-01	2.01e-03	2.43e-06	0.00e+00	0.00e+00	0.00e+00	0.00e+00
 2.75774e+17	2.99e-01	6.99e-01	1.84e-03	2.31e-06	0.00e+00	0.00e+00	0.00e+00	0.00e+00
 2.76508e+17	3.13e-01	6.85e-01	1.64e-03	2.15e-06	0.00e+00	0.00e+00	0.00e+00	0.00e+00
 2.77325e+17	3.30e-01	6.69e-01	1.43e-03	1.98e-06	0.00e+00	0.00e+00	0.00e+00	0.00e+00
 2.78060e+17	3.46e-01	6.53e-01	1.27e-03	1.85e-06	0.00e+00	0.00e+00	0.00e+00	0.00e+00
 2.78699e+17	3.59e-01	6.39e-01	1.14e-03	1.74e-06	0.00e+00	0.00e+00	0.00e+00	0.00e+00
 2.79332e+17	3.73e-01	6.26e-01	1.02e-03	1.65e-06	0.00e+00	0.00e+00	0.00e+00	0.00e+00
 2.80027e+17	3.89e-01	6.10e-01	9.03e-04	1.54e-06	0.00e+00	0.00e+00	0.00e+00	0.00e+00
 2.80742e+17	4.06e-01	5.93e-01	7.94e-04	1.44e-06	0.00e+00	0.00e+00	0.00e+00	0.00e+00
 2.81405e+17	4.22e-01	5.77e-01	7.04e-04	1.35e-06	0.00e+00	0.00e+00	0.00e+00	0.00e+00
 2.82031e+17	4.38e-01	5.62e-01	6.26e-04	1.28e-06	0.00e+00	0.00e+00	0.00e+00	0.00e+00
 2.82666e+17	4.53e-01	5.46e-01	5.56e-04	1.20e-06	0.00e+00	0.00e+00	0.00e+00	0.00e+00
 2.83324e+17	4.70e-01	5.30e-01	4.92e-04	1.14e-06	0.00e+00	0.00e+00	0.00e+00	0.00e+00
 2.84000e+17	4.87e-01	5.12e-01	4.31e-04	1.06e-06	0.00e+00	0.00e+00	0.00e+00	0.00e+00
 2.84652e+17	5.04e-01	4.95e-01	3.79e-04	9.98e-07	0.00e+00	0.00e+00	0.00e+00	0.00e+00
 2.85256e+17	5.19e-01	4.80e-01	3.38e-04	0.00e+00	0.00e+00	0.00e+00	0.00e+00	0.00e+00
 2.85889e+17	5.36e-01	4.64e-01	2.97e-04	0.00e+00	0.00e+00	0.00e+00	0.00e+00	0.00e+00
 2.86558e+17	5.53e-01	4.46e-01	2.60e-04	0.00e+00	0.00e+00	0.00e+00	0.00e+00	0.00e+00
 2.87197e+17	5.70e-01	4.30e-01	2.28e-04	0.00e+00	0.00e+00	0.00e+00	0.00e+00	0.00e+00
 2.87809e+17	5.85e-01	4.15e-01	2.03e-04	0.00e+00	0.00e+00	0.00e+00	0.00e+00	0.00e+00
 2.88447e+17	6.01e-01	3.99e-01	1.78e-04	0.00e+00	0.00e+00	0.00e+00	0.00e+00	0.00e+00
 2.89110e+17	6.17e-01	3.82e-01	1.56e-04	0.00e+00	0.00e+00	0.00e+00	0.00e+00	0.00e+00
 2.89758e+17	6.33e-01	3.67e-01	1.37e-04	0.00e+00	0.00e+00	0.00e+00	0.00e+00	0.00e+00
 2.90386e+17	6.48e-01	3.52e-01	1.21e-04	0.00e+00	0.00e+00	0.00e+00	0.00e+00	0.00e+00
 2.91002e+17	6.61e-01	3.39e-01	1.07e-04	0.00e+00	0.00e+00	0.00e+00	0.00e+00	0.00e+00
 2.91621e+17	6.75e-01	3.25e-01	9.48e-05	0.00e+00	0.00e+00	0.00e+00	0.00e+00	0.00e+00
 2.92236e+17	6.88e-01	3.12e-01	8.42e-05	0.00e+00	0.00e+00	0.00e+00	0.00e+00	0.00e+00
 2.92839e+17	7.01e-01	2.99e-01	7.53e-05	0.00e+00	0.00e+00	0.00e+00	0.00e+00	0.00e+00
 2.93471e+17	7.13e-01	2.87e-01	6.68e-05	0.00e+00	0.00e+00	0.00e+00	0.00e+00	0.00e+00
 2.94182e+17	7.27e-01	2.73e-01	5.88e-05	0.00e+00	0.00e+00	0.00e+00	0.00e+00	0.00e+00
 2.94895e+17	7.40e-01	2.60e-01	5.18e-05	0.00e+00	0.00e+00	0.00e+00	0.00e+00	0.00e+00
 2.95549e+17	7.51e-01	2.49e-01	4.63e-05	0.00e+00	0.00e+00	0.00e+00	0.00e+00	0.00e+00
 2.96220e+17	7.61e-01	2.39e-01	4.16e-05	0.00e+00	0.00e+00	0.00e+00	0.00e+00	0.00e+00
 2.96917e+17	7.72e-01	2.28e-01	3.72e-05	0.00e+00	0.00e+00	0.00e+00	0.00e+00	0.00e+00
 2.97619e+17	7.82e-01	2.17e-01	3.34e-05	0.00e+00	0.00e+00	0.00e+00	0.00e+00	0.00e+00
 2.98335e+17	7.91e-01	2.09e-01	3.03e-05	0.00e+00	0.00e+00	0.00e+00	0.00e+00	0.00e+00
 2.99088e+17	8.01e-01	1.99e-01	2.73e-05	0.00e+00	0.00e+00	0.00e+00	0.00e+00	0.00e+00
 2.99897e+17	8.10e-01	1.89e-01	2.45e-05	0.00e+00	0.00e+00	0.00e+00	0.00e+00	0.00e+00
 3.00770e+17	8.19e-01	1.81e-01	2.22e-05	0.00e+00	0.00e+00	0.00e+00	0.00e+00	0.00e+00
 3.01638e+17	8.28e-01	1.72e-01	2.02e-05	0.00e+00	0.00e+00	0.00e+00	0.00e+00	0.00e+00
 3.02507e+17	8.35e-01	1.65e-01	1.85e-05	0.00e+00	0.00e+00	0.00e+00	0.00e+00	0.00e+00
 3.03515e+17	8.44e-01	1.56e-01	1.67e-05	0.00e+00	0.00e+00	0.00e+00	0.00e+00	0.00e+00
 3.04614e+17	8.51e-01	1.49e-01	1.53e-05	0.00e+00	0.00e+00	0.00e+00	0.00e+00	0.00e+00
 3.05696e+17	8.58e-01	1.42e-01	1.41e-05	0.00e+00	0.00e+00	0.00e+00	0.00e+00	0.00e+00
 3.06788e+17	8.64e-01	1.36e-01	1.31e-05	0.00e+00	0.00e+00	0.00e+00	0.00e+00	0.00e+00
 3.08001e+17	8.70e-01	1.30e-01	1.21e-05	0.00e+00	0.00e+00	0.00e+00	0.00e+00	0.00e+00
 3.09313e+17	8.76e-01	1.24e-01	1.13e-05	0.00e+00	0.00e+00	0.00e+00	0.00e+00	0.00e+00
 3.10673e+17	8.82e-01	1.18e-01	1.05e-05	0.00e+00	0.00e+00	0.00e+00	0.00e+00	0.00e+00
 3.12067e+17	8.86e-01	1.14e-01	9.93e-06	0.00e+00	0.00e+00	0.00e+00	0.00e+00	0.00e+00
 3.13571e+17	8.92e-01	1.08e-01	9.23e-06	0.00e+00	0.00e+00	0.00e+00	0.00e+00	0.00e+00
 3.15084e+17	8.97e-01	1.03e-01	8.70e-06	0.00e+00	0.00e+00	0.00e+00	0.00e+00	0.00e+00
 3.16516e+17	9.01e-01	9.93e-02	8.24e-06	0.00e+00	0.00e+00	0.00e+00	0.00e+00	0.00e+00
 3.18018e+17	9.05e-01	9.50e-02	7.79e-06	0.00e+00	0.00e+00	0.00e+00	0.00e+00	0.00e+00
 3.19551e+17	9.09e-01	9.05e-02	7.35e-06	0.00e+00	0.00e+00	0.00e+00	0.00e+00	0.00e+00
 3.21050e+17	9.13e-01	8.69e-02	7.00e-06	0.00e+00	0.00e+00	0.00e+00	0.00e+00	0.00e+00
 3.22486e+17	9.17e-01	8.30e-02	6.65e-06	0.00e+00	0.00e+00	0.00e+00	0.00e+00	0.00e+00
 3.23877e+17	9.20e-01	7.99e-02	6.39e-06	0.00e+00	0.00e+00	0.00e+00	0.00e+00	0.00e+00
 3.25284e+17	9.24e-01	7.64e-02	6.09e-06	0.00e+00	0.00e+00	0.00e+00	0.00e+00	0.00e+00
 3.26643e+17	9.27e-01	7.32e-02	5.82e-06	0.00e+00	0.00e+00	0.00e+00	0.00e+00	0.00e+00
 3.27909e+17	9.30e-01	7.04e-02	5.60e-06	0.00e+00	0.00e+00	0.00e+00	0.00e+00	0.00e+00
 3.29130e+17	9.32e-01	6.78e-02	5.38e-06	0.00e+00	0.00e+00	0.00e+00	0.00e+00	0.00e+00
 3.30308e+17	9.35e-01	6.51e-02	5.18e-06	0.00e+00	0.00e+00	0.00e+00	0.00e+00	0.00e+00
 3.31485e+17	9.38e-01	6.24e-02	4.98e-06	0.00e+00	0.00e+00	0.00e+00	0.00e+00	0.00e+00
 3.32600e+17	9.40e-01	5.99e-02	4.80e-06	0.00e+00	0.00e+00	0.00e+00	0.00e+00	0.00e+00
 3.33601e+17	9.42e-01	5.81e-02	4.67e-06	0.00e+00	0.00e+00	0.00e+00	0.00e+00	0.00e+00
 3.34705e+17	9.45e-01	5.53e-02	4.48e-06	0.00e+00	0.00e+00	0.00e+00	0.00e+00	0.00e+00
 3.35799e+17	9.47e-01	5.29e-02	4.31e-06	0.00e+00	0.00e+00	0.00e+00	0.00e+00	0.00e+00
 3.36656e+17	9.49e-01	5.13e-02	4.21e-06	0.00e+00	0.00e+00	0.00e+00	0.00e+00	0.00e+00
 3.37501e+17	9.51e-01	4.94e-02	4.08e-06	0.00e+00	0.00e+00	0.00e+00	0.00e+00	0.00e+00
 3.38372e+17	9.53e-01	4.74e-02	3.95e-06	0.00e+00	0.00e+00	0.00e+00	0.00e+00	0.00e+00
 3.39138e+17	9.54e-01	4.61e-02	3.87e-06	0.00e+00	0.00e+00	0.00e+00	0.00e+00	0.00e+00
 3.39938e+17	9.56e-01	4.42e-02	3.74e-06	0.00e+00	0.00e+00	0.00e+00	0.00e+00	0.00e+00
 3.40728e+17	9.58e-01	4.23e-02	3.62e-06	0.00e+00	0.00e+00	0.00e+00	0.00e+00	0.00e+00
 3.41346e+17	9.59e-01	4.14e-02	3.57e-06	0.00e+00	0.00e+00	0.00e+00	0.00e+00	0.00e+00
 3.41973e+17	9.60e-01	3.99e-02	3.47e-06	0.00e+00	0.00e+00	0.00e+00	0.00e+00	0.00e+00
 3.42634e+17	9.61e-01	3.85e-02	3.40e-06	0.00e+00	0.00e+00	0.00e+00	0.00e+00	0.00e+00
 3.43224e+17	9.62e-01	3.80e-02	3.35e-06	0.00e+00	0.00e+00	0.00e+00	0.00e+00	0.00e+00
 3.43876e+17	9.63e-01	3.70e-02	3.30e-06	0.00e+00	0.00e+00	0.00e+00	0.00e+00	0.00e+00
 3.44675e+17	9.65e-01	3.47e-02	3.17e-06	0.00e+00	0.00e+00	0.00e+00	0.00e+00	0.00e+00
 3.45357e+17	9.67e-01	3.32e-02	3.08e-06	0.00e+00	0.00e+00	0.00e+00	0.00e+00	0.00e+00
 3.45792e+17	9.67e-01	3.27e-02	3.04e-06	0.00e+00	0.00e+00	0.00e+00	0.00e+00	0.00e+00
 3.46212e+17	9.68e-01	3.22e-02	3.01e-06	0.00e+00	0.00e+00	0.00e+00	0.00e+00	0.00e+00
 3.46758e+17	9.69e-01	3.06e-02	2.92e-06	0.00e+00	0.00e+00	0.00e+00	0.00e+00	0.00e+00
 3.47278e+17	9.71e-01	2.92e-02	2.84e-06	0.00e+00	0.00e+00	0.00e+00	0.00e+00	0.00e+00
 3.47639e+17	9.71e-01	2.89e-02	2.82e-06	0.00e+00	0.00e+00	0.00e+00	0.00e+00	0.00e+00
 3.47980e+17	9.72e-01	2.84e-02	2.78e-06	0.00e+00	0.00e+00	0.00e+00	0.00e+00	0.00e+00
 3.48424e+17	9.73e-01	2.72e-02	2.71e-06	0.00e+00	0.00e+00	0.00e+00	0.00e+00	0.00e+00
 3.48850e+17	9.74e-01	2.59e-02	2.64e-06	0.00e+00	0.00e+00	0.00e+00	0.00e+00	0.00e+00
 3.49141e+17	9.75e-01	2.54e-02	2.61e-06	0.00e+00	0.00e+00	0.00e+00	0.00e+00	0.00e+00
 3.49408e+17	9.75e-01	2.51e-02	2.59e-06	0.00e+00	0.00e+00	0.00e+00	0.00e+00	0.00e+00
 3.49755e+17	9.76e-01	2.42e-02	2.53e-06	0.00e+00	0.00e+00	0.00e+00	0.00e+00	0.00e+00
 3.50098e+17	9.77e-01	2.30e-02	2.46e-06	0.00e+00	0.00e+00	0.00e+00	0.00e+00	0.00e+00
 3.50342e+17	9.77e-01	2.26e-02	2.44e-06	0.00e+00	0.00e+00	0.00e+00	0.00e+00	0.00e+00
 3.50567e+17	9.78e-01	2.23e-02	2.42e-06	0.00e+00	0.00e+00	0.00e+00	0.00e+00	0.00e+00
 3.50860e+17	9.79e-01	2.14e-02	2.36e-06	0.00e+00	0.00e+00	0.00e+00	0.00e+00	0.00e+00
 3.51146e+17	9.80e-01	2.04e-02	2.30e-06	0.00e+00	0.00e+00	0.00e+00	0.00e+00	0.00e+00
 3.51346e+17	9.80e-01	2.00e-02	2.28e-06	0.00e+00	0.00e+00	0.00e+00	0.00e+00	0.00e+00
 3.51528e+17	9.80e-01	1.98e-02	2.26e-06	0.00e+00	0.00e+00	0.00e+00	0.00e+00	0.00e+00
 3.51764e+17	9.81e-01	1.92e-02	2.23e-06	0.00e+00	0.00e+00	0.00e+00	0.00e+00	0.00e+00
 3.52051e+17	9.82e-01	1.78e-02	2.14e-06	0.00e+00	0.00e+00	0.00e+00	0.00e+00	0.00e+00
 3.52273e+17	9.83e-01	1.68e-02	2.08e-06	0.00e+00	0.00e+00	0.00e+00	0.00e+00	0.00e+00
 3.52388e+17	9.83e-01	1.67e-02	2.07e-06	0.00e+00	0.00e+00	0.00e+00	0.00e+00	0.00e+00
 3.52495e+17	9.83e-01	1.66e-02	2.06e-06	0.00e+00	0.00e+00	0.00e+00	0.00e+00	0.00e+00
 3.52633e+17	9.84e-01	1.64e-02	2.04e-06	0.00e+00	0.00e+00	0.00e+00	0.00e+00	0.00e+00
 3.52813e+17	9.84e-01	1.60e-02	2.02e-06	0.00e+00	0.00e+00	0.00e+00	0.00e+00	0.00e+00
 3.53047e+17	9.85e-01	1.47e-02	1.94e-06	0.00e+00	0.00e+00	0.00e+00	0.00e+00	0.00e+00
 3.53247e+17	9.87e-01	1.32e-02	1.83e-06	0.00e+00	0.00e+00	0.00e+00	0.00e+00	0.00e+00
 3.53345e+17	9.87e-01	1.30e-02	1.82e-06	0.00e+00	0.00e+00	0.00e+00	0.00e+00	0.00e+00
 3.53415e+17	9.87e-01	1.29e-02	1.80e-06	0.00e+00	0.00e+00	0.00e+00	0.00e+00	0.00e+00
 3.53506e+17	9.87e-01	1.27e-02	1.79e-06	0.00e+00	0.00e+00	0.00e+00	0.00e+00	0.00e+00
 3.53625e+17	9.88e-01	1.25e-02	1.77e-06	0.00e+00	0.00e+00	0.00e+00	0.00e+00	0.00e+00
 3.53773e+17	9.89e-01	1.14e-02	1.69e-06	0.00e+00	0.00e+00	0.00e+00	0.00e+00	0.00e+00
 3.53904e+17	9.96e-01	4.14e-03	8.05e-07	0.00e+00	0.00e+00	0.00e+00	0.00e+00	0.00e+00
 3.53997e+17	9.96e-01	3.90e-03	7.63e-07	0.00e+00	0.00e+00	0.00e+00	0.00e+00	0.00e+00
 3.54082e+17	9.96e-01	3.67e-03	7.21e-07	0.00e+00	0.00e+00	0.00e+00	0.00e+00	0.00e+00
 3.54159e+17	9.96e-01	3.55e-03	7.00e-07	0.00e+00	0.00e+00	0.00e+00	0.00e+00	0.00e+00
 3.54230e+17	9.97e-01	3.47e-03	6.86e-07	0.00e+00	0.00e+00	0.00e+00	0.00e+00	0.00e+00
 3.54294e+17	9.97e-01	3.40e-03	6.73e-07	0.00e+00	0.00e+00	0.00e+00	0.00e+00	0.00e+00
 3.54352e+17	9.97e-01	3.34e-03	6.61e-07	0.00e+00	0.00e+00	0.00e+00	0.00e+00	0.00e+00
 3.54416e+17	9.97e-01	3.28e-03	6.51e-07	0.00e+00	0.00e+00	0.00e+00	0.00e+00	0.00e+00
 3.54499e+17	9.97e-01	3.16e-03	6.30e-07	0.00e+00	0.00e+00	0.00e+00	0.00e+00	0.00e+00
 3.54589e+17	9.97e-01	2.96e-03	5.93e-07	0.00e+00	0.00e+00	0.00e+00	0.00e+00	0.00e+00
 3.54670e+17	9.97e-01	2.87e-03	5.77e-07	0.00e+00	0.00e+00	0.00e+00	0.00e+00	0.00e+00
 3.54745e+17	9.97e-01	2.81e-03	5.67e-07	0.00e+00	0.00e+00	0.00e+00	0.00e+00	0.00e+00
 3.54812e+17	9.97e-01	2.76e-03	5.57e-07	0.00e+00	0.00e+00	0.00e+00	0.00e+00	0.00e+00
 3.54885e+17	9.97e-01	2.71e-03	5.47e-07	0.00e+00	0.00e+00	0.00e+00	0.00e+00	0.00e+00
 3.54976e+17	9.97e-01	2.60e-03	5.29e-07	0.00e+00	0.00e+00	0.00e+00	0.00e+00	0.00e+00
 3.55070e+17	9.98e-01	2.46e-03	5.05e-07	0.00e+00	0.00e+00	0.00e+00	0.00e+00	0.00e+00
 3.55156e+17	9.98e-01	2.40e-03	4.95e-07	0.00e+00	0.00e+00	0.00e+00	0.00e+00	0.00e+00
 3.55234e+17	9.98e-01	2.35e-03	4.85e-07	0.00e+00	0.00e+00	0.00e+00	0.00e+00	0.00e+00
 3.55305e+17	9.98e-01	2.30e-03	4.77e-07	0.00e+00	0.00e+00	0.00e+00	0.00e+00	0.00e+00
 3.55378e+17	9.98e-01	2.26e-03	4.69e-07	0.00e+00	0.00e+00	0.00e+00	0.00e+00	0.00e+00
 3.55462e+17	9.98e-01	2.18e-03	4.55e-07	0.00e+00	0.00e+00	0.00e+00	0.00e+00	0.00e+00
 3.55549e+17	9.98e-01	2.09e-03	4.40e-07	0.00e+00	0.00e+00	0.00e+00	0.00e+00	0.00e+00
 3.55628e+17	9.98e-01	2.04e-03	4.32e-07	0.00e+00	0.00e+00	0.00e+00	0.00e+00	0.00e+00
 3.55699e+17	9.98e-01	2.00e-03	4.25e-07	0.00e+00	0.00e+00	0.00e+00	0.00e+00	0.00e+00
 3.55769e+17	9.98e-01	1.96e-03	4.18e-07	0.00e+00	0.00e+00	0.00e+00	0.00e+00	0.00e+00
 3.55842e+17	9.98e-01	1.92e-03	4.10e-07	0.00e+00	0.00e+00	0.00e+00	0.00e+00	0.00e+00
 3.55914e+17	9.98e-01	1.87e-03	4.02e-07	0.00e+00	0.00e+00	0.00e+00	0.00e+00	0.00e+00
###########################
 3.05689e+13	5.91e-04	1.75e-01	7.34e-01	8.78e-02	1.83e-03	1.09e-05	0.00e+00	0.00e+00
 1.83413e+14	5.92e-04	1.75e-01	7.34e-01	8.78e-02	1.82e-03	1.08e-05	0.00e+00	0.00e+00
 7.94792e+14	5.90e-04	1.74e-01	7.36e-01	8.76e-02	1.81e-03	1.08e-05	0.00e+00	0.00e+00
 3.24030e+15	5.93e-04	1.73e-01	7.39e-01	8.61e-02	1.74e-03	1.03e-05	0.00e+00	0.00e+00
 7.74005e+15	5.95e-04	1.68e-01	7.45e-01	8.48e-02	1.65e-03	9.79e-06	0.00e+00	0.00e+00
 1.35897e+16	6.08e-04	1.66e-01	7.50e-01	8.17e-02	1.52e-03	8.97e-06	0.00e+00	0.00e+00
 2.11943e+16	6.36e-04	1.67e-01	7.55e-01	7.66e-02	1.34e-03	7.86e-06	0.00e+00	0.00e+00
 3.10802e+16	6.97e-04	1.73e-01	7.57e-01	6.90e-02	1.11e-03	6.44e-06	0.00e+00	0.00e+00
 4.39319e+16	8.19e-04	1.87e-01	7.53e-01	5.86e-02	8.49e-04	4.79e-06	0.00e+00	0.00e+00
 5.71689e+16	9.84e-04	2.06e-01	7.44e-01	4.90e-02	6.37e-04	3.49e-06	0.00e+00	0.00e+00
 6.74332e+16	1.16e-03	2.25e-01	7.31e-01	4.20e-02	5.03e-04	2.68e-06	0.00e+00	0.00e+00
 7.51180e+16	1.33e-03	2.43e-01	7.18e-01	3.72e-02	4.18e-04	2.16e-06	0.00e+00	0.00e+00
 8.17959e+16	1.50e-03	2.60e-01	7.05e-01	3.33e-02	3.53e-04	1.78e-06	0.00e+00	0.00e+00
 8.93506e+16	1.74e-03	2.83e-01	6.86e-01	2.92e-02	2.90e-04	1.41e-06	0.00e+00	0.00e+00
 9.73408e+16	2.05e-03	3.09e-01	6.64e-01	2.52e-02	2.34e-04	1.09e-06	0.00e+00	0.00e+00
 1.04113e+17	2.32e-03	3.31e-01	6.44e-01	2.24e-02	1.97e-04	8.89e-07	0.00e+00	0.00e+00
 1.11131e+17	2.67e-03	3.56e-01	6.21e-01	1.96e-02	1.64e-04	0.00e+00	0.00e+00	0.00e+00
 1.18995e+17	3.09e-03	3.85e-01	5.95e-01	1.69e-02	1.34e-04	0.00e+00	0.00e+00	0.00e+00
 1.26472e+17	3.58e-03	4.15e-01	5.67e-01	1.45e-02	1.09e-04	0.00e+00	0.00e+00	0.00e+00
 1.33002e+17	4.05e-03	4.42e-01	5.41e-01	1.27e-02	9.16e-05	0.00e+00	0.00e+00	0.00e+00
 1.39787e+17	4.65e-03	4.73e-01	5.11e-01	1.08e-02	7.50e-05	0.00e+00	0.00e+00	0.00e+00
 1.47129e+17	5.38e-03	5.07e-01	4.78e-01	9.07e-03	6.05e-05	0.00e+00	0.00e+00	0.00e+00
 1.53848e+17	6.18e-03	5.41e-01	4.46e-01	7.57e-03	4.89e-05	0.00e+00	0.00e+00	0.00e+00
 1.61233e+17	7.25e-03	5.80e-01	4.07e-01	6.07e-03	3.79e-05	0.00e+00	0.00e+00	0.00e+00
 1.69102e+17	8.61e-03	6.22e-01	3.65e-01	4.70e-03	2.85e-05	0.00e+00	0.00e+00	0.00e+00
 1.75804e+17	1.00e-02	6.60e-01	3.27e-01	3.67e-03	2.18e-05	0.00e+00	0.00e+00	0.00e+00
 1.81590e+17	1.16e-02	6.93e-01	2.93e-01	2.89e-03	1.70e-05	0.00e+00	0.00e+00	0.00e+00
 1.87979e+17	1.36e-02	7.30e-01	2.54e-01	2.15e-03	1.24e-05	0.00e+00	0.00e+00	0.00e+00
 1.94817e+17	1.64e-02	7.68e-01	2.14e-01	1.51e-03	8.68e-06	0.00e+00	0.00e+00	0.00e+00
 2.00643e+17	1.93e-02	8.00e-01	1.80e-01	1.07e-03	6.14e-06	0.00e+00	0.00e+00	0.00e+00
 2.05462e+17	2.23e-02	8.24e-01	1.53e-01	7.82e-04	4.50e-06	0.00e+00	0.00e+00	0.00e+00
 2.09759e+17	2.57e-02	8.45e-01	1.29e-01	5.68e-04	3.28e-06	0.00e+00	0.00e+00	0.00e+00
 2.13755e+17	2.95e-02	8.62e-01	1.08e-01	4.11e-04	2.39e-06	0.00e+00	0.00e+00	0.00e+00
 2.17414e+17	3.37e-02	8.76e-01	9.04e-02	2.98e-04	1.74e-06	0.00e+00	0.00e+00	0.00e+00
 2.20723e+17	3.83e-02	8.86e-01	7.56e-02	2.17e-04	1.27e-06	0.00e+00	0.00e+00	0.00e+00
 2.23723e+17	4.33e-02	8.93e-01	6.33e-02	1.59e-04	9.39e-07	0.00e+00	0.00e+00	0.00e+00
 2.26482e+17	4.88e-02	8.98e-01	5.30e-02	1.18e-04	0.00e+00	0.00e+00	0.00e+00	0.00e+00
 2.29055e+17	5.50e-02	9.01e-01	4.40e-02	8.64e-05	0.00e+00	0.00e+00	0.00e+00	0.00e+00
 2.31445e+17	6.18e-02	9.01e-01	3.67e-02	6.42e-05	0.00e+00	0.00e+00	0.00e+00	0.00e+00
 2.33653e+17	6.92e-02	9.00e-01	3.06e-02	4.83e-05	0.00e+00	0.00e+00	0.00e+00	0.00e+00
 2.35735e+17	7.74e-02	8.97e-01	2.55e-02	3.65e-05	0.00e+00	0.00e+00	0.00e+00	0.00e+00
 2.37722e+17	8.65e-02	8.92e-01	2.12e-02	2.78e-05	0.00e+00	0.00e+00	0.00e+00	0.00e+00
 2.39622e+17	9.66e-02	8.86e-01	1.75e-02	2.13e-05	0.00e+00	0.00e+00	0.00e+00	0.00e+00
 2.41439e+17	1.08e-01	8.78e-01	1.45e-02	1.65e-05	0.00e+00	0.00e+00	0.00e+00	0.00e+00
 2.43187e+17	1.20e-01	8.68e-01	1.20e-02	1.29e-05	0.00e+00	0.00e+00	0.00e+00	0.00e+00
 2.44883e+17	1.34e-01	8.56e-01	9.85e-03	1.02e-05	0.00e+00	0.00e+00	0.00e+00	0.00e+00
 2.46543e+17	1.49e-01	8.43e-01	8.06e-03	8.10e-06	0.00e+00	0.00e+00	0.00e+00	0.00e+00
 2.48162e+17	1.66e-01	8.27e-01	6.58e-03	6.53e-06	0.00e+00	0.00e+00	0.00e+00	0.00e+00
 2.49681e+17	1.84e-01	8.10e-01	5.39e-03	5.36e-06	0.00e+00	0.00e+00	0.00e+00	0.00e+00
 2.51053e+17	2.02e-01	7.94e-01	4.47e-03	4.53e-06	0.00e+00	0.00e+00	0.00e+00	0.00e+00
 2.52301e+17	2.20e-01	7.77e-01	3.75e-03	3.90e-06	0.00e+00	0.00e+00	0.00e+00	0.00e+00
 2.53483e+17	2.38e-01	7.59e-01	3.16e-03	3.40e-06	0.00e+00	0.00e+00	0.00e+00	0.00e+00
 2.54635e+17	2.57e-01	7.40e-01	2.66e-03	2.99e-06	0.00e+00	0.00e+00	0.00e+00	0.00e+00
 2.55544e+17	2.73e-01	7.25e-01	2.33e-03	2.72e-06	0.00e+00	0.00e+00	0.00e+00	0.00e+00
 2.56150e+17	2.83e-01	7.15e-01	2.13e-03	2.56e-06	0.00e+00	0.00e+00	0.00e+00	0.00e+00
 2.56731e+17	2.94e-01	7.04e-01	1.94e-03	2.41e-06	0.00e+00	0.00e+00	0.00e+00	0.00e+00
 2.57424e+17	3.08e-01	6.91e-01	1.73e-03	2.24e-06	0.00e+00	0.00e+00	0.00e+00	0.00e+00
 2.58164e+17	3.23e-01	6.76e-01	1.54e-03	2.08e-06	0.00e+00	0.00e+00	0.00e+00	0.00e+00
 2.58858e+17	3.37e-01	6.62e-01	1.37e-03	1.94e-06	0.00e+00	0.00e+00	0.00e+00	0.00e+00
 2.59505e+17	3.50e-01	6.48e-01	1.23e-03	1.83e-06	0.00e+00	0.00e+00	0.00e+00	0.00e+00
 2.60158e+17	3.65e-01	6.34e-01	1.10e-03	1.72e-06	0.00e+00	0.00e+00	0.00e+00	0.00e+00
 2.60834e+17	3.80e-01	6.19e-01	9.81e-04	1.61e-06	0.00e+00	0.00e+00	0.00e+00	0.00e+00
 2.61503e+17	3.96e-01	6.03e-01	8.71e-04	1.51e-06	0.00e+00	0.00e+00	0.00e+00	0.00e+00
 2.62158e+17	4.11e-01	5.88e-01	7.79e-04	1.42e-06	0.00e+00	0.00e+00	0.00e+00	0.00e+00
 2.62814e+17	4.27e-01	5.73e-01	6.92e-04	1.34e-06	0.00e+00	0.00e+00	0.00e+00	0.00e+00
 2.63476e+17	4.43e-01	5.57e-01	6.13e-04	1.26e-06	0.00e+00	0.00e+00	0.00e+00	0.00e+00
 2.64133e+17	4.58e-01	5.41e-01	5.46e-04	1.19e-06	0.00e+00	0.00e+00	0.00e+00	0.00e+00
 2.64805e+17	4.75e-01	5.24e-01	4.81e-04	1.11e-06	0.00e+00	0.00e+00	0.00e+00	0.00e+00
 2.65472e+17	4.92e-01	5.08e-01	4.25e-04	1.05e-06	0.00e+00	0.00e+00	0.00e+00	0.00e+00
 2.66115e+17	5.07e-01	4.92e-01	3.78e-04	9.94e-07	0.00e+00	0.00e+00	0.00e+00	0.00e+00
 2.66784e+17	5.24e-01	4.75e-01	3.32e-04	0.00e+00	0.00e+00	0.00e+00	0.00e+00	0.00e+00
 2.67464e+17	5.41e-01	4.59e-01	2.93e-04	0.00e+00	0.00e+00	0.00e+00	0.00e+00	0.00e+00
 2.68139e+17	5.57e-01	4.42e-01	2.57e-04	0.00e+00	0.00e+00	0.00e+00	0.00e+00	0.00e+00
 2.68807e+17	5.73e-01	4.27e-01	2.28e-04	0.00e+00	0.00e+00	0.00e+00	0.00e+00	0.00e+00
 2.69473e+17	5.89e-01	4.10e-01	2.00e-04	0.00e+00	0.00e+00	0.00e+00	0.00e+00	0.00e+00
 2.70146e+17	6.05e-01	3.95e-01	1.76e-04	0.00e+00	0.00e+00	0.00e+00	0.00e+00	0.00e+00
 2.70824e+17	6.20e-01	3.80e-01	1.56e-04	0.00e+00	0.00e+00	0.00e+00	0.00e+00	0.00e+00
 2.71519e+17	6.36e-01	3.64e-01	1.36e-04	0.00e+00	0.00e+00	0.00e+00	0.00e+00	0.00e+00
 2.72204e+17	6.50e-01	3.50e-01	1.21e-04	0.00e+00	0.00e+00	0.00e+00	0.00e+00	0.00e+00
 2.72889e+17	6.65e-01	3.35e-01	1.06e-04	0.00e+00	0.00e+00	0.00e+00	0.00e+00	0.00e+00
 2.73596e+17	6.79e-01	3.21e-01	9.36e-05	0.00e+00	0.00e+00	0.00e+00	0.00e+00	0.00e+00
 2.74297e+17	6.92e-01	3.08e-01	8.31e-05	0.00e+00	0.00e+00	0.00e+00	0.00e+00	0.00e+00
 2.75002e+17	7.06e-01	2.94e-01	7.34e-05	0.00e+00	0.00e+00	0.00e+00	0.00e+00	0.00e+00
 2.75738e+17	7.19e-01	2.81e-01	6.47e-05	0.00e+00	0.00e+00	0.00e+00	0.00e+00	0.00e+00
 2.76473e+17	7.31e-01	2.69e-01	5.77e-05	0.00e+00	0.00e+00	0.00e+00	0.00e+00	0.00e+00
 2.77198e+17	7.43e-01	2.57e-01	5.14e-05	0.00e+00	0.00e+00	0.00e+00	0.00e+00	0.00e+00
 2.77972e+17	7.54e-01	2.46e-01	4.57e-05	0.00e+00	0.00e+00	0.00e+00	0.00e+00	0.00e+00
 2.78731e+17	7.65e-01	2.35e-01	4.10e-05	0.00e+00	0.00e+00	0.00e+00	0.00e+00	0.00e+00
 2.79487e+17	7.74e-01	2.26e-01	3.70e-05	0.00e+00	0.00e+00	0.00e+00	0.00e+00	0.00e+00
 2.80348e+17	7.85e-01	2.15e-01	3.29e-05	0.00e+00	0.00e+00	0.00e+00	0.00e+00	0.00e+00
 2.81288e+17	7.96e-01	2.04e-01	2.94e-05	0.00e+00	0.00e+00	0.00e+00	0.00e+00	0.00e+00
 2.82190e+17	8.05e-01	1.95e-01	2.65e-05	0.00e+00	0.00e+00	0.00e+00	0.00e+00	0.00e+00
 2.83111e+17	8.14e-01	1.86e-01	2.40e-05	0.00e+00	0.00e+00	0.00e+00	0.00e+00	0.00e+00
 2.84207e+17	8.23e-01	1.77e-01	2.15e-05	0.00e+00	0.00e+00	0.00e+00	0.00e+00	0.00e+00
 2.85403e+17	8.32e-01	1.68e-01	1.93e-05	0.00e+00	0.00e+00	0.00e+00	0.00e+00	0.00e+00
 2.86587e+17	8.41e-01	1.59e-01	1.75e-05	0.00e+00	0.00e+00	0.00e+00	0.00e+00	0.00e+00
 2.87766e+17	8.47e-01	1.53e-01	1.61e-05	0.00e+00	0.00e+00	0.00e+00	0.00e+00	0.00e+00
 2.89062e+17	8.54e-01	1.46e-01	1.49e-05	0.00e+00	0.00e+00	0.00e+00	0.00e+00	0.00e+00
 2.90516e+17	8.61e-01	1.39e-01	1.36e-05	0.00e+00	0.00e+00	0.00e+00	0.00e+00	0.00e+00
 2.92030e+17	8.68e-01	1.32e-01	1.26e-05	0.00e+00	0.00e+00	0.00e+00	0.00e+00	0.00e+00
 2.93548e+17	8.73e-01	1.27e-01	1.17e-05	0.00e+00	0.00e+00	0.00e+00	0.00e+00	0.00e+00
 2.95111e+17	8.79e-01	1.21e-01	1.09e-05	0.00e+00	0.00e+00	0.00e+00	0.00e+00	0.00e+00
 2.96729e+17	8.85e-01	1.15e-01	1.02e-05	0.00e+00	0.00e+00	0.00e+00	0.00e+00	0.00e+00
 2.98338e+17	8.89e-01	1.11e-01	9.61e-06	0.00e+00	0.00e+00	0.00e+00	0.00e+00	0.00e+00
 2.99996e+17	8.94e-01	1.06e-01	9.04e-06	0.00e+00	0.00e+00	0.00e+00	0.00e+00	0.00e+00
 3.01736e+17	8.99e-01	1.01e-01	8.48e-06	0.00e+00	0.00e+00	0.00e+00	0.00e+00	0.00e+00
 3.03435e+17	9.04e-01	9.63e-02	7.98e-06	0.00e+00	0.00e+00	0.00e+00	0.00e+00	0.00e+00
 3.05011e+17	9.07e-01	9.28e-02	7.63e-06	0.00e+00	0.00e+00	0.00e+00	0.00e+00	0.00e+00
 3.06676e+17	9.12e-01	8.83e-02	7.17e-06	0.00e+00	0.00e+00	0.00e+00	0.00e+00	0.00e+00
 3.08335e+17	9.16e-01	8.42e-02	6.79e-06	0.00e+00	0.00e+00	0.00e+00	0.00e+00	0.00e+00
 3.09755e+17	9.19e-01	8.11e-02	6.49e-06	0.00e+00	0.00e+00	0.00e+00	0.00e+00	0.00e+00
 3.11115e+17	9.22e-01	7.76e-02	6.19e-06	0.00e+00	0.00e+00	0.00e+00	0.00e+00	0.00e+00
 3.12494e+17	9.26e-01	7.44e-02	5.92e-06	0.00e+00	0.00e+00	0.00e+00	0.00e+00	0.00e+00
 3.13812e+17	9.28e-01	7.16e-02	5.69e-06	0.00e+00	0.00e+00	0.00e+00	0.00e+00	0.00e+00
 3.15050e+17	9.31e-01	6.86e-02	5.46e-06	0.00e+00	0.00e+00	0.00e+00	0.00e+00	0.00e+00
 3.16252e+17	9.34e-01	6.62e-02	5.26e-06	0.00e+00	0.00e+00	0.00e+00	0.00e+00	0.00e+00
 3.17433e+17	9.37e-01	6.35e-02	5.06e-06	0.00e+00	0.00e+00	0.00e+00	0.00e+00	0.00e+00
 3.18619e+17	9.39e-01	6.08e-02	4.86e-06	0.00e+00	0.00e+00	0.00e+00	0.00e+00	0.00e+00
 3.19738e+17	9.42e-01	5.83e-02	4.69e-06	0.00e+00	0.00e+00	0.00e+00	0.00e+00	0.00e+00
 3.20720e+17	9.43e-01	5.65e-02	4.57e-06	0.00e+00	0.00e+00	0.00e+00	0.00e+00	0.00e+00
 3.21759e+17	9.46e-01	5.40e-02	4.38e-06	0.00e+00	0.00e+00	0.00e+00	0.00e+00	0.00e+00
 3.22796e+17	9.48e-01	5.17e-02	4.23e-06	0.00e+00	0.00e+00	0.00e+00	0.00e+00	0.00e+00
 3.23624e+17	9.50e-01	5.03e-02	4.14e-06	0.00e+00	0.00e+00	0.00e+00	0.00e+00	0.00e+00
 3.24488e+17	9.52e-01	4.82e-02	4.00e-06	0.00e+00	0.00e+00	0.00e+00	0.00e+00	0.00e+00
 3.25370e+17	9.54e-01	4.62e-02	3.87e-06	0.00e+00	0.00e+00	0.00e+00	0.00e+00	0.00e+00
 3.26086e+17	9.55e-01	4.49e-02	3.80e-06	0.00e+00	0.00e+00	0.00e+00	0.00e+00	0.00e+00
 3.26829e+17	9.57e-01	4.31e-02	3.68e-06	0.00e+00	0.00e+00	0.00e+00	0.00e+00	0.00e+00
 3.27586e+17	9.59e-01	4.13e-02	3.57e-06	0.00e+00	0.00e+00	0.00e+00	0.00e+00	0.00e+00
 3.28199e+17	9.60e-01	4.02e-02	3.50e-06	0.00e+00	0.00e+00	0.00e+00	0.00e+00	0.00e+00
 3.28808e+17	9.61e-01	3.88e-02	3.41e-06	0.00e+00	0.00e+00	0.00e+00	0.00e+00	0.00e+00
 3.29421e+17	9.62e-01	3.81e-02	3.36e-06	0.00e+00	0.00e+00	0.00e+00	0.00e+00	0.00e+00
 3.30067e+17	9.63e-01	3.71e-02	3.31e-06	0.00e+00	0.00e+00	0.00e+00	0.00e+00	0.00e+00
 3.30907e+17	9.65e-01	3.52e-02	3.20e-06	0.00e+00	0.00e+00	0.00e+00	0.00e+00	0.00e+00
 3.31672e+17	9.67e-01	3.34e-02	3.09e-06	0.00e+00	0.00e+00	0.00e+00	0.00e+00	0.00e+00
 3.32151e+17	9.67e-01	3.28e-02	3.05e-06	0.00e+00	0.00e+00	0.00e+00	0.00e+00	0.00e+00
 3.32585e+17	9.68e-01	3.21e-02	3.01e-06	0.00e+00	0.00e+00	0.00e+00	0.00e+00	0.00e+00
 3.33148e+17	9.69e-01	3.06e-02	2.92e-06	0.00e+00	0.00e+00	0.00e+00	0.00e+00	0.00e+00
 3.33683e+17	9.71e-01	2.93e-02	2.84e-06	0.00e+00	0.00e+00	0.00e+00	0.00e+00	0.00e+00
 3.34055e+17	9.71e-01	2.87e-02	2.81e-06	0.00e+00	0.00e+00	0.00e+00	0.00e+00	0.00e+00
 3.34411e+17	9.72e-01	2.81e-02	2.77e-06	0.00e+00	0.00e+00	0.00e+00	0.00e+00	0.00e+00
 3.34872e+17	9.73e-01	2.67e-02	2.69e-06	0.00e+00	0.00e+00	0.00e+00	0.00e+00	0.00e+00
 3.35298e+17	9.74e-01	2.56e-02	2.62e-06	0.00e+00	0.00e+00	0.00e+00	0.00e+00	0.00e+00
 3.35583e+17	9.75e-01	2.51e-02	2.60e-06	0.00e+00	0.00e+00	0.00e+00	0.00e+00	0.00e+00
 3.35853e+17	9.75e-01	2.47e-02	2.57e-06	0.00e+00	0.00e+00	0.00e+00	0.00e+00	0.00e+00
 3.36205e+17	9.76e-01	2.36e-02	2.50e-06	0.00e+00	0.00e+00	0.00e+00	0.00e+00	0.00e+00
 3.36538e+17	9.77e-01	2.25e-02	2.45e-06	0.00e+00	0.00e+00	0.00e+00	0.00e+00	0.00e+00
 3.36764e+17	9.78e-01	2.22e-02	2.42e-06	0.00e+00	0.00e+00	0.00e+00	0.00e+00	0.00e+00
 3.36976e+17	9.78e-01	2.17e-02	2.40e-06	0.00e+00	0.00e+00	0.00e+00	0.00e+00	0.00e+00
 3.37251e+17	9.79e-01	2.08e-02	2.34e-06	0.00e+00	0.00e+00	0.00e+00	0.00e+00	0.00e+00
 3.37522e+17	9.80e-01	1.99e-02	2.28e-06	0.00e+00	0.00e+00	0.00e+00	0.00e+00	0.00e+00
 3.37717e+17	9.81e-01	1.95e-02	2.26e-06	0.00e+00	0.00e+00	0.00e+00	0.00e+00	0.00e+00
 3.37901e+17	9.81e-01	1.91e-02	2.23e-06	0.00e+00	0.00e+00	0.00e+00	0.00e+00	0.00e+00
 3.38141e+17	9.82e-01	1.82e-02	2.18e-06	0.00e+00	0.00e+00	0.00e+00	0.00e+00	0.00e+00
 3.38368e+17	9.83e-01	1.73e-02	2.12e-06	0.00e+00	0.00e+00	0.00e+00	0.00e+00	0.00e+00
 3.38523e+17	9.83e-01	1.69e-02	2.10e-06	0.00e+00	0.00e+00	0.00e+00	0.00e+00	0.00e+00
 3.38668e+17	9.83e-01	1.66e-02	2.07e-06	0.00e+00	0.00e+00	0.00e+00	0.00e+00	0.00e+00
 3.38856e+17	9.84e-01	1.58e-02	2.02e-06	0.00e+00	0.00e+00	0.00e+00	0.00e+00	0.00e+00
 3.39046e+17	9.85e-01	1.51e-02	1.97e-06	0.00e+00	0.00e+00	0.00e+00	0.00e+00	0.00e+00
 3.39194e+17	9.86e-01	1.44e-02	1.93e-06	0.00e+00	0.00e+00	0.00e+00	0.00e+00	0.00e+00
 3.39319e+17	9.86e-01	1.41e-02	1.90e-06	0.00e+00	0.00e+00	0.00e+00	0.00e+00	0.00e+00
 3.39457e+17	9.86e-01	1.35e-02	1.86e-06	0.00e+00	0.00e+00	0.00e+00	0.00e+00	0.00e+00
 3.39612e+17	9.88e-01	1.22e-02	1.76e-06	0.00e+00	0.00e+00	0.00e+00	0.00e+00	0.00e+00
 3.39729e+17	9.89e-01	1.14e-02	1.70e-06	0.00e+00	0.00e+00	0.00e+00	0.00e+00	0.00e+00
 3.39793e+17	9.89e-01	1.10e-02	1.66e-06	0.00e+00	0.00e+00	0.00e+00	0.00e+00	0.00e+00
 3.39838e+17	9.89e-01	1.08e-02	1.65e-06	0.00e+00	0.00e+00	0.00e+00	0.00e+00	0.00e+00
 3.39886e+17	9.90e-01	1.04e-02	1.61e-06	0.00e+00	0.00e+00	0.00e+00	0.00e+00	0.00e+00
 3.39941e+17	9.90e-01	9.80e-03	1.56e-06	0.00e+00	0.00e+00	0.00e+00	0.00e+00	0.00e+00
 3.39994e+17	9.96e-01	4.11e-03	8.01e-07	0.00e+00	0.00e+00	0.00e+00	0.00e+00	0.00e+00
 3.40043e+17	9.96e-01	3.98e-03	7.78e-07	0.00e+00	0.00e+00	0.00e+00	0.00e+00	0.00e+00
 3.40087e+17	9.96e-01	3.86e-03	7.57e-07	0.00e+00	0.00e+00	0.00e+00	0.00e+00	0.00e+00
 3.40127e+17	9.96e-01	3.80e-03	7.44e-07	0.00e+00	0.00e+00	0.00e+00	0.00e+00	0.00e+00
 3.40171e+17	9.96e-01	3.73e-03	7.32e-07	0.00e+00	0.00e+00	0.00e+00	0.00e+00	0.00e+00
 3.40218e+17	9.96e-01	3.65e-03	7.18e-07	0.00e+00	0.00e+00	0.00e+00	0.00e+00	0.00e+00
 3.40261e+17	9.96e-01	3.58e-03	7.05e-07	0.00e+00	0.00e+00	0.00e+00	0.00e+00	0.00e+00
 3.40309e+17	9.96e-01	3.51e-03	6.93e-07	0.00e+00	0.00e+00	0.00e+00	0.00e+00	0.00e+00
 3.40360e+17	9.97e-01	3.41e-03	6.75e-07	0.00e+00	0.00e+00	0.00e+00	0.00e+00	0.00e+00
 3.40406e+17	9.97e-01	3.35e-03	6.63e-07	0.00e+00	0.00e+00	0.00e+00	0.00e+00	0.00e+00
 3.40457e+17	9.97e-01	3.29e-03	6.52e-07	0.00e+00	0.00e+00	0.00e+00	0.00e+00	0.00e+00
 3.40523e+17	9.97e-01	3.18e-03	6.34e-07	0.00e+00	0.00e+00	0.00e+00	0.00e+00	0.00e+00
 3.40595e+17	9.97e-01	3.07e-03	6.14e-07	0.00e+00	0.00e+00	0.00e+00	0.00e+00	0.00e+00
 3.40660e+17	9.97e-01	2.98e-03	5.97e-07	0.00e+00	0.00e+00	0.00e+00	0.00e+00	0.00e+00
 3.40719e+17	9.97e-01	2.92e-03	5.87e-07	0.00e+00	0.00e+00	0.00e+00	0.00e+00	0.00e+00
 3.40783e+17	9.97e-01	2.87e-03	5.76e-07	0.00e+00	0.00e+00	0.00e+00	0.00e+00	0.00e+00
 3.40853e+17	9.97e-01	2.77e-03	5.60e-07	0.00e+00	0.00e+00	0.00e+00	0.00e+00	0.00e+00
 3.40917e+17	9.97e-01	2.72e-03	5.50e-07	0.00e+00	0.00e+00	0.00e+00	0.00e+00	0.00e+00
 3.40975e+17	9.97e-01	2.67e-03	5.41e-07	0.00e+00	0.00e+00	0.00e+00	0.00e+00	0.00e+00
 3.41038e+17	9.97e-01	2.62e-03	5.32e-07	0.00e+00	0.00e+00	0.00e+00	0.00e+00	0.00e+00
 3.41118e+17	9.97e-01	2.53e-03	5.16e-07	0.00e+00	0.00e+00	0.00e+00	0.00e+00	0.00e+00
 3.41204e+17	9.98e-01	2.43e-03	4.99e-07	0.00e+00	0.00e+00	0.00e+00	0.00e+00	0.00e+00
 3.41282e+17	9.98e-01	2.36e-03	4.86e-07	0.00e+00	0.00e+00	0.00e+00	0.00e+00	0.00e+00
 3.41354e+17	9.98e-01	2.31e-03	4.78e-07	0.00e+00	0.00e+00	0.00e+00	0.00e+00	0.00e+00
 3.41426e+17	9.98e-01	2.26e-03	4.69e-07	0.00e+00	0.00e+00	0.00e+00	0.00e+00	0.00e+00
 3.41500e+17	9.98e-01	2.19e-03	4.57e-07	0.00e+00	0.00e+00	0.00e+00	0.00e+00	0.00e+00
 3.41568e+17	9.98e-01	2.15e-03	4.49e-07	0.00e+00	0.00e+00	0.00e+00	0.00e+00	0.00e+00
 3.41636e+17	9.98e-01	2.10e-03	4.42e-07	0.00e+00	0.00e+00	0.00e+00	0.00e+00	0.00e+00
 3.41714e+17	9.98e-01	2.05e-03	4.33e-07	0.00e+00	0.00e+00	0.00e+00	0.00e+00	0.00e+00
 3.41792e+17	9.98e-01	1.98e-03	4.20e-07	0.00e+00	0.00e+00	0.00e+00	0.00e+00	0.00e+00
 3.41862e+17	9.98e-01	1.93e-03	4.12e-07	0.00e+00	0.00e+00	0.00e+00	0.00e+00	0.00e+00
 3.41927e+17	9.98e-01	1.89e-03	4.05e-07	0.00e+00	0.00e+00	0.00e+00	0.00e+00	0.00e+00
###########################
 3.05689e+13	5.91e-04	1.75e-01	7.34e-01	8.78e-02	1.83e-03	1.09e-05	0.00e+00	0.00e+00
 1.83413e+14	5.92e-04	1.75e-01	7.34e-01	8.77e-02	1.82e-03	1.08e-05	0.00e+00	0.00e+00
 7.94792e+14	5.90e-04	1.74e-01	7.36e-01	8.76e-02	1.81e-03	1.08e-05	0.00e+00	0.00e+00
 3.24030e+15	5.93e-04	1.73e-01	7.39e-01	8.60e-02	1.74e-03	1.03e-05	0.00e+00	0.00e+00
 7.74005e+15	5.95e-04	1.68e-01	7.45e-01	8.48e-02	1.65e-03	9.79e-06	0.00e+00	0.00e+00
 1.35897e+16	6.08e-04	1.66e-01	7.50e-01	8.17e-02	1.52e-03	8.97e-06	0.00e+00	0.00e+00
 2.11943e+16	6.36e-04	1.67e-01	7.55e-01	7.66e-02	1.34e-03	7.86e-06	0.00e+00	0.00e+00
 3.10802e+16	6.97e-04	1.73e-01	7.57e-01	6.89e-02	1.11e-03	6.44e-06	0.00e+00	0.00e+00
 4.39319e+16	8.20e-04	1.87e-01	7.53e-01	5.85e-02	8.48e-04	4.78e-06	0.00e+00	0.00e+00
 5.71589e+16	9.85e-04	2.06e-01	7.44e-01	4.89e-02	6.36e-04	3.49e-06	0.00e+00	0.00e+00
 6.74074e+16	1.16e-03	2.25e-01	7.31e-01	4.20e-02	5.03e-04	2.67e-06	0.00e+00	0.00e+00
 7.50853e+16	1.33e-03	2.43e-01	7.18e-01	3.72e-02	4.18e-04	2.16e-06	0.00e+00	0.00e+00
 8.17642e+16	1.50e-03	2.60e-01	7.04e-01	3.33e-02	3.53e-04	1.78e-06	0.00e+00	0.00e+00
 8.93229e+16	1.74e-03	2.83e-01	6.86e-01	2.92e-02	2.90e-04	1.41e-06	0.00e+00	0.00e+00
 9.73271e+16	2.05e-03	3.09e-01	6.64e-01	2.52e-02	2.34e-04	1.09e-06	0.00e+00	0.00e+00
 1.04106e+17	2.33e-03	3.31e-01	6.44e-01	2.24e-02	1.97e-04	8.87e-07	0.00e+00	0.00e+00
 1.11114e+17	2.67e-03	3.56e-01	6.21e-01	1.96e-02	1.64e-04	0.00e+00	0.00e+00	0.00e+00
 1.18973e+17	3.10e-03	3.85e-01	5.94e-01	1.69e-02	1.34e-04	0.00e+00	0.00e+00	0.00e+00
 1.26457e+17	3.57e-03	4.15e-01	5.67e-01	1.46e-02	1.09e-04	0.00e+00	0.00e+00	0.00e+00
 1.33036e+17	4.06e-03	4.43e-01	5.41e-01	1.27e-02	9.14e-05	0.00e+00	0.00e+00	0.00e+00
 1.38958e+17	4.56e-03	4.69e-01	5.15e-01	1.11e-02	7.72e-05	0.00e+00	0.00e+00	0.00e+00
 1.45696e+17	5.24e-03	5.01e-01	4.84e-01	9.36e-03	6.28e-05	0.00e+00	0.00e+00	0.00e+00
 1.53092e+17	6.09e-03	5.37e-01	4.49e-01	7.73e-03	5.00e-05	0.00e+00	0.00e+00	0.00e+00
 1.59991e+17	7.04e-03	5.73e-01	4.14e-01	6.32e-03	3.97e-05	0.00e+00	0.00e+00	0.00e+00
 1.66513e+17	8.13e-03	6.08e-01	3.79e-01	5.13e-03	3.14e-05	0.00e+00	0.00e+00	0.00e+00
 1.72924e+17	9.41e-03	6.44e-01	3.43e-01	4.09e-03	2.45e-05	0.00e+00	0.00e+00	0.00e+00
 1.79275e+17	1.09e-02	6.80e-01	3.06e-01	3.18e-03	1.87e-05	0.00e+00	0.00e+00	0.00e+00
 1.85445e+17	1.28e-02	7.15e-01	2.70e-01	2.43e-03	1.41e-05	0.00e+00	0.00e+00	0.00e+00
 1.91347e+17	1.49e-02	7.49e-01	2.34e-01	1.82e-03	1.05e-05	0.00e+00	0.00e+00	0.00e+00
 1.96997e+17	1.74e-02	7.80e-01	2.01e-01	1.33e-03	7.65e-06	0.00e+00	0.00e+00	0.00e+00
 2.02392e+17	2.04e-02	8.09e-01	1.69e-01	9.55e-04	5.48e-06	0.00e+00	0.00e+00	0.00e+00
 2.07337e+17	2.38e-02	8.34e-01	1.42e-01	6.80e-04	3.91e-06	0.00e+00	0.00e+00	0.00e+00
 2.11648e+17	2.74e-02	8.53e-01	1.19e-01	4.89e-04	2.83e-06	0.00e+00	0.00e+00	0.00e+00
 2.15411e+17	3.13e-02	8.68e-01	9.99e-02	3.56e-04	2.07e-06	0.00e+00	0.00e+00	0.00e+00
 2.18816e+17	3.56e-02	8.80e-01	8.39e-02	2.60e-04	1.52e-06	0.00e+00	0.00e+00	0.00e+00
 2.21977e+17	4.03e-02	8.89e-01	7.02e-02	1.90e-04	1.12e-06	0.00e+00	0.00e+00	0.00e+00
 2.24909e+17	4.56e-02	8.96e-01	5.86e-02	1.39e-04	8.25e-07	0.00e+00	0.00e+00	0.00e+00
 2.27607e+17	5.14e-02	9.00e-01	4.89e-02	1.03e-04	0.00e+00	0.00e+00	0.00e+00	0.00e+00
 2.30096e+17	5.79e-02	9.01e-01	4.07e-02	7.59e-05	0.00e+00	0.00e+00	0.00e+00	0.00e+00
 2.32397e+17	6.49e-02	9.01e-01	3.39e-02	5.67e-05	0.00e+00	0.00e+00	0.00e+00	0.00e+00
 2.34542e+17	7.26e-02	8.99e-01	2.83e-02	4.28e-05	0.00e+00	0.00e+00	0.00e+00	0.00e+00
 2.36580e+17	8.12e-02	8.95e-01	2.36e-02	3.24e-05	0.00e+00	0.00e+00	0.00e+00	0.00e+00
 2.38532e+17	9.07e-02	8.90e-01	1.95e-02	2.48e-05	0.00e+00	0.00e+00	0.00e+00	0.00e+00
 2.40398e+17	1.01e-01	8.83e-01	1.62e-02	1.91e-05	0.00e+00	0.00e+00	0.00e+00	0.00e+00
 2.42185e+17	1.13e-01	8.74e-01	1.34e-02	1.48e-05	0.00e+00	0.00e+00	0.00e+00	0.00e+00
 2.43908e+17	1.26e-01	8.63e-01	1.10e-02	1.16e-05	0.00e+00	0.00e+00	0.00e+00	0.00e+00
 2.45588e+17	1.40e-01	8.51e-01	9.05e-03	9.21e-06	0.00e+00	0.00e+00	0.00e+00	0.00e+00
 2.47236e+17	1.56e-01	8.36e-01	7.39e-03	7.37e-06	0.00e+00	0.00e+00	0.00e+00	0.00e+00
 2.48818e+17	1.74e-01	8.20e-01	6.03e-03	5.98e-06	0.00e+00	0.00e+00	0.00e+00	0.00e+00
 2.50269e+17	1.92e-01	8.03e-01	4.97e-03	4.97e-06	0.00e+00	0.00e+00	0.00e+00	0.00e+00
 2.51587e+17	2.10e-01	7.86e-01	4.15e-03	4.24e-06	0.00e+00	0.00e+00	0.00e+00	0.00e+00
 2.52813e+17	2.28e-01	7.69e-01	3.48e-03	3.67e-06	0.00e+00	0.00e+00	0.00e+00	0.00e+00
 2.53974e+17	2.46e-01	7.51e-01	2.94e-03	3.21e-06	0.00e+00	0.00e+00	0.00e+00	0.00e+00
 2.54879e+17	2.61e-01	7.37e-01	2.58e-03	2.92e-06	0.00e+00	0.00e+00	0.00e+00	0.00e+00
 2.55485e+17	2.71e-01	7.27e-01	2.36e-03	2.75e-06	0.00e+00	0.00e+00	0.00e+00	0.00e+00
 2.56069e+17	2.82e-01	7.16e-01	2.15e-03	2.58e-06	0.00e+00	0.00e+00	0.00e+00	0.00e+00
 2.56764e+17	2.95e-01	7.03e-01	1.92e-03	2.40e-06	0.00e+00	0.00e+00	0.00e+00	0.00e+00
 2.57508e+17	3.09e-01	6.89e-01	1.71e-03	2.22e-06	0.00e+00	0.00e+00	0.00e+00	0.00e+00
 2.58207e+17	3.23e-01	6.75e-01	1.53e-03	2.07e-06	0.00e+00	0.00e+00	0.00e+00	0.00e+00
 2.58859e+17	3.37e-01	6.62e-01	1.37e-03	1.94e-06	0.00e+00	0.00e+00	0.00e+00	0.00e+00
 2.59510e+17	3.51e-01	6.48e-01	1.23e-03	1.83e-06	0.00e+00	0.00e+00	0.00e+00	0.00e+00
 2.60183e+17	3.66e-01	6.33e-01	1.10e-03	1.71e-06	0.00e+00	0.00e+00	0.00e+00	0.00e+00
 2.60858e+17	3.81e-01	6.18e-01	9.76e-04	1.60e-06	0.00e+00	0.00e+00	0.00e+00	0.00e+00
 2.61519e+17	3.96e-01	6.03e-01	8.69e-04	1.51e-06	0.00e+00	0.00e+00	0.00e+00	0.00e+00
 2.62170e+17	4.11e-01	5.88e-01	7.77e-04	1.42e-06	0.00e+00	0.00e+00	0.00e+00	0.00e+00
 2.62828e+17	4.27e-01	5.72e-01	6.89e-04	1.34e-06	0.00e+00	0.00e+00	0.00e+00	0.00e+00
 2.63493e+17	4.43e-01	5.56e-01	6.11e-04	1.25e-06	0.00e+00	0.00e+00	0.00e+00	0.00e+00
 2.64150e+17	4.59e-01	5.41e-01	5.44e-04	1.19e-06	0.00e+00	0.00e+00	0.00e+00	0.00e+00
 2.64819e+17	4.76e-01	5.24e-01	4.79e-04	1.11e-06	0.00e+00	0.00e+00	0.00e+00	0.00e+00
 2.65485e+17	4.92e-01	5.07e-01	4.24e-04	1.05e-06	0.00e+00	0.00e+00	0.00e+00	0.00e+00
 2.66129e+17	5.08e-01	4.92e-01	3.77e-04	9.92e-07	0.00e+00	0.00e+00	0.00e+00	0.00e+00
 2.66799e+17	5.25e-01	4.75e-01	3.31e-04	0.00e+00	0.00e+00	0.00e+00	0.00e+00	0.00e+00
 2.67479e+17	5.41e-01	4.59e-01	2.92e-04	0.00e+00	0.00e+00	0.00e+00	0.00e+00	0.00e+00
 2.68153e+17	5.58e-01	4.42e-01	2.56e-04	0.00e+00	0.00e+00	0.00e+00	0.00e+00	0.00e+00
 2.68821e+17	5.74e-01	4.26e-01	2.27e-04	0.00e+00	0.00e+00	0.00e+00	0.00e+00	0.00e+00
 2.69487e+17	5.90e-01	4.10e-01	1.99e-04	0.00e+00	0.00e+00	0.00e+00	0.00e+00	0.00e+00
 2.70160e+17	6.05e-01	3.94e-01	1.76e-04	0.00e+00	0.00e+00	0.00e+00	0.00e+00	0.00e+00
 2.70838e+17	6.21e-01	3.79e-01	1.55e-04	0.00e+00	0.00e+00	0.00e+00	0.00e+00	0.00e+00
 2.71532e+17	6.36e-01	3.63e-01	1.36e-04	0.00e+00	0.00e+00	0.00e+00	0.00e+00	0.00e+00
 2.72217e+17	6.50e-01	3.50e-01	1.21e-04	0.00e+00	0.00e+00	0.00e+00	0.00e+00	0.00e+00
 2.72878e+17	6.65e-01	3.35e-01	1.07e-04	0.00e+00	0.00e+00	0.00e+00	0.00e+00	0.00e+00
 2.73547e+17	6.78e-01	3.22e-01	9.46e-05	0.00e+00	0.00e+00	0.00e+00	0.00e+00	0.00e+00
 2.74280e+17	6.93e-01	3.07e-01	8.28e-05	0.00e+00	0.00e+00	0.00e+00	0.00e+00	0.00e+00
 2.75064e+17	7.07e-01	2.93e-01	7.26e-05	0.00e+00	0.00e+00	0.00e+00	0.00e+00	0.00e+00
 2.75820e+17	7.21e-01	2.79e-01	6.39e-05	0.00e+00	0.00e+00	0.00e+00	0.00e+00	0.00e+00
 2.76540e+17	7.32e-01	2.68e-01	5.71e-05	0.00e+00	0.00e+00	0.00e+00	0.00e+00	0.00e+00
 2.77264e+17	7.43e-01	2.57e-01	5.09e-05	0.00e+00	0.00e+00	0.00e+00	0.00e+00	0.00e+00
 2.78000e+17	7.54e-01	2.46e-01	4.57e-05	0.00e+00	0.00e+00	0.00e+00	0.00e+00	0.00e+00
 2.78822e+17	7.66e-01	2.34e-01	4.04e-05	0.00e+00	0.00e+00	0.00e+00	0.00e+00	0.00e+00
 2.79693e+17	7.77e-01	2.23e-01	3.59e-05	0.00e+00	0.00e+00	0.00e+00	0.00e+00	0.00e+00
 2.80518e+17	7.87e-01	2.12e-01	3.22e-05	0.00e+00	0.00e+00	0.00e+00	0.00e+00	0.00e+00
 2.81419e+17	7.97e-01	2.03e-01	2.89e-05	0.00e+00	0.00e+00	0.00e+00	0.00e+00	0.00e+00
 2.82370e+17	8.07e-01	1.93e-01	2.60e-05	0.00e+00	0.00e+00	0.00e+00	0.00e+00	0.00e+00
 2.83343e+17	8.16e-01	1.84e-01	2.34e-05	0.00e+00	0.00e+00	0.00e+00	0.00e+00	0.00e+00
 2.84432e+17	8.25e-01	1.75e-01	2.10e-05	0.00e+00	0.00e+00	0.00e+00	0.00e+00	0.00e+00
 2.85594e+17	8.34e-01	1.66e-01	1.90e-05	0.00e+00	0.00e+00	0.00e+00	0.00e+00	0.00e+00
 2.86779e+17	8.41e-01	1.59e-01	1.74e-05	0.00e+00	0.00e+00	0.00e+00	0.00e+00	0.00e+00
 2.88029e+17	8.49e-01	1.51e-01	1.58e-05	0.00e+00	0.00e+00	0.00e+00	0.00e+00	0.00e+00
 2.89354e+17	8.56e-01	1.44e-01	1.46e-05	0.00e+00	0.00e+00	0.00e+00	0.00e+00	0.00e+00
 2.90732e+17	8.63e-01	1.37e-01	1.35e-05	0.00e+00	0.00e+00	0.00e+00	0.00e+00	0.00e+00
 2.92203e+17	8.68e-01	1.32e-01	1.25e-05	0.00e+00	0.00e+00	0.00e+00	0.00e+00	0.00e+00
 2.93788e+17	8.75e-01	1.25e-01	1.15e-05	0.00e+00	0.00e+00	0.00e+00	0.00e+00	0.00e+00
 2.95397e+17	8.80e-01	1.20e-01	1.08e-05	0.00e+00	0.00e+00	0.00e+00	0.00e+00	0.00e+00
 2.96994e+17	8.86e-01	1.14e-01	1.01e-05	0.00e+00	0.00e+00	0.00e+00	0.00e+00	0.00e+00
 2.98606e+17	8.90e-01	1.10e-01	9.50e-06	0.00e+00	0.00e+00	0.00e+00	0.00e+00	0.00e+00
 3.00279e+17	8.95e-01	1.05e-01	8.94e-06	0.00e+00	0.00e+00	0.00e+00	0.00e+00	0.00e+00
 3.02022e+17	9.00e-01	1.00e-01	8.39e-06	0.00e+00	0.00e+00	0.00e+00	0.00e+00	0.00e+00
 3.03711e+17	9.05e-01	9.55e-02	7.90e-06	0.00e+00	0.00e+00	0.00e+00	0.00e+00	0.00e+00
 3.05305e+17	9.08e-01	9.17e-02	7.50e-06	0.00e+00	0.00e+00	0.00e+00	0.00e+00	0.00e+00
 3.06844e+17	9.12e-01	8.79e-02	7.13e-06	0.00e+00	0.00e+00	0.00e+00	0.00e+00	0.00e+00
 3.08371e+17	9.16e-01	8.39e-02	6.76e-06	0.00e+00	0.00e+00	0.00e+00	0.00e+00	0.00e+00
 3.09868e+17	9.19e-01	8.07e-02	6.46e-06	0.00e+00	0.00e+00	0.00e+00	0.00e+00	0.00e+00
 3.11293e+17	9.23e-01	7.73e-02	6.16e-06	0.00e+00	0.00e+00	0.00e+00	0.00e+00	0.00e+00
 3.12650e+17	9.26e-01	7.42e-02	5.90e-06	0.00e+00	0.00e+00	0.00e+00	0.00e+00	0.00e+00
 3.13950e+17	9.29e-01	7.10e-02	5.65e-06	0.00e+00	0.00e+00	0.00e+00	0.00e+00	0.00e+00
 3.15207e+17	9.32e-01	6.83e-02	5.43e-06	0.00e+00	0.00e+00	0.00e+00	0.00e+00	0.00e+00
 3.16417e+17	9.34e-01	6.57e-02	5.22e-06	0.00e+00	0.00e+00	0.00e+00	0.00e+00	0.00e+00
 3.17571e+17	9.37e-01	6.34e-02	5.07e-06	0.00e+00	0.00e+00	0.00e+00	0.00e+00	0.00e+00
 3.18830e+17	9.40e-01	6.02e-02	4.82e-06	0.00e+00	0.00e+00	0.00e+00	0.00e+00	0.00e+00
 3.20025e+17	9.42e-01	5.76e-02	4.64e-06	0.00e+00	0.00e+00	0.00e+00	0.00e+00	0.00e+00
 3.20946e+17	9.44e-01	5.59e-02	4.52e-06	0.00e+00	0.00e+00	0.00e+00	0.00e+00	0.00e+00
 3.21866e+17	9.46e-01	5.38e-02	4.37e-06	0.00e+00	0.00e+00	0.00e+00	0.00e+00	0.00e+00
 3.22828e+17	9.48e-01	5.20e-02	4.26e-06	0.00e+00	0.00e+00	0.00e+00	0.00e+00	0.00e+00
 3.23794e+17	9.51e-01	4.95e-02	4.09e-06	0.00e+00	0.00e+00	0.00e+00	0.00e+00	0.00e+00
 3.24679e+17	9.52e-01	4.76e-02	3.96e-06	0.00e+00	0.00e+00	0.00e+00	0.00e+00	0.00e+00
 3.25391e+17	9.54e-01	4.64e-02	3.89e-06	0.00e+00	0.00e+00	0.00e+00	0.00e+00	0.00e+00
 3.26156e+17	9.55e-01	4.46e-02	3.76e-06	0.00e+00	0.00e+00	0.00e+00	0.00e+00	0.00e+00
 3.26940e+17	9.57e-01	4.28e-02	3.66e-06	0.00e+00	0.00e+00	0.00e+00	0.00e+00	0.00e+00
 3.27593e+17	9.58e-01	4.16e-02	3.59e-06	0.00e+00	0.00e+00	0.00e+00	0.00e+00	0.00e+00
 3.28248e+17	9.60e-01	3.99e-02	3.48e-06	0.00e+00	0.00e+00	0.00e+00	0.00e+00	0.00e+00
 3.28886e+17	9.61e-01	3.87e-02	3.41e-06	0.00e+00	0.00e+00	0.00e+00	0.00e+00	0.00e+00
 3.29475e+17	9.62e-01	3.81e-02	3.36e-06	0.00e+00	0.00e+00	0.00e+00	0.00e+00	0.00e+00
 3.30172e+17	9.63e-01	3.69e-02	3.29e-06	0.00e+00	0.00e+00	0.00e+00	0.00e+00	0.00e+00
 3.30992e+17	9.65e-01	3.48e-02	3.18e-06	0.00e+00	0.00e+00	0.00e+00	0.00e+00	0.00e+00
 3.31679e+17	9.67e-01	3.33e-02	3.09e-06	0.00e+00	0.00e+00	0.00e+00	0.00e+00	0.00e+00
 3.32137e+17	9.67e-01	3.28e-02	3.05e-06	0.00e+00	0.00e+00	0.00e+00	0.00e+00	0.00e+00
 3.32587e+17	9.68e-01	3.21e-02	3.01e-06	0.00e+00	0.00e+00	0.00e+00	0.00e+00	0.00e+00
 3.33160e+17	9.70e-01	3.05e-02	2.91e-06	0.00e+00	0.00e+00	0.00e+00	0.00e+00	0.00e+00
 3.33691e+17	9.71e-01	2.91e-02	2.84e-06	0.00e+00	0.00e+00	0.00e+00	0.00e+00	0.00e+00
 3.34053e+17	9.71e-01	2.87e-02	2.81e-06	0.00e+00	0.00e+00	0.00e+00	0.00e+00	0.00e+00
 3.34399e+17	9.72e-01	2.81e-02	2.77e-06	0.00e+00	0.00e+00	0.00e+00	0.00e+00	0.00e+00
 3.34849e+17	9.73e-01	2.67e-02	2.69e-06	0.00e+00	0.00e+00	0.00e+00	0.00e+00	0.00e+00
 3.35270e+17	9.74e-01	2.56e-02	2.63e-06	0.00e+00	0.00e+00	0.00e+00	0.00e+00	0.00e+00
 3.35555e+17	9.75e-01	2.52e-02	2.60e-06	0.00e+00	0.00e+00	0.00e+00	0.00e+00	0.00e+00
 3.35827e+17	9.75e-01	2.47e-02	2.57e-06	0.00e+00	0.00e+00	0.00e+00	0.00e+00	0.00e+00
 3.36181e+17	9.76e-01	2.36e-02	2.51e-06	0.00e+00	0.00e+00	0.00e+00	0.00e+00	0.00e+00
 3.36515e+17	9.77e-01	2.25e-02	2.45e-06	0.00e+00	0.00e+00	0.00e+00	0.00e+00	0.00e+00
 3.36740e+17	9.78e-01	2.22e-02	2.42e-06	0.00e+00	0.00e+00	0.00e+00	0.00e+00	0.00e+00
 3.36952e+17	9.78e-01	2.18e-02	2.40e-06	0.00e+00	0.00e+00	0.00e+00	0.00e+00	0.00e+00
 3.37226e+17	9.79e-01	2.09e-02	2.34e-06	0.00e+00	0.00e+00	0.00e+00	0.00e+00	0.00e+00
 3.37492e+17	9.80e-01	1.99e-02	2.29e-06	0.00e+00	0.00e+00	0.00e+00	0.00e+00	0.00e+00
 3.37682e+17	9.80e-01	1.95e-02	2.26e-06	0.00e+00	0.00e+00	0.00e+00	0.00e+00	0.00e+00
 3.37861e+17	9.81e-01	1.92e-02	2.24e-06	0.00e+00	0.00e+00	0.00e+00	0.00e+00	0.00e+00
 3.38094e+17	9.82e-01	1.83e-02	2.18e-06	0.00e+00	0.00e+00	0.00e+00	0.00e+00	0.00e+00
 3.38319e+17	9.83e-01	1.74e-02	2.13e-06	0.00e+00	0.00e+00	0.00e+00	0.00e+00	0.00e+00
 3.38478e+17	9.83e-01	1.70e-02	2.10e-06	0.00e+00	0.00e+00	0.00e+00	0.00e+00	0.00e+00
 3.38627e+17	9.83e-01	1.67e-02	2.08e-06	0.00e+00	0.00e+00	0.00e+00	0.00e+00	0.00e+00
 3.38822e+17	9.84e-01	1.59e-02	2.03e-06	0.00e+00	0.00e+00	0.00e+00	0.00e+00	0.00e+00
 3.39016e+17	9.85e-01	1.51e-02	1.97e-06	0.00e+00	0.00e+00	0.00e+00	0.00e+00	0.00e+00
 3.39164e+17	9.86e-01	1.45e-02	1.93e-06	0.00e+00	0.00e+00	0.00e+00	0.00e+00	0.00e+00
 3.39287e+17	9.86e-01	1.42e-02	1.91e-06	0.00e+00	0.00e+00	0.00e+00	0.00e+00	0.00e+00
 3.39423e+17	9.86e-01	1.36e-02	1.87e-06	0.00e+00	0.00e+00	0.00e+00	0.00e+00	0.00e+00
 3.39576e+17	9.87e-01	1.27e-02	1.80e-06	0.00e+00	0.00e+00	0.00e+00	0.00e+00	0.00e+00
 3.39699e+17	9.88e-01	1.15e-02	1.71e-06	0.00e+00	0.00e+00	0.00e+00	0.00e+00	0.00e+00
 3.39772e+17	9.89e-01	1.13e-02	1.69e-06	0.00e+00	0.00e+00	0.00e+00	0.00e+00	0.00e+00
 3.39835e+17	9.89e-01	1.08e-02	1.65e-06	0.00e+00	0.00e+00	0.00e+00	0.00e+00	0.00e+00
 3.39903e+17	9.90e-01	1.02e-02	1.60e-06	0.00e+00	0.00e+00	0.00e+00	0.00e+00	0.00e+00
 3.39966e+17	9.96e-01	4.12e-03	8.04e-07	0.00e+00	0.00e+00	0.00e+00	0.00e+00	0.00e+00
 3.40022e+17	9.96e-01	3.95e-03	7.72e-07	0.00e+00	0.00e+00	0.00e+00	0.00e+00	0.00e+00
 3.40074e+17	9.96e-01	3.83e-03	7.51e-07	0.00e+00	0.00e+00	0.00e+00	0.00e+00	0.00e+00
 3.40120e+17	9.96e-01	3.75e-03	7.37e-07	0.00e+00	0.00e+00	0.00e+00	0.00e+00	0.00e+00
 3.40163e+17	9.96e-01	3.68e-03	7.24e-07	0.00e+00	0.00e+00	0.00e+00	0.00e+00	0.00e+00
 3.40202e+17	9.96e-01	3.62e-03	7.11e-07	0.00e+00	0.00e+00	0.00e+00	0.00e+00	0.00e+00
 3.40244e+17	9.96e-01	3.56e-03	7.00e-07	0.00e+00	0.00e+00	0.00e+00	0.00e+00	0.00e+00
 3.40299e+17	9.97e-01	3.48e-03	6.88e-07	0.00e+00	0.00e+00	0.00e+00	0.00e+00	0.00e+00
 3.40359e+17	9.97e-01	3.37e-03	6.68e-07	0.00e+00	0.00e+00	0.00e+00	0.00e+00	0.00e+00
 3.40413e+17	9.97e-01	3.28e-03	6.50e-07	0.00e+00	0.00e+00	0.00e+00	0.00e+00	0.00e+00
 3.40463e+17	9.97e-01	3.22e-03	6.40e-07	0.00e+00	0.00e+00	0.00e+00	0.00e+00	0.00e+00
 3.40517e+17	9.97e-01	3.16e-03	6.29e-07	0.00e+00	0.00e+00	0.00e+00	0.00e+00	0.00e+00
 3.40587e+17	9.97e-01	3.06e-03	6.11e-07	0.00e+00	0.00e+00	0.00e+00	0.00e+00	0.00e+00
 3.40663e+17	9.97e-01	2.95e-03	5.92e-07	0.00e+00	0.00e+00	0.00e+00	0.00e+00	0.00e+00
 3.40732e+17	9.97e-01	2.86e-03	5.75e-07	0.00e+00	0.00e+00	0.00e+00	0.00e+00	0.00e+00
 3.40795e+17	9.97e-01	2.81e-03	5.66e-07	0.00e+00	0.00e+00	0.00e+00	0.00e+00	0.00e+00
 3.40863e+17	9.97e-01	2.75e-03	5.56e-07	0.00e+00	0.00e+00	0.00e+00	0.00e+00	0.00e+00
 3.40935e+17	9.97e-01	2.66e-03	5.40e-07	0.00e+00	0.00e+00	0.00e+00	0.00e+00	0.00e+00
 3.41001e+17	9.97e-01	2.61e-03	5.30e-07	0.00e+00	0.00e+00	0.00e+00	0.00e+00	0.00e+00
 3.41061e+17	9.97e-01	2.56e-03	5.21e-07	0.00e+00	0.00e+00	0.00e+00	0.00e+00	0.00e+00
 3.41123e+17	9.97e-01	2.51e-03	5.13e-07	0.00e+00	0.00e+00	0.00e+00	0.00e+00	0.00e+00
 3.41202e+17	9.98e-01	2.43e-03	4.99e-07	0.00e+00	0.00e+00	0.00e+00	0.00e+00	0.00e+00
 3.41286e+17	9.98e-01	2.34e-03	4.83e-07	0.00e+00	0.00e+00	0.00e+00	0.00e+00	0.00e+00
 3.41363e+17	9.98e-01	2.27e-03	4.71e-07	0.00e+00	0.00e+00	0.00e+00	0.00e+00	0.00e+00
 3.41434e+17	9.98e-01	2.23e-03	4.63e-07	0.00e+00	0.00e+00	0.00e+00	0.00e+00	0.00e+00
 3.41505e+17	9.98e-01	2.18e-03	4.55e-07	0.00e+00	0.00e+00	0.00e+00	0.00e+00	0.00e+00
 3.41578e+17	9.98e-01	2.13e-03	4.46e-07	0.00e+00	0.00e+00	0.00e+00	0.00e+00	0.00e+00
 3.41645e+17	9.98e-01	2.08e-03	4.38e-07	0.00e+00	0.00e+00	0.00e+00	0.00e+00	0.00e+00
 3.41705e+17	9.98e-01	2.04e-03	4.30e-07	0.00e+00	0.00e+00	0.00e+00	0.00e+00	0.00e+00
 3.41764e+17	9.98e-01	2.00e-03	4.23e-07	0.00e+00	0.00e+00	0.00e+00	0.00e+00	0.00e+00
 3.41833e+17	9.98e-01	1.95e-03	4.15e-07	0.00e+00	0.00e+00	0.00e+00	0.00e+00	0.00e+00
 3.41906e+17	9.98e-01	1.88e-03	4.03e-07	0.00e+00	0.00e+00	0.00e+00	0.00e+00	0.00e+00
