#depth	N  1	N  2	N  3	N  4	N  5	N  6	N  7	N  8
 1.16948e+13	8.58e-03	6.58e-01	3.24e-01	9.10e-03	2.14e-04	1.46e-06	0.00e+00	0.00e+00
 7.01687e+13	8.60e-03	6.58e-01	3.24e-01	9.11e-03	2.14e-04	1.46e-06	0.00e+00	0.00e+00
 3.04064e+14	8.64e-03	6.58e-01	3.24e-01	9.13e-03	2.15e-04	1.47e-06	0.00e+00	0.00e+00
 1.23965e+15	8.79e-03	6.57e-01	3.25e-01	9.09e-03	2.14e-04	1.45e-06	0.00e+00	0.00e+00
 2.96112e+15	8.99e-03	6.49e-01	3.33e-01	9.46e-03	2.22e-04	1.53e-06	0.00e+00	0.00e+00
 5.19903e+15	9.29e-03	6.45e-01	3.36e-01	9.51e-03	2.23e-04	1.54e-06	0.00e+00	0.00e+00
 8.10832e+15	9.70e-03	6.45e-01	3.36e-01	9.28e-03	2.18e-04	1.48e-06	0.00e+00	0.00e+00
 1.18904e+16	1.03e-02	6.51e-01	3.30e-01	8.64e-03	2.04e-04	1.33e-06	0.00e+00	0.00e+00
 1.62981e+16	1.10e-02	6.61e-01	3.20e-01	7.81e-03	1.86e-04	1.14e-06	0.00e+00	0.00e+00
 2.10329e+16	1.20e-02	6.78e-01	3.03e-01	6.70e-03	1.61e-04	9.16e-07	0.00e+00	0.00e+00
 2.64225e+16	1.35e-02	7.04e-01	2.78e-01	5.35e-03	1.31e-04	0.00e+00	0.00e+00	0.00e+00
 3.27175e+16	1.57e-02	7.38e-01	2.42e-01	3.89e-03	9.71e-05	0.00e+00	0.00e+00	0.00e+00
 3.89837e+16	1.84e-02	7.73e-01	2.06e-01	2.72e-03	6.94e-05	0.00e+00	0.00e+00	0.00e+00
 4.41604e+16	2.13e-02	8.03e-01	1.74e-01	1.94e-03	5.02e-05	0.00e+00	0.00e+00	0.00e+00
 4.84481e+16	2.43e-02	8.26e-01	1.48e-01	1.41e-03	3.69e-05	0.00e+00	0.00e+00	0.00e+00
 5.24311e+16	2.78e-02	8.47e-01	1.24e-01	1.03e-03	2.69e-05	0.00e+00	0.00e+00	0.00e+00
 5.63667e+16	3.20e-02	8.65e-01	1.03e-01	7.32e-04	1.91e-05	0.00e+00	0.00e+00	0.00e+00
 6.02485e+16	3.73e-02	8.79e-01	8.30e-02	5.15e-04	1.32e-05	0.00e+00	0.00e+00	0.00e+00
 6.38752e+16	4.34e-02	8.90e-01	6.65e-02	3.64e-04	9.07e-06	0.00e+00	0.00e+00	0.00e+00
 6.70256e+16	5.01e-02	8.96e-01	5.37e-02	2.65e-04	6.31e-06	0.00e+00	0.00e+00	0.00e+00
 6.97352e+16	5.71e-02	8.99e-01	4.39e-02	2.01e-04	4.54e-06	0.00e+00	0.00e+00	0.00e+00
 7.21967e+16	6.46e-02	8.99e-01	3.62e-02	1.57e-04	3.30e-06	0.00e+00	0.00e+00	0.00e+00
 7.45685e+16	7.33e-02	8.97e-01	2.96e-02	1.23e-04	2.40e-06	0.00e+00	0.00e+00	0.00e+00
 7.68688e+16	8.34e-02	8.92e-01	2.41e-02	9.76e-05	1.73e-06	0.00e+00	0.00e+00	0.00e+00
 7.90523e+16	9.46e-02	8.86e-01	1.95e-02	7.87e-05	1.25e-06	0.00e+00	0.00e+00	0.00e+00
 8.11183e+16	1.07e-01	8.77e-01	1.59e-02	6.45e-05	9.09e-07	0.00e+00	0.00e+00	0.00e+00
 8.31144e+16	1.21e-01	8.66e-01	1.29e-02	5.36e-05	0.00e+00	0.00e+00	0.00e+00	0.00e+00
 8.50852e+16	1.37e-01	8.53e-01	1.04e-02	4.49e-05	0.00e+00	0.00e+00	0.00e+00	0.00e+00
 8.70046e+16	1.55e-01	8.37e-01	8.33e-03	3.80e-05	0.00e+00	0.00e+00	0.00e+00	0.00e+00
 8.87687e+16	1.73e-01	8.20e-01	6.76e-03	3.27e-05	0.00e+00	0.00e+00	0.00e+00	0.00e+00
 9.03308e+16	1.91e-01	8.03e-01	5.60e-03	2.89e-05	0.00e+00	0.00e+00	0.00e+00	0.00e+00
 9.17592e+16	2.09e-01	7.86e-01	4.70e-03	2.59e-05	0.00e+00	0.00e+00	0.00e+00	0.00e+00
 9.31521e+16	2.27e-01	7.69e-01	3.95e-03	2.33e-05	0.00e+00	0.00e+00	0.00e+00	0.00e+00
 9.45311e+16	2.47e-01	7.50e-01	3.31e-03	2.10e-05	0.00e+00	0.00e+00	0.00e+00	0.00e+00
 9.58411e+16	2.67e-01	7.30e-01	2.80e-03	1.91e-05	0.00e+00	0.00e+00	0.00e+00	0.00e+00
 9.68434e+16	2.83e-01	7.15e-01	2.46e-03	1.78e-05	0.00e+00	0.00e+00	0.00e+00	0.00e+00
 9.75080e+16	2.93e-01	7.05e-01	2.27e-03	1.71e-05	0.00e+00	0.00e+00	0.00e+00	0.00e+00
 9.81784e+16	3.03e-01	6.95e-01	2.08e-03	1.64e-05	0.00e+00	0.00e+00	0.00e+00	0.00e+00
 9.90501e+16	3.18e-01	6.80e-01	1.86e-03	1.54e-05	0.00e+00	0.00e+00	0.00e+00	0.00e+00
 9.99925e+16	3.35e-01	6.64e-01	1.64e-03	1.44e-05	0.00e+00	0.00e+00	0.00e+00	0.00e+00
 1.00815e+17	3.49e-01	6.49e-01	1.47e-03	1.36e-05	0.00e+00	0.00e+00	0.00e+00	0.00e+00
 1.01553e+17	3.62e-01	6.37e-01	1.34e-03	1.31e-05	0.00e+00	0.00e+00	0.00e+00	0.00e+00
 1.02357e+17	3.76e-01	6.23e-01	1.20e-03	1.23e-05	0.00e+00	0.00e+00	0.00e+00	0.00e+00
 1.03247e+17	3.93e-01	6.06e-01	1.07e-03	1.16e-05	0.00e+00	0.00e+00	0.00e+00	0.00e+00
 1.04110e+17	4.08e-01	5.91e-01	9.59e-04	1.10e-05	0.00e+00	0.00e+00	0.00e+00	0.00e+00
 1.04930e+17	4.23e-01	5.76e-01	8.63e-04	1.04e-05	0.00e+00	0.00e+00	0.00e+00	0.00e+00
 1.05756e+17	4.38e-01	5.61e-01	7.77e-04	9.88e-06	0.00e+00	0.00e+00	0.00e+00	0.00e+00
 1.06622e+17	4.53e-01	5.46e-01	6.99e-04	9.38e-06	0.00e+00	0.00e+00	0.00e+00	0.00e+00
 1.07531e+17	4.70e-01	5.29e-01	6.23e-04	8.83e-06	0.00e+00	0.00e+00	0.00e+00	0.00e+00
 1.08445e+17	4.86e-01	5.14e-01	5.60e-04	8.37e-06	0.00e+00	0.00e+00	0.00e+00	0.00e+00
 1.09348e+17	5.01e-01	4.98e-01	5.02e-04	7.91e-06	0.00e+00	0.00e+00	0.00e+00	0.00e+00
 1.10278e+17	5.17e-01	4.83e-01	4.53e-04	7.51e-06	0.00e+00	0.00e+00	0.00e+00	0.00e+00
 1.11264e+17	5.33e-01	4.67e-01	4.05e-04	7.08e-06	0.00e+00	0.00e+00	0.00e+00	0.00e+00
 1.12289e+17	5.49e-01	4.51e-01	3.64e-04	6.70e-06	0.00e+00	0.00e+00	0.00e+00	0.00e+00
 1.13326e+17	5.64e-01	4.36e-01	3.27e-04	6.32e-06	0.00e+00	0.00e+00	0.00e+00	0.00e+00
 1.14395e+17	5.79e-01	4.21e-01	2.96e-04	5.99e-06	0.00e+00	0.00e+00	0.00e+00	0.00e+00
 1.15555e+17	5.94e-01	4.05e-01	2.66e-04	5.64e-06	0.00e+00	0.00e+00	0.00e+00	0.00e+00
 1.16779e+17	6.09e-01	3.91e-01	2.40e-04	5.34e-06	0.00e+00	0.00e+00	0.00e+00	0.00e+00
 1.18027e+17	6.24e-01	3.76e-01	2.17e-04	5.03e-06	0.00e+00	0.00e+00	0.00e+00	0.00e+00
 1.19312e+17	6.37e-01	3.63e-01	1.98e-04	4.79e-06	0.00e+00	0.00e+00	0.00e+00	0.00e+00
 1.20644e+17	6.50e-01	3.49e-01	1.80e-04	4.52e-06	0.00e+00	0.00e+00	0.00e+00	0.00e+00
 1.22055e+17	6.62e-01	3.38e-01	1.66e-04	4.31e-06	0.00e+00	0.00e+00	0.00e+00	0.00e+00
 1.23474e+17	6.73e-01	3.27e-01	1.54e-04	4.12e-06	0.00e+00	0.00e+00	0.00e+00	0.00e+00
 1.25005e+17	6.85e-01	3.15e-01	1.41e-04	3.90e-06	0.00e+00	0.00e+00	0.00e+00	0.00e+00
 1.26769e+17	6.96e-01	3.04e-01	1.30e-04	3.71e-06	0.00e+00	0.00e+00	0.00e+00	0.00e+00
 1.28510e+17	7.07e-01	2.93e-01	1.21e-04	3.54e-06	0.00e+00	0.00e+00	0.00e+00	0.00e+00
 1.30395e+17	7.17e-01	2.83e-01	1.13e-04	3.37e-06	0.00e+00	0.00e+00	0.00e+00	0.00e+00
 1.32846e+17	7.29e-01	2.71e-01	1.03e-04	3.17e-06	0.00e+00	0.00e+00	0.00e+00	0.00e+00
 1.35635e+17	7.41e-01	2.59e-01	9.51e-05	2.99e-06	0.00e+00	0.00e+00	0.00e+00	0.00e+00
 1.38434e+17	7.51e-01	2.49e-01	8.82e-05	2.83e-06	0.00e+00	0.00e+00	0.00e+00	0.00e+00
 1.41577e+17	7.61e-01	2.39e-01	8.20e-05	2.68e-06	0.00e+00	0.00e+00	0.00e+00	0.00e+00
 1.44924e+17	7.72e-01	2.28e-01	7.61e-05	2.52e-06	0.00e+00	0.00e+00	0.00e+00	0.00e+00
 1.48380e+17	7.81e-01	2.19e-01	7.11e-05	2.39e-06	0.00e+00	0.00e+00	0.00e+00	0.00e+00
 1.52205e+17	7.91e-01	2.09e-01	6.63e-05	2.25e-06	0.00e+00	0.00e+00	0.00e+00	0.00e+00
 1.56087e+17	8.00e-01	2.00e-01	6.20e-05	2.12e-06	0.00e+00	0.00e+00	0.00e+00	0.00e+00
 1.60074e+17	8.09e-01	1.91e-01	5.82e-05	2.00e-06	0.00e+00	0.00e+00	0.00e+00	0.00e+00
 1.64310e+17	8.19e-01	1.81e-01	5.44e-05	1.87e-06	0.00e+00	0.00e+00	0.00e+00	0.00e+00
 1.68751e+17	8.27e-01	1.73e-01	5.11e-05	1.76e-06	0.00e+00	0.00e+00	0.00e+00	0.00e+00
 1.73157e+17	8.36e-01	1.64e-01	4.81e-05	1.64e-06	0.00e+00	0.00e+00	0.00e+00	0.00e+00
 1.77624e+17	8.44e-01	1.56e-01	4.54e-05	1.54e-06	0.00e+00	0.00e+00	0.00e+00	0.00e+00
 1.82336e+17	8.52e-01	1.48e-01	4.29e-05	1.45e-06	0.00e+00	0.00e+00	0.00e+00	0.00e+00
 1.86714e+17	8.59e-01	1.41e-01	4.07e-05	1.35e-06	0.00e+00	0.00e+00	0.00e+00	0.00e+00
 1.90479e+17	8.66e-01	1.34e-01	3.89e-05	1.28e-06	0.00e+00	0.00e+00	0.00e+00	0.00e+00
 1.94150e+17	8.71e-01	1.29e-01	3.73e-05	1.21e-06	0.00e+00	0.00e+00	0.00e+00	0.00e+00
 1.97788e+17	8.77e-01	1.23e-01	3.59e-05	1.15e-06	0.00e+00	0.00e+00	0.00e+00	0.00e+00
 2.01190e+17	8.82e-01	1.18e-01	3.46e-05	1.09e-06	0.00e+00	0.00e+00	0.00e+00	0.00e+00
 2.04611e+17	8.87e-01	1.13e-01	3.33e-05	1.03e-06	0.00e+00	0.00e+00	0.00e+00	0.00e+00
 2.07913e+17	8.92e-01	1.08e-01	3.21e-05	9.79e-07	0.00e+00	0.00e+00	0.00e+00	0.00e+00
 2.10950e+17	8.96e-01	1.04e-01	3.11e-05	0.00e+00	0.00e+00	0.00e+00	0.00e+00	0.00e+00
 2.13800e+17	9.00e-01	1.00e-01	3.01e-05	0.00e+00	0.00e+00	0.00e+00	0.00e+00	0.00e+00
 2.16470e+17	9.04e-01	9.60e-02	2.92e-05	0.00e+00	0.00e+00	0.00e+00	0.00e+00	0.00e+00
 2.19118e+17	9.07e-01	9.25e-02	2.84e-05	0.00e+00	0.00e+00	0.00e+00	0.00e+00	0.00e+00
 2.21643e+17	9.11e-01	8.89e-02	2.76e-05	0.00e+00	0.00e+00	0.00e+00	0.00e+00	0.00e+00
 2.23960e+17	9.14e-01	8.58e-02	2.69e-05	0.00e+00	0.00e+00	0.00e+00	0.00e+00	0.00e+00
 2.26186e+17	9.17e-01	8.28e-02	2.62e-05	0.00e+00	0.00e+00	0.00e+00	0.00e+00	0.00e+00
 2.28317e+17	9.20e-01	7.99e-02	2.56e-05	0.00e+00	0.00e+00	0.00e+00	0.00e+00	0.00e+00
 2.30362e+17	9.23e-01	7.71e-02	2.49e-05	0.00e+00	0.00e+00	0.00e+00	0.00e+00	0.00e+00
 2.32310e+17	9.25e-01	7.50e-02	2.44e-05	0.00e+00	0.00e+00	0.00e+00	0.00e+00	0.00e+00
 2.34192e+17	9.27e-01	7.34e-02	2.39e-05	0.00e+00	0.00e+00	0.00e+00	0.00e+00	0.00e+00
 2.36053e+17	9.29e-01	7.09e-02	2.33e-05	0.00e+00	0.00e+00	0.00e+00	0.00e+00	0.00e+00
 2.37889e+17	9.31e-01	6.86e-02	2.28e-05	0.00e+00	0.00e+00	0.00e+00	0.00e+00	0.00e+00
 2.39599e+17	9.34e-01	6.63e-02	2.22e-05	0.00e+00	0.00e+00	0.00e+00	0.00e+00	0.00e+00
 2.41105e+17	9.36e-01	6.43e-02	2.18e-05	0.00e+00	0.00e+00	0.00e+00	0.00e+00	0.00e+00
 2.42476e+17	9.37e-01	6.30e-02	2.15e-05	0.00e+00	0.00e+00	0.00e+00	0.00e+00	0.00e+00
 2.43934e+17	9.39e-01	6.05e-02	2.10e-05	0.00e+00	0.00e+00	0.00e+00	0.00e+00	0.00e+00
 2.45368e+17	9.42e-01	5.83e-02	2.05e-05	0.00e+00	0.00e+00	0.00e+00	0.00e+00	0.00e+00
 2.46552e+17	9.43e-01	5.67e-02	2.01e-05	0.00e+00	0.00e+00	0.00e+00	0.00e+00	0.00e+00
 2.47600e+17	9.44e-01	5.56e-02	1.99e-05	0.00e+00	0.00e+00	0.00e+00	0.00e+00	0.00e+00
 2.48760e+17	9.46e-01	5.37e-02	1.95e-05	0.00e+00	0.00e+00	0.00e+00	0.00e+00	0.00e+00
 2.49933e+17	9.48e-01	5.18e-02	1.90e-05	0.00e+00	0.00e+00	0.00e+00	0.00e+00	0.00e+00
 2.50819e+17	9.49e-01	5.08e-02	1.88e-05	0.00e+00	0.00e+00	0.00e+00	0.00e+00	0.00e+00
 2.51668e+17	9.50e-01	4.99e-02	1.86e-05	0.00e+00	0.00e+00	0.00e+00	0.00e+00	0.00e+00
 2.52687e+17	9.52e-01	4.78e-02	1.81e-05	0.00e+00	0.00e+00	0.00e+00	0.00e+00	0.00e+00
 2.53591e+17	9.53e-01	4.73e-02	1.80e-05	0.00e+00	0.00e+00	0.00e+00	0.00e+00	0.00e+00
 2.54429e+17	9.53e-01	4.68e-02	1.79e-05	0.00e+00	0.00e+00	0.00e+00	0.00e+00	0.00e+00
 2.55518e+17	9.55e-01	4.51e-02	1.75e-05	0.00e+00	0.00e+00	0.00e+00	0.00e+00	0.00e+00
 2.56613e+17	9.57e-01	4.32e-02	1.71e-05	0.00e+00	0.00e+00	0.00e+00	0.00e+00	0.00e+00
 2.57378e+17	9.58e-01	4.23e-02	1.69e-05	0.00e+00	0.00e+00	0.00e+00	0.00e+00	0.00e+00
 2.58034e+17	9.58e-01	4.19e-02	1.68e-05	0.00e+00	0.00e+00	0.00e+00	0.00e+00	0.00e+00
 2.58871e+17	9.60e-01	4.02e-02	1.64e-05	0.00e+00	0.00e+00	0.00e+00	0.00e+00	0.00e+00
 2.59638e+17	9.61e-01	3.87e-02	1.60e-05	0.00e+00	0.00e+00	0.00e+00	0.00e+00	0.00e+00
 2.60145e+17	9.62e-01	3.81e-02	1.59e-05	0.00e+00	0.00e+00	0.00e+00	0.00e+00	0.00e+00
 2.60623e+17	9.62e-01	3.78e-02	1.58e-05	0.00e+00	0.00e+00	0.00e+00	0.00e+00	0.00e+00
 2.61244e+17	9.64e-01	3.63e-02	1.54e-05	0.00e+00	0.00e+00	0.00e+00	0.00e+00	0.00e+00
 2.61814e+17	9.65e-01	3.49e-02	1.51e-05	0.00e+00	0.00e+00	0.00e+00	0.00e+00	0.00e+00
 2.62189e+17	9.65e-01	3.46e-02	1.50e-05	0.00e+00	0.00e+00	0.00e+00	0.00e+00	0.00e+00
 2.62548e+17	9.66e-01	3.44e-02	1.49e-05	0.00e+00	0.00e+00	0.00e+00	0.00e+00	0.00e+00
 2.63015e+17	9.66e-01	3.35e-02	1.47e-05	0.00e+00	0.00e+00	0.00e+00	0.00e+00	0.00e+00
 2.63516e+17	9.68e-01	3.15e-02	1.42e-05	0.00e+00	0.00e+00	0.00e+00	0.00e+00	0.00e+00
 2.63853e+17	9.69e-01	3.10e-02	1.41e-05	0.00e+00	0.00e+00	0.00e+00	0.00e+00	0.00e+00
 2.64083e+17	9.69e-01	3.12e-02	1.41e-05	0.00e+00	0.00e+00	0.00e+00	0.00e+00	0.00e+00
 2.64383e+17	9.69e-01	3.08e-02	1.40e-05	0.00e+00	0.00e+00	0.00e+00	0.00e+00	0.00e+00
 2.64772e+17	9.70e-01	2.96e-02	1.37e-05	0.00e+00	0.00e+00	0.00e+00	0.00e+00	0.00e+00
 2.65112e+17	9.72e-01	2.82e-02	1.34e-05	0.00e+00	0.00e+00	0.00e+00	0.00e+00	0.00e+00
 2.65295e+17	9.72e-01	2.81e-02	1.33e-05	0.00e+00	0.00e+00	0.00e+00	0.00e+00	0.00e+00
 2.65439e+17	9.72e-01	2.81e-02	1.32e-05	0.00e+00	0.00e+00	0.00e+00	0.00e+00	0.00e+00
 2.65627e+17	9.72e-01	2.79e-02	1.32e-05	0.00e+00	0.00e+00	0.00e+00	0.00e+00	0.00e+00
 2.65870e+17	9.73e-01	2.73e-02	1.31e-05	0.00e+00	0.00e+00	0.00e+00	0.00e+00	0.00e+00
 2.66138e+17	9.74e-01	2.58e-02	1.27e-05	0.00e+00	0.00e+00	0.00e+00	0.00e+00	0.00e+00
 2.66322e+17	9.75e-01	2.54e-02	1.26e-05	0.00e+00	0.00e+00	0.00e+00	0.00e+00	0.00e+00
 2.66436e+17	9.75e-01	2.53e-02	1.25e-05	0.00e+00	0.00e+00	0.00e+00	0.00e+00	0.00e+00
 2.66573e+17	9.75e-01	2.51e-02	1.24e-05	0.00e+00	0.00e+00	0.00e+00	0.00e+00	0.00e+00
 2.66752e+17	9.75e-01	2.47e-02	1.23e-05	0.00e+00	0.00e+00	0.00e+00	0.00e+00	0.00e+00
 2.66985e+17	9.76e-01	2.39e-02	1.21e-05	0.00e+00	0.00e+00	0.00e+00	0.00e+00	0.00e+00
 2.67186e+17	9.78e-01	2.24e-02	1.17e-05	0.00e+00	0.00e+00	0.00e+00	0.00e+00	0.00e+00
 2.67283e+17	9.78e-01	2.23e-02	1.16e-05	0.00e+00	0.00e+00	0.00e+00	0.00e+00	0.00e+00
 2.67339e+17	9.78e-01	2.22e-02	1.16e-05	0.00e+00	0.00e+00	0.00e+00	0.00e+00	0.00e+00
 2.67408e+17	9.78e-01	2.22e-02	1.15e-05	0.00e+00	0.00e+00	0.00e+00	0.00e+00	0.00e+00
 2.67498e+17	9.78e-01	2.21e-02	1.15e-05	0.00e+00	0.00e+00	0.00e+00	0.00e+00	0.00e+00
 2.67615e+17	9.78e-01	2.19e-02	1.15e-05	0.00e+00	0.00e+00	0.00e+00	0.00e+00	0.00e+00
 2.67767e+17	9.78e-01	2.16e-02	1.14e-05	0.00e+00	0.00e+00	0.00e+00	0.00e+00	0.00e+00
 2.67904e+17	9.79e-01	2.08e-02	1.12e-05	0.00e+00	0.00e+00	0.00e+00	0.00e+00	0.00e+00
 2.67987e+17	9.79e-01	2.06e-02	1.11e-05	0.00e+00	0.00e+00	0.00e+00	0.00e+00	0.00e+00
 2.68049e+17	9.79e-01	2.05e-02	1.10e-05	0.00e+00	0.00e+00	0.00e+00	0.00e+00	0.00e+00
 2.68122e+17	9.80e-01	2.04e-02	1.10e-05	0.00e+00	0.00e+00	0.00e+00	0.00e+00	0.00e+00
 2.68217e+17	9.80e-01	2.02e-02	1.09e-05	0.00e+00	0.00e+00	0.00e+00	0.00e+00	0.00e+00
 2.68325e+17	9.80e-01	1.99e-02	1.08e-05	0.00e+00	0.00e+00	0.00e+00	0.00e+00	0.00e+00
 2.68412e+17	9.80e-01	1.96e-02	1.07e-05	0.00e+00	0.00e+00	0.00e+00	0.00e+00	0.00e+00
 2.68472e+17	9.81e-01	1.94e-02	1.07e-05	0.00e+00	0.00e+00	0.00e+00	0.00e+00	0.00e+00
 2.68534e+17	9.81e-01	1.92e-02	1.06e-05	0.00e+00	0.00e+00	0.00e+00	0.00e+00	0.00e+00
 2.68616e+17	9.81e-01	1.90e-02	1.05e-05	0.00e+00	0.00e+00	0.00e+00	0.00e+00	0.00e+00
 2.68707e+17	9.81e-01	1.87e-02	1.04e-05	0.00e+00	0.00e+00	0.00e+00	0.00e+00	0.00e+00
 2.68781e+17	9.82e-01	1.84e-02	1.04e-05	0.00e+00	0.00e+00	0.00e+00	0.00e+00	0.00e+00
 2.68835e+17	9.82e-01	1.83e-02	1.03e-05	0.00e+00	0.00e+00	0.00e+00	0.00e+00	0.00e+00
 2.68895e+17	9.82e-01	1.81e-02	1.02e-05	0.00e+00	0.00e+00	0.00e+00	0.00e+00	0.00e+00
 2.68968e+17	9.82e-01	1.78e-02	1.01e-05	0.00e+00	0.00e+00	0.00e+00	0.00e+00	0.00e+00
 2.69050e+17	9.82e-01	1.75e-02	1.00e-05	0.00e+00	0.00e+00	0.00e+00	0.00e+00	0.00e+00
 2.69121e+17	9.83e-01	1.73e-02	9.94e-06	0.00e+00	0.00e+00	0.00e+00	0.00e+00	0.00e+00
 2.69180e+17	9.84e-01	1.61e-02	9.50e-06	0.00e+00	0.00e+00	0.00e+00	0.00e+00	0.00e+00
 2.69234e+17	9.84e-01	1.59e-02	9.40e-06	0.00e+00	0.00e+00	0.00e+00	0.00e+00	0.00e+00
 2.69287e+17	9.84e-01	1.56e-02	9.31e-06	0.00e+00	0.00e+00	0.00e+00	0.00e+00	0.00e+00
 2.69349e+17	9.85e-01	1.52e-02	9.14e-06	0.00e+00	0.00e+00	0.00e+00	0.00e+00	0.00e+00
 2.69406e+17	9.85e-01	1.47e-02	8.96e-06	0.00e+00	0.00e+00	0.00e+00	0.00e+00	0.00e+00
 2.69448e+17	9.85e-01	1.46e-02	8.88e-06	0.00e+00	0.00e+00	0.00e+00	0.00e+00	0.00e+00
 2.69495e+17	9.86e-01	1.44e-02	8.80e-06	0.00e+00	0.00e+00	0.00e+00	0.00e+00	0.00e+00
 2.69556e+17	9.86e-01	1.42e-02	8.71e-06	0.00e+00	0.00e+00	0.00e+00	0.00e+00	0.00e+00
 2.69635e+17	9.87e-01	1.29e-02	8.17e-06	0.00e+00	0.00e+00	0.00e+00	0.00e+00	0.00e+00
 2.69720e+17	9.89e-01	1.14e-02	7.43e-06	0.00e+00	0.00e+00	0.00e+00	0.00e+00	0.00e+00
 2.69797e+17	9.89e-01	1.09e-02	7.12e-06	0.00e+00	0.00e+00	0.00e+00	0.00e+00	0.00e+00
 2.69868e+17	9.89e-01	1.06e-02	6.97e-06	0.00e+00	0.00e+00	0.00e+00	0.00e+00	0.00e+00
 2.69932e+17	9.90e-01	1.04e-02	6.84e-06	0.00e+00	0.00e+00	0.00e+00	0.00e+00	0.00e+00
 2.69996e+17	9.90e-01	1.03e-02	6.78e-06	0.00e+00	0.00e+00	0.00e+00	0.00e+00	0.00e+00
 2.70073e+17	9.90e-01	1.01e-02	6.71e-06	0.00e+00	0.00e+00	0.00e+00	0.00e+00	0.00e+00
 2.70172e+17	9.90e-01	9.74e-03	6.48e-06	0.00e+00	0.00e+00	0.00e+00	0.00e+00	0.00e+00
 2.70279e+17	9.91e-01	9.23e-03	6.18e-06	0.00e+00	0.00e+00	0.00e+00	0.00e+00	0.00e+00
 2.70377e+17	9.91e-01	9.04e-03	6.07e-06	0.00e+00	0.00e+00	0.00e+00	0.00e+00	0.00e+00
 2.70465e+17	9.91e-01	8.95e-03	6.01e-06	0.00e+00	0.00e+00	0.00e+00	0.00e+00	0.00e+00
 2.70561e+17	9.91e-01	8.88e-03	5.96e-06	0.00e+00	0.00e+00	0.00e+00	0.00e+00	0.00e+00
 2.70686e+17	9.91e-01	8.67e-03	5.85e-06	0.00e+00	0.00e+00	0.00e+00	0.00e+00	0.00e+00
 2.70820e+17	9.92e-01	8.34e-03	5.65e-06	0.00e+00	0.00e+00	0.00e+00	0.00e+00	0.00e+00
 2.70942e+17	9.92e-01	8.26e-03	5.60e-06	0.00e+00	0.00e+00	0.00e+00	0.00e+00	0.00e+00
 2.71077e+17	9.92e-01	8.18e-03	5.56e-06	0.00e+00	0.00e+00	0.00e+00	0.00e+00	0.00e+00
 2.71251e+17	9.92e-01	7.97e-03	5.44e-06	0.00e+00	0.00e+00	0.00e+00	0.00e+00	0.00e+00
 2.71439e+17	9.92e-01	7.69e-03	5.27e-06	0.00e+00	0.00e+00	0.00e+00	0.00e+00	0.00e+00
 2.71610e+17	9.92e-01	7.62e-03	5.23e-06	0.00e+00	0.00e+00	0.00e+00	0.00e+00	0.00e+00
 2.71792e+17	9.92e-01	7.55e-03	5.20e-06	0.00e+00	0.00e+00	0.00e+00	0.00e+00	0.00e+00
 2.72022e+17	9.93e-01	7.39e-03	5.11e-06	0.00e+00	0.00e+00	0.00e+00	0.00e+00	0.00e+00
 2.72245e+17	9.93e-01	7.27e-03	5.06e-06	0.00e+00	0.00e+00	0.00e+00	0.00e+00	0.00e+00
 2.72417e+17	9.93e-01	7.25e-03	5.04e-06	0.00e+00	0.00e+00	0.00e+00	0.00e+00	0.00e+00
 2.72599e+17	9.93e-01	7.23e-03	5.03e-06	0.00e+00	0.00e+00	0.00e+00	0.00e+00	0.00e+00
 2.72836e+17	9.93e-01	7.13e-03	4.99e-06	0.00e+00	0.00e+00	0.00e+00	0.00e+00	0.00e+00
 2.73101e+17	9.93e-01	7.01e-03	4.95e-06	0.00e+00	0.00e+00	0.00e+00	0.00e+00	0.00e+00
 2.73340e+17	9.93e-01	6.95e-03	4.92e-06	0.00e+00	0.00e+00	0.00e+00	0.00e+00	0.00e+00
 2.73561e+17	9.93e-01	6.92e-03	4.91e-06	0.00e+00	0.00e+00	0.00e+00	0.00e+00	0.00e+00
 2.73825e+17	9.93e-01	6.86e-03	4.89e-06	0.00e+00	0.00e+00	0.00e+00	0.00e+00	0.00e+00
 2.74146e+17	9.93e-01	6.76e-03	4.87e-06	0.00e+00	0.00e+00	0.00e+00	0.00e+00	0.00e+00
 2.74471e+17	9.93e-01	6.69e-03	4.86e-06	0.00e+00	0.00e+00	0.00e+00	0.00e+00	0.00e+00
 2.74776e+17	9.93e-01	6.67e-03	4.87e-06	0.00e+00	0.00e+00	0.00e+00	0.00e+00	0.00e+00
 2.75120e+17	9.93e-01	6.64e-03	4.88e-06	0.00e+00	0.00e+00	0.00e+00	0.00e+00	0.00e+00
 2.75560e+17	9.93e-01	6.56e-03	4.88e-06	0.00e+00	0.00e+00	0.00e+00	0.00e+00	0.00e+00
 2.76052e+17	9.94e-01	6.46e-03	4.89e-06	0.00e+00	0.00e+00	0.00e+00	0.00e+00	0.00e+00
 2.76511e+17	9.94e-01	6.44e-03	4.92e-06	0.00e+00	0.00e+00	0.00e+00	0.00e+00	0.00e+00
 2.76962e+17	9.94e-01	6.49e-03	5.00e-06	0.00e+00	0.00e+00	0.00e+00	0.00e+00	0.00e+00
 2.77499e+17	9.94e-01	6.44e-03	5.02e-06	0.00e+00	0.00e+00	0.00e+00	0.00e+00	0.00e+00
 2.78188e+17	9.94e-01	6.34e-03	5.04e-06	0.00e+00	0.00e+00	0.00e+00	0.00e+00	0.00e+00
 2.78947e+17	9.94e-01	6.23e-03	5.06e-06	0.00e+00	0.00e+00	0.00e+00	0.00e+00	0.00e+00
 2.79647e+17	9.94e-01	6.24e-03	5.15e-06	0.00e+00	0.00e+00	0.00e+00	0.00e+00	0.00e+00
 2.80399e+17	9.94e-01	6.20e-03	5.17e-06	0.00e+00	0.00e+00	0.00e+00	0.00e+00	0.00e+00
 2.81368e+17	9.94e-01	6.02e-03	5.16e-06	0.00e+00	0.00e+00	0.00e+00	0.00e+00	0.00e+00
 2.82379e+17	9.94e-01	5.82e-03	5.14e-06	0.00e+00	0.00e+00	0.00e+00	0.00e+00	0.00e+00
 2.83198e+17	9.94e-01	5.71e-03	5.12e-06	0.00e+00	0.00e+00	0.00e+00	0.00e+00	0.00e+00
 2.83917e+17	9.94e-01	5.63e-03	5.10e-06	0.00e+00	0.00e+00	0.00e+00	0.00e+00	0.00e+00
 2.84759e+17	9.95e-01	5.39e-03	5.00e-06	0.00e+00	0.00e+00	0.00e+00	0.00e+00	0.00e+00
 2.85640e+17	9.95e-01	4.98e-03	4.80e-06	0.00e+00	0.00e+00	0.00e+00	0.00e+00	0.00e+00
 2.86414e+17	9.95e-01	4.66e-03	4.63e-06	0.00e+00	0.00e+00	0.00e+00	0.00e+00	0.00e+00
 2.87117e+17	9.96e-01	4.27e-03	4.42e-06	0.00e+00	0.00e+00	0.00e+00	0.00e+00	0.00e+00
 2.87757e+17	9.96e-01	3.87e-03	4.21e-06	0.00e+00	0.00e+00	0.00e+00	0.00e+00	0.00e+00
 2.88340e+17	9.97e-01	3.37e-03	3.93e-06	0.00e+00	0.00e+00	0.00e+00	0.00e+00	0.00e+00
 2.88870e+17	9.97e-01	2.89e-03	3.66e-06	0.00e+00	0.00e+00	0.00e+00	0.00e+00	0.00e+00
 2.89353e+17	9.98e-01	2.43e-03	3.39e-06	0.00e+00	0.00e+00	0.00e+00	0.00e+00	0.00e+00
 2.89792e+17	9.98e-01	1.58e-03	2.82e-06	0.00e+00	0.00e+00	0.00e+00	0.00e+00	0.00e+00
 2.90191e+17	9.99e-01	9.55e-04	2.32e-06	0.00e+00	0.00e+00	0.00e+00	0.00e+00	0.00e+00
###########################
 1.16948e+13	8.58e-03	6.58e-01	3.24e-01	9.11e-03	2.15e-04	1.46e-06	0.00e+00	0.00e+00
 7.01687e+13	8.59e-03	6.58e-01	3.24e-01	9.12e-03	2.15e-04	1.47e-06	0.00e+00	0.00e+00
 3.04064e+14	8.61e-03	6.57e-01	3.25e-01	9.17e-03	2.16e-04	1.47e-06	0.00e+00	0.00e+00
 1.23965e+15	8.66e-03	6.52e-01	3.30e-01	9.25e-03	2.18e-04	1.49e-06	0.00e+00	0.00e+00
 2.96112e+15	8.72e-03	6.40e-01	3.41e-01	9.77e-03	2.31e-04	1.61e-06	0.00e+00	0.00e+00
 5.19903e+15	8.95e-03	6.35e-01	3.46e-01	9.89e-03	2.34e-04	1.63e-06	0.00e+00	0.00e+00
 8.10832e+15	9.32e-03	6.35e-01	3.46e-01	9.67e-03	2.29e-04	1.58e-06	0.00e+00	0.00e+00
 1.18904e+16	9.95e-03	6.42e-01	3.38e-01	8.98e-03	2.13e-04	1.41e-06	0.00e+00	0.00e+00
 1.63441e+16	1.08e-02	6.56e-01	3.25e-01	8.00e-03	1.91e-04	1.19e-06	0.00e+00	0.00e+00
 2.11295e+16	1.20e-02	6.77e-01	3.04e-01	6.76e-03	1.63e-04	9.34e-07	0.00e+00	0.00e+00
 2.65128e+16	1.37e-02	7.08e-01	2.73e-01	5.26e-03	1.28e-04	0.00e+00	0.00e+00	0.00e+00
 3.27464e+16	1.63e-02	7.48e-01	2.32e-01	3.69e-03	9.19e-05	0.00e+00	0.00e+00	0.00e+00
 3.86076e+16	1.93e-02	7.84e-01	1.94e-01	2.55e-03	6.44e-05	0.00e+00	0.00e+00	0.00e+00
 4.30744e+16	2.22e-02	8.12e-01	1.64e-01	1.83e-03	4.69e-05	0.00e+00	0.00e+00	0.00e+00
 4.67852e+16	2.52e-02	8.34e-01	1.40e-01	1.35e-03	3.48e-05	0.00e+00	0.00e+00	0.00e+00
 5.08923e+16	2.95e-02	8.56e-01	1.14e-01	9.36e-04	2.40e-05	0.00e+00	0.00e+00	0.00e+00
 5.53210e+16	3.51e-02	8.75e-01	8.89e-02	6.16e-04	1.56e-05	0.00e+00	0.00e+00	0.00e+00
 5.90544e+16	4.13e-02	8.88e-01	7.02e-02	4.23e-04	1.04e-05	0.00e+00	0.00e+00	0.00e+00
 6.20078e+16	4.74e-02	8.95e-01	5.71e-02	3.09e-04	7.28e-06	0.00e+00	0.00e+00	0.00e+00
 6.45935e+16	5.41e-02	8.99e-01	4.67e-02	2.32e-04	5.20e-06	0.00e+00	0.00e+00	0.00e+00
 6.70820e+16	6.18e-02	9.00e-01	3.79e-02	1.76e-04	3.69e-06	0.00e+00	0.00e+00	0.00e+00
 6.94722e+16	7.06e-02	8.98e-01	3.07e-02	1.36e-04	2.63e-06	0.00e+00	0.00e+00	0.00e+00
 7.17074e+16	8.06e-02	8.94e-01	2.49e-02	1.06e-04	1.87e-06	0.00e+00	0.00e+00	0.00e+00
 7.37828e+16	9.15e-02	8.88e-01	2.02e-02	8.51e-05	1.35e-06	0.00e+00	0.00e+00	0.00e+00
 7.57414e+16	1.04e-01	8.80e-01	1.65e-02	6.93e-05	9.83e-07	0.00e+00	0.00e+00	0.00e+00
 7.76364e+16	1.17e-01	8.69e-01	1.34e-02	5.71e-05	0.00e+00	0.00e+00	0.00e+00	0.00e+00
 7.94948e+16	1.33e-01	8.56e-01	1.08e-02	4.76e-05	0.00e+00	0.00e+00	0.00e+00	0.00e+00
 8.13045e+16	1.50e-01	8.41e-01	8.71e-03	4.02e-05	0.00e+00	0.00e+00	0.00e+00	0.00e+00
 8.29897e+16	1.68e-01	8.25e-01	7.09e-03	3.45e-05	0.00e+00	0.00e+00	0.00e+00	0.00e+00
 8.44973e+16	1.86e-01	8.08e-01	5.87e-03	3.03e-05	0.00e+00	0.00e+00	0.00e+00	0.00e+00
 8.58730e+16	2.03e-01	7.92e-01	4.93e-03	2.70e-05	0.00e+00	0.00e+00	0.00e+00	0.00e+00
 8.71983e+16	2.21e-01	7.75e-01	4.16e-03	2.42e-05	0.00e+00	0.00e+00	0.00e+00	0.00e+00
 8.84907e+16	2.40e-01	7.56e-01	3.52e-03	2.19e-05	0.00e+00	0.00e+00	0.00e+00	0.00e+00
 8.97381e+16	2.59e-01	7.38e-01	2.99e-03	1.99e-05	0.00e+00	0.00e+00	0.00e+00	0.00e+00
 9.09596e+16	2.79e-01	7.19e-01	2.55e-03	1.82e-05	0.00e+00	0.00e+00	0.00e+00	0.00e+00
 9.19416e+16	2.94e-01	7.03e-01	2.25e-03	1.70e-05	0.00e+00	0.00e+00	0.00e+00	0.00e+00
 9.26182e+16	3.05e-01	6.93e-01	2.07e-03	1.63e-05	0.00e+00	0.00e+00	0.00e+00	0.00e+00
 9.32984e+16	3.16e-01	6.82e-01	1.89e-03	1.55e-05	0.00e+00	0.00e+00	0.00e+00	0.00e+00
 9.41270e+16	3.31e-01	6.67e-01	1.69e-03	1.46e-05	0.00e+00	0.00e+00	0.00e+00	0.00e+00
 9.49882e+16	3.46e-01	6.52e-01	1.51e-03	1.38e-05	0.00e+00	0.00e+00	0.00e+00	0.00e+00
 9.57819e+16	3.60e-01	6.38e-01	1.36e-03	1.31e-05	0.00e+00	0.00e+00	0.00e+00	0.00e+00
 9.65586e+16	3.74e-01	6.25e-01	1.24e-03	1.25e-05	0.00e+00	0.00e+00	0.00e+00	0.00e+00
 9.73909e+16	3.89e-01	6.10e-01	1.11e-03	1.18e-05	0.00e+00	0.00e+00	0.00e+00	0.00e+00
 9.82552e+16	4.04e-01	5.95e-01	9.99e-04	1.12e-05	0.00e+00	0.00e+00	0.00e+00	0.00e+00
 9.91265e+16	4.20e-01	5.79e-01	8.93e-04	1.05e-05	0.00e+00	0.00e+00	0.00e+00	0.00e+00
 9.99918e+16	4.35e-01	5.64e-01	8.02e-04	9.96e-06	0.00e+00	0.00e+00	0.00e+00	0.00e+00
 1.00846e+17	4.50e-01	5.49e-01	7.25e-04	9.48e-06	0.00e+00	0.00e+00	0.00e+00	0.00e+00
 1.01746e+17	4.66e-01	5.34e-01	6.50e-04	8.95e-06	0.00e+00	0.00e+00	0.00e+00	0.00e+00
 1.02697e+17	4.82e-01	5.18e-01	5.84e-04	8.49e-06	0.00e+00	0.00e+00	0.00e+00	0.00e+00
 1.03665e+17	4.98e-01	5.02e-01	5.22e-04	8.00e-06	0.00e+00	0.00e+00	0.00e+00	0.00e+00
 1.04645e+17	5.13e-01	4.86e-01	4.70e-04	7.60e-06	0.00e+00	0.00e+00	0.00e+00	0.00e+00
 1.05659e+17	5.29e-01	4.71e-01	4.22e-04	7.16e-06	0.00e+00	0.00e+00	0.00e+00	0.00e+00
 1.06724e+17	5.45e-01	4.55e-01	3.79e-04	6.79e-06	0.00e+00	0.00e+00	0.00e+00	0.00e+00
 1.07839e+17	5.61e-01	4.39e-01	3.40e-04	6.40e-06	0.00e+00	0.00e+00	0.00e+00	0.00e+00
 1.08999e+17	5.75e-01	4.25e-01	3.07e-04	6.08e-06	0.00e+00	0.00e+00	0.00e+00	0.00e+00
 1.10207e+17	5.91e-01	4.08e-01	2.75e-04	5.71e-06	0.00e+00	0.00e+00	0.00e+00	0.00e+00
 1.11392e+17	6.05e-01	3.95e-01	2.51e-04	5.43e-06	0.00e+00	0.00e+00	0.00e+00	0.00e+00
 1.12637e+17	6.19e-01	3.81e-01	2.27e-04	5.14e-06	0.00e+00	0.00e+00	0.00e+00	0.00e+00
 1.14046e+17	6.33e-01	3.67e-01	2.06e-04	4.85e-06	0.00e+00	0.00e+00	0.00e+00	0.00e+00
 1.15564e+17	6.47e-01	3.52e-01	1.86e-04	4.59e-06	0.00e+00	0.00e+00	0.00e+00	0.00e+00
 1.17163e+17	6.61e-01	3.39e-01	1.69e-04	4.34e-06	0.00e+00	0.00e+00	0.00e+00	0.00e+00
 1.18811e+17	6.73e-01	3.27e-01	1.56e-04	4.13e-06	0.00e+00	0.00e+00	0.00e+00	0.00e+00
 1.20547e+17	6.84e-01	3.16e-01	1.43e-04	3.93e-06	0.00e+00	0.00e+00	0.00e+00	0.00e+00
 1.22380e+17	6.97e-01	3.03e-01	1.31e-04	3.71e-06	0.00e+00	0.00e+00	0.00e+00	0.00e+00
 1.24280e+17	7.06e-01	2.94e-01	1.22e-04	3.54e-06	0.00e+00	0.00e+00	0.00e+00	0.00e+00
 1.26215e+17	7.16e-01	2.84e-01	1.14e-04	3.40e-06	0.00e+00	0.00e+00	0.00e+00	0.00e+00
 1.28427e+17	7.27e-01	2.73e-01	1.05e-04	3.21e-06	0.00e+00	0.00e+00	0.00e+00	0.00e+00
 1.31055e+17	7.38e-01	2.62e-01	9.77e-05	3.04e-06	0.00e+00	0.00e+00	0.00e+00	0.00e+00
 1.33764e+17	7.48e-01	2.52e-01	9.08e-05	2.88e-06	0.00e+00	0.00e+00	0.00e+00	0.00e+00
 1.36797e+17	7.58e-01	2.42e-01	8.44e-05	2.74e-06	0.00e+00	0.00e+00	0.00e+00	0.00e+00
 1.40132e+17	7.68e-01	2.32e-01	7.82e-05	2.57e-06	0.00e+00	0.00e+00	0.00e+00	0.00e+00
 1.43668e+17	7.78e-01	2.22e-01	7.29e-05	2.43e-06	0.00e+00	0.00e+00	0.00e+00	0.00e+00
 1.47536e+17	7.88e-01	2.12e-01	6.78e-05	2.29e-06	0.00e+00	0.00e+00	0.00e+00	0.00e+00
 1.51415e+17	7.98e-01	2.02e-01	6.32e-05	2.15e-06	0.00e+00	0.00e+00	0.00e+00	0.00e+00
 1.55559e+17	8.07e-01	1.92e-01	5.91e-05	2.02e-06	0.00e+00	0.00e+00	0.00e+00	0.00e+00
 1.60005e+17	8.16e-01	1.84e-01	5.53e-05	1.90e-06	0.00e+00	0.00e+00	0.00e+00	0.00e+00
 1.64159e+17	8.25e-01	1.75e-01	5.22e-05	1.79e-06	0.00e+00	0.00e+00	0.00e+00	0.00e+00
 1.68217e+17	8.33e-01	1.67e-01	4.93e-05	1.69e-06	0.00e+00	0.00e+00	0.00e+00	0.00e+00
 1.72705e+17	8.41e-01	1.59e-01	4.65e-05	1.58e-06	0.00e+00	0.00e+00	0.00e+00	0.00e+00
 1.77439e+17	8.49e-01	1.51e-01	4.38e-05	1.48e-06	0.00e+00	0.00e+00	0.00e+00	0.00e+00
 1.82088e+17	8.58e-01	1.42e-01	4.14e-05	1.38e-06	0.00e+00	0.00e+00	0.00e+00	0.00e+00
 1.86347e+17	8.64e-01	1.36e-01	3.94e-05	1.30e-06	0.00e+00	0.00e+00	0.00e+00	0.00e+00
 1.90067e+17	8.71e-01	1.29e-01	3.77e-05	1.22e-06	0.00e+00	0.00e+00	0.00e+00	0.00e+00
 1.93695e+17	8.76e-01	1.24e-01	3.62e-05	1.16e-06	0.00e+00	0.00e+00	0.00e+00	0.00e+00
 1.97335e+17	8.81e-01	1.19e-01	3.48e-05	1.10e-06	0.00e+00	0.00e+00	0.00e+00	0.00e+00
 2.00588e+17	8.85e-01	1.15e-01	3.37e-05	1.05e-06	0.00e+00	0.00e+00	0.00e+00	0.00e+00
 2.03584e+17	8.90e-01	1.10e-01	3.25e-05	9.97e-07	0.00e+00	0.00e+00	0.00e+00	0.00e+00
 2.06633e+17	8.95e-01	1.05e-01	3.15e-05	0.00e+00	0.00e+00	0.00e+00	0.00e+00	0.00e+00
 2.09712e+17	8.99e-01	1.01e-01	3.04e-05	0.00e+00	0.00e+00	0.00e+00	0.00e+00	0.00e+00
 2.12660e+17	9.03e-01	9.69e-02	2.95e-05	0.00e+00	0.00e+00	0.00e+00	0.00e+00	0.00e+00
 2.15309e+17	9.07e-01	9.32e-02	2.86e-05	0.00e+00	0.00e+00	0.00e+00	0.00e+00	0.00e+00
 2.17762e+17	9.10e-01	8.98e-02	2.78e-05	0.00e+00	0.00e+00	0.00e+00	0.00e+00	0.00e+00
 2.20118e+17	9.13e-01	8.66e-02	2.71e-05	0.00e+00	0.00e+00	0.00e+00	0.00e+00	0.00e+00
 2.22371e+17	9.16e-01	8.35e-02	2.64e-05	0.00e+00	0.00e+00	0.00e+00	0.00e+00	0.00e+00
 2.24563e+17	9.19e-01	8.05e-02	2.57e-05	0.00e+00	0.00e+00	0.00e+00	0.00e+00	0.00e+00
 2.26651e+17	9.22e-01	7.77e-02	2.51e-05	0.00e+00	0.00e+00	0.00e+00	0.00e+00	0.00e+00
 2.28612e+17	9.24e-01	7.56e-02	2.45e-05	0.00e+00	0.00e+00	0.00e+00	0.00e+00	0.00e+00
 2.30467e+17	9.26e-01	7.41e-02	2.41e-05	0.00e+00	0.00e+00	0.00e+00	0.00e+00	0.00e+00
 2.32353e+17	9.28e-01	7.19e-02	2.35e-05	0.00e+00	0.00e+00	0.00e+00	0.00e+00	0.00e+00
 2.34306e+17	9.31e-01	6.91e-02	2.29e-05	0.00e+00	0.00e+00	0.00e+00	0.00e+00	0.00e+00
 2.36078e+17	9.33e-01	6.67e-02	2.24e-05	0.00e+00	0.00e+00	0.00e+00	0.00e+00	0.00e+00
 2.37566e+17	9.35e-01	6.48e-02	2.19e-05	0.00e+00	0.00e+00	0.00e+00	0.00e+00	0.00e+00
 2.38930e+17	9.37e-01	6.33e-02	2.16e-05	0.00e+00	0.00e+00	0.00e+00	0.00e+00	0.00e+00
 2.40482e+17	9.39e-01	6.08e-02	2.11e-05	0.00e+00	0.00e+00	0.00e+00	0.00e+00	0.00e+00
 2.42017e+17	9.42e-01	5.84e-02	2.06e-05	0.00e+00	0.00e+00	0.00e+00	0.00e+00	0.00e+00
 2.43165e+17	9.43e-01	5.73e-02	2.03e-05	0.00e+00	0.00e+00	0.00e+00	0.00e+00	0.00e+00
 2.44266e+17	9.44e-01	5.55e-02	1.99e-05	0.00e+00	0.00e+00	0.00e+00	0.00e+00	0.00e+00
 2.45413e+17	9.46e-01	5.37e-02	1.95e-05	0.00e+00	0.00e+00	0.00e+00	0.00e+00	0.00e+00
 2.46420e+17	9.47e-01	5.25e-02	1.92e-05	0.00e+00	0.00e+00	0.00e+00	0.00e+00	0.00e+00
 2.47440e+17	9.49e-01	5.07e-02	1.88e-05	0.00e+00	0.00e+00	0.00e+00	0.00e+00	0.00e+00
 2.48421e+17	9.51e-01	4.90e-02	1.85e-05	0.00e+00	0.00e+00	0.00e+00	0.00e+00	0.00e+00
 2.49185e+17	9.52e-01	4.82e-02	1.83e-05	0.00e+00	0.00e+00	0.00e+00	0.00e+00	0.00e+00
 2.49951e+17	9.52e-01	4.75e-02	1.81e-05	0.00e+00	0.00e+00	0.00e+00	0.00e+00	0.00e+00
 2.50947e+17	9.53e-01	4.68e-02	1.79e-05	0.00e+00	0.00e+00	0.00e+00	0.00e+00	0.00e+00
 2.52241e+17	9.55e-01	4.49e-02	1.75e-05	0.00e+00	0.00e+00	0.00e+00	0.00e+00	0.00e+00
 2.53451e+17	9.57e-01	4.30e-02	1.71e-05	0.00e+00	0.00e+00	0.00e+00	0.00e+00	0.00e+00
 2.54258e+17	9.58e-01	4.22e-02	1.69e-05	0.00e+00	0.00e+00	0.00e+00	0.00e+00	0.00e+00
 2.55010e+17	9.59e-01	4.11e-02	1.66e-05	0.00e+00	0.00e+00	0.00e+00	0.00e+00	0.00e+00
 2.55762e+17	9.60e-01	3.96e-02	1.62e-05	0.00e+00	0.00e+00	0.00e+00	0.00e+00	0.00e+00
 2.56318e+17	9.61e-01	3.89e-02	1.61e-05	0.00e+00	0.00e+00	0.00e+00	0.00e+00	0.00e+00
 2.56845e+17	9.61e-01	3.85e-02	1.60e-05	0.00e+00	0.00e+00	0.00e+00	0.00e+00	0.00e+00
 2.57509e+17	9.63e-01	3.69e-02	1.56e-05	0.00e+00	0.00e+00	0.00e+00	0.00e+00	0.00e+00
 2.58111e+17	9.64e-01	3.56e-02	1.53e-05	0.00e+00	0.00e+00	0.00e+00	0.00e+00	0.00e+00
 2.58502e+17	9.65e-01	3.51e-02	1.52e-05	0.00e+00	0.00e+00	0.00e+00	0.00e+00	0.00e+00
 2.58861e+17	9.65e-01	3.47e-02	1.50e-05	0.00e+00	0.00e+00	0.00e+00	0.00e+00	0.00e+00
 2.59328e+17	9.66e-01	3.39e-02	1.49e-05	0.00e+00	0.00e+00	0.00e+00	0.00e+00	0.00e+00
 2.59830e+17	9.68e-01	3.25e-02	1.45e-05	0.00e+00	0.00e+00	0.00e+00	0.00e+00	0.00e+00
 2.60210e+17	9.68e-01	3.19e-02	1.44e-05	0.00e+00	0.00e+00	0.00e+00	0.00e+00	0.00e+00
 2.60510e+17	9.68e-01	3.15e-02	1.43e-05	0.00e+00	0.00e+00	0.00e+00	0.00e+00	0.00e+00
 2.60872e+17	9.69e-01	3.09e-02	1.41e-05	0.00e+00	0.00e+00	0.00e+00	0.00e+00	0.00e+00
 2.61275e+17	9.71e-01	2.91e-02	1.36e-05	0.00e+00	0.00e+00	0.00e+00	0.00e+00	0.00e+00
 2.61557e+17	9.71e-01	2.86e-02	1.35e-05	0.00e+00	0.00e+00	0.00e+00	0.00e+00	0.00e+00
 2.61726e+17	9.72e-01	2.85e-02	1.34e-05	0.00e+00	0.00e+00	0.00e+00	0.00e+00	0.00e+00
 2.61923e+17	9.72e-01	2.81e-02	1.33e-05	0.00e+00	0.00e+00	0.00e+00	0.00e+00	0.00e+00
 2.62180e+17	9.72e-01	2.75e-02	1.32e-05	0.00e+00	0.00e+00	0.00e+00	0.00e+00	0.00e+00
 2.62470e+17	9.74e-01	2.60e-02	1.28e-05	0.00e+00	0.00e+00	0.00e+00	0.00e+00	0.00e+00
 2.62670e+17	9.75e-01	2.54e-02	1.26e-05	0.00e+00	0.00e+00	0.00e+00	0.00e+00	0.00e+00
 2.62794e+17	9.75e-01	2.53e-02	1.25e-05	0.00e+00	0.00e+00	0.00e+00	0.00e+00	0.00e+00
 2.62952e+17	9.75e-01	2.49e-02	1.24e-05	0.00e+00	0.00e+00	0.00e+00	0.00e+00	0.00e+00
 2.63158e+17	9.76e-01	2.45e-02	1.23e-05	0.00e+00	0.00e+00	0.00e+00	0.00e+00	0.00e+00
 2.63395e+17	9.77e-01	2.30e-02	1.19e-05	0.00e+00	0.00e+00	0.00e+00	0.00e+00	0.00e+00
 2.63561e+17	9.78e-01	2.23e-02	1.17e-05	0.00e+00	0.00e+00	0.00e+00	0.00e+00	0.00e+00
 2.63635e+17	9.78e-01	2.22e-02	1.16e-05	0.00e+00	0.00e+00	0.00e+00	0.00e+00	0.00e+00
 2.63692e+17	9.78e-01	2.20e-02	1.15e-05	0.00e+00	0.00e+00	0.00e+00	0.00e+00	0.00e+00
 2.63761e+17	9.78e-01	2.18e-02	1.15e-05	0.00e+00	0.00e+00	0.00e+00	0.00e+00	0.00e+00
 2.63838e+17	9.78e-01	2.16e-02	1.14e-05	0.00e+00	0.00e+00	0.00e+00	0.00e+00	0.00e+00
 2.63927e+17	9.79e-01	2.14e-02	1.14e-05	0.00e+00	0.00e+00	0.00e+00	0.00e+00	0.00e+00
 2.64029e+17	9.79e-01	2.12e-02	1.13e-05	0.00e+00	0.00e+00	0.00e+00	0.00e+00	0.00e+00
 2.64115e+17	9.79e-01	2.09e-02	1.12e-05	0.00e+00	0.00e+00	0.00e+00	0.00e+00	0.00e+00
 2.64183e+17	9.79e-01	2.07e-02	1.11e-05	0.00e+00	0.00e+00	0.00e+00	0.00e+00	0.00e+00
 2.64247e+17	9.80e-01	2.04e-02	1.10e-05	0.00e+00	0.00e+00	0.00e+00	0.00e+00	0.00e+00
 2.64306e+17	9.80e-01	2.02e-02	1.10e-05	0.00e+00	0.00e+00	0.00e+00	0.00e+00	0.00e+00
 2.64357e+17	9.80e-01	2.01e-02	1.09e-05	0.00e+00	0.00e+00	0.00e+00	0.00e+00	0.00e+00
 2.64407e+17	9.80e-01	1.98e-02	1.08e-05	0.00e+00	0.00e+00	0.00e+00	0.00e+00	0.00e+00
 2.64473e+17	9.80e-01	1.96e-02	1.08e-05	0.00e+00	0.00e+00	0.00e+00	0.00e+00	0.00e+00
 2.64538e+17	9.81e-01	1.94e-02	1.07e-05	0.00e+00	0.00e+00	0.00e+00	0.00e+00	0.00e+00
 2.64589e+17	9.81e-01	1.92e-02	1.06e-05	0.00e+00	0.00e+00	0.00e+00	0.00e+00	0.00e+00
 2.64642e+17	9.81e-01	1.90e-02	1.06e-05	0.00e+00	0.00e+00	0.00e+00	0.00e+00	0.00e+00
 2.64703e+17	9.81e-01	1.87e-02	1.05e-05	0.00e+00	0.00e+00	0.00e+00	0.00e+00	0.00e+00
 2.64765e+17	9.81e-01	1.85e-02	1.04e-05	0.00e+00	0.00e+00	0.00e+00	0.00e+00	0.00e+00
 2.64821e+17	9.82e-01	1.83e-02	1.03e-05	0.00e+00	0.00e+00	0.00e+00	0.00e+00	0.00e+00
 2.64871e+17	9.82e-01	1.80e-02	1.02e-05	0.00e+00	0.00e+00	0.00e+00	0.00e+00	0.00e+00
 2.64921e+17	9.82e-01	1.78e-02	1.02e-05	0.00e+00	0.00e+00	0.00e+00	0.00e+00	0.00e+00
 2.64972e+17	9.82e-01	1.76e-02	1.01e-05	0.00e+00	0.00e+00	0.00e+00	0.00e+00	0.00e+00
 2.65030e+17	9.83e-01	1.74e-02	1.00e-05	0.00e+00	0.00e+00	0.00e+00	0.00e+00	0.00e+00
 2.65094e+17	9.83e-01	1.71e-02	9.92e-06	0.00e+00	0.00e+00	0.00e+00	0.00e+00	0.00e+00
 2.65157e+17	9.83e-01	1.68e-02	9.83e-06	0.00e+00	0.00e+00	0.00e+00	0.00e+00	0.00e+00
 2.65216e+17	9.85e-01	1.52e-02	9.17e-06	0.00e+00	0.00e+00	0.00e+00	0.00e+00	0.00e+00
 2.65266e+17	9.85e-01	1.47e-02	8.98e-06	0.00e+00	0.00e+00	0.00e+00	0.00e+00	0.00e+00
 2.65306e+17	9.86e-01	1.43e-02	8.81e-06	0.00e+00	0.00e+00	0.00e+00	0.00e+00	0.00e+00
 2.65333e+17	9.86e-01	1.41e-02	8.73e-06	0.00e+00	0.00e+00	0.00e+00	0.00e+00	0.00e+00
 2.65358e+17	9.86e-01	1.40e-02	8.65e-06	0.00e+00	0.00e+00	0.00e+00	0.00e+00	0.00e+00
 2.65390e+17	9.86e-01	1.38e-02	8.57e-06	0.00e+00	0.00e+00	0.00e+00	0.00e+00	0.00e+00
 2.65431e+17	9.86e-01	1.36e-02	8.48e-06	0.00e+00	0.00e+00	0.00e+00	0.00e+00	0.00e+00
 2.65484e+17	9.87e-01	1.30e-02	8.23e-06	0.00e+00	0.00e+00	0.00e+00	0.00e+00	0.00e+00
 2.65542e+17	9.88e-01	1.20e-02	7.72e-06	0.00e+00	0.00e+00	0.00e+00	0.00e+00	0.00e+00
 2.65594e+17	9.88e-01	1.15e-02	7.49e-06	0.00e+00	0.00e+00	0.00e+00	0.00e+00	0.00e+00
 2.65642e+17	9.89e-01	1.13e-02	7.35e-06	0.00e+00	0.00e+00	0.00e+00	0.00e+00	0.00e+00
 2.65685e+17	9.89e-01	1.10e-02	7.21e-06	0.00e+00	0.00e+00	0.00e+00	0.00e+00	0.00e+00
 2.65726e+17	9.89e-01	1.08e-02	7.08e-06	0.00e+00	0.00e+00	0.00e+00	0.00e+00	0.00e+00
 2.65767e+17	9.89e-01	1.07e-02	7.02e-06	0.00e+00	0.00e+00	0.00e+00	0.00e+00	0.00e+00
 2.65815e+17	9.89e-01	1.06e-02	6.95e-06	0.00e+00	0.00e+00	0.00e+00	0.00e+00	0.00e+00
 2.65877e+17	9.90e-01	1.03e-02	6.82e-06	0.00e+00	0.00e+00	0.00e+00	0.00e+00	0.00e+00
 2.65946e+17	9.90e-01	1.01e-02	6.68e-06	0.00e+00	0.00e+00	0.00e+00	0.00e+00	0.00e+00
 2.66010e+17	9.90e-01	9.86e-03	6.56e-06	0.00e+00	0.00e+00	0.00e+00	0.00e+00	0.00e+00
 2.66068e+17	9.90e-01	9.67e-03	6.44e-06	0.00e+00	0.00e+00	0.00e+00	0.00e+00	0.00e+00
 2.66127e+17	9.90e-01	9.58e-03	6.39e-06	0.00e+00	0.00e+00	0.00e+00	0.00e+00	0.00e+00
 2.66200e+17	9.91e-01	9.48e-03	6.34e-06	0.00e+00	0.00e+00	0.00e+00	0.00e+00	0.00e+00
 2.66294e+17	9.91e-01	9.26e-03	6.21e-06	0.00e+00	0.00e+00	0.00e+00	0.00e+00	0.00e+00
 2.66395e+17	9.91e-01	8.95e-03	6.02e-06	0.00e+00	0.00e+00	0.00e+00	0.00e+00	0.00e+00
 2.66488e+17	9.91e-01	8.86e-03	5.97e-06	0.00e+00	0.00e+00	0.00e+00	0.00e+00	0.00e+00
 2.66589e+17	9.91e-01	8.77e-03	5.91e-06	0.00e+00	0.00e+00	0.00e+00	0.00e+00	0.00e+00
 2.66721e+17	9.91e-01	8.56e-03	5.79e-06	0.00e+00	0.00e+00	0.00e+00	0.00e+00	0.00e+00
 2.66848e+17	9.92e-01	8.35e-03	5.67e-06	0.00e+00	0.00e+00	0.00e+00	0.00e+00	0.00e+00
 2.66949e+17	9.92e-01	8.29e-03	5.62e-06	0.00e+00	0.00e+00	0.00e+00	0.00e+00	0.00e+00
 2.67059e+17	9.92e-01	8.23e-03	5.58e-06	0.00e+00	0.00e+00	0.00e+00	0.00e+00	0.00e+00
 2.67202e+17	9.92e-01	8.13e-03	5.53e-06	0.00e+00	0.00e+00	0.00e+00	0.00e+00	0.00e+00
 2.67387e+17	9.92e-01	7.92e-03	5.41e-06	0.00e+00	0.00e+00	0.00e+00	0.00e+00	0.00e+00
 2.67585e+17	9.92e-01	7.72e-03	5.31e-06	0.00e+00	0.00e+00	0.00e+00	0.00e+00	0.00e+00
 2.67765e+17	9.92e-01	7.64e-03	5.26e-06	0.00e+00	0.00e+00	0.00e+00	0.00e+00	0.00e+00
 2.67931e+17	9.92e-01	7.58e-03	5.22e-06	0.00e+00	0.00e+00	0.00e+00	0.00e+00	0.00e+00
 2.68116e+17	9.92e-01	7.52e-03	5.19e-06	0.00e+00	0.00e+00	0.00e+00	0.00e+00	0.00e+00
 2.68356e+17	9.93e-01	7.35e-03	5.10e-06	0.00e+00	0.00e+00	0.00e+00	0.00e+00	0.00e+00
 2.68590e+17	9.93e-01	7.24e-03	5.06e-06	0.00e+00	0.00e+00	0.00e+00	0.00e+00	0.00e+00
 2.68775e+17	9.93e-01	7.21e-03	5.04e-06	0.00e+00	0.00e+00	0.00e+00	0.00e+00	0.00e+00
 2.68975e+17	9.93e-01	7.17e-03	5.02e-06	0.00e+00	0.00e+00	0.00e+00	0.00e+00	0.00e+00
 2.69236e+17	9.93e-01	7.08e-03	4.98e-06	0.00e+00	0.00e+00	0.00e+00	0.00e+00	0.00e+00
 2.69539e+17	9.93e-01	6.96e-03	4.94e-06	0.00e+00	0.00e+00	0.00e+00	0.00e+00	0.00e+00
 2.69822e+17	9.93e-01	6.89e-03	4.92e-06	0.00e+00	0.00e+00	0.00e+00	0.00e+00	0.00e+00
 2.70083e+17	9.93e-01	6.85e-03	4.91e-06	0.00e+00	0.00e+00	0.00e+00	0.00e+00	0.00e+00
 2.70376e+17	9.93e-01	6.81e-03	4.90e-06	0.00e+00	0.00e+00	0.00e+00	0.00e+00	0.00e+00
 2.70729e+17	9.93e-01	6.73e-03	4.89e-06	0.00e+00	0.00e+00	0.00e+00	0.00e+00	0.00e+00
 2.71116e+17	9.93e-01	6.65e-03	4.89e-06	0.00e+00	0.00e+00	0.00e+00	0.00e+00	0.00e+00
 2.71482e+17	9.93e-01	6.61e-03	4.90e-06	0.00e+00	0.00e+00	0.00e+00	0.00e+00	0.00e+00
 2.71862e+17	9.93e-01	6.60e-03	4.92e-06	0.00e+00	0.00e+00	0.00e+00	0.00e+00	0.00e+00
 2.72338e+17	9.93e-01	6.53e-03	4.93e-06	0.00e+00	0.00e+00	0.00e+00	0.00e+00	0.00e+00
 2.72894e+17	9.94e-01	6.44e-03	4.95e-06	0.00e+00	0.00e+00	0.00e+00	0.00e+00	0.00e+00
 2.73445e+17	9.94e-01	6.39e-03	4.98e-06	0.00e+00	0.00e+00	0.00e+00	0.00e+00	0.00e+00
 2.74009e+17	9.94e-01	6.42e-03	5.06e-06	0.00e+00	0.00e+00	0.00e+00	0.00e+00	0.00e+00
 2.74696e+17	9.94e-01	6.34e-03	5.08e-06	0.00e+00	0.00e+00	0.00e+00	0.00e+00	0.00e+00
 2.75504e+17	9.94e-01	6.21e-03	5.09e-06	0.00e+00	0.00e+00	0.00e+00	0.00e+00	0.00e+00
 2.76285e+17	9.94e-01	6.11e-03	5.12e-06	0.00e+00	0.00e+00	0.00e+00	0.00e+00	0.00e+00
 2.76985e+17	9.94e-01	6.08e-03	5.15e-06	0.00e+00	0.00e+00	0.00e+00	0.00e+00	0.00e+00
 2.77763e+17	9.94e-01	6.00e-03	5.16e-06	0.00e+00	0.00e+00	0.00e+00	0.00e+00	0.00e+00
 2.78764e+17	9.94e-01	5.78e-03	5.12e-06	0.00e+00	0.00e+00	0.00e+00	0.00e+00	0.00e+00
 2.79785e+17	9.94e-01	5.52e-03	5.05e-06	0.00e+00	0.00e+00	0.00e+00	0.00e+00	0.00e+00
 2.80571e+17	9.95e-01	5.30e-03	4.95e-06	0.00e+00	0.00e+00	0.00e+00	0.00e+00	0.00e+00
 2.81142e+17	9.95e-01	5.19e-03	4.90e-06	0.00e+00	0.00e+00	0.00e+00	0.00e+00	0.00e+00
 2.81710e+17	9.95e-01	5.01e-03	4.79e-06	0.00e+00	0.00e+00	0.00e+00	0.00e+00	0.00e+00
 2.82364e+17	9.95e-01	4.56e-03	4.55e-06	0.00e+00	0.00e+00	0.00e+00	0.00e+00	0.00e+00
 2.82999e+17	9.96e-01	4.14e-03	4.34e-06	0.00e+00	0.00e+00	0.00e+00	0.00e+00	0.00e+00
 2.83578e+17	9.96e-01	3.68e-03	4.09e-06	0.00e+00	0.00e+00	0.00e+00	0.00e+00	0.00e+00
 2.84105e+17	9.97e-01	3.23e-03	3.85e-06	0.00e+00	0.00e+00	0.00e+00	0.00e+00	0.00e+00
 2.84584e+17	9.97e-01	2.68e-03	3.52e-06	0.00e+00	0.00e+00	0.00e+00	0.00e+00	0.00e+00
 2.85020e+17	9.98e-01	2.03e-03	3.12e-06	0.00e+00	0.00e+00	0.00e+00	0.00e+00	0.00e+00
 2.85417e+17	9.99e-01	1.25e-03	2.57e-06	0.00e+00	0.00e+00	0.00e+00	0.00e+00	0.00e+00
###########################
 1.16948e+13	8.58e-03	6.58e-01	3.24e-01	9.11e-03	2.15e-04	1.46e-06	0.00e+00	0.00e+00
 7.01687e+13	8.59e-03	6.58e-01	3.24e-01	9.12e-03	2.15e-04	1.47e-06	0.00e+00	0.00e+00
 3.04064e+14	8.61e-03	6.57e-01	3.25e-01	9.17e-03	2.16e-04	1.47e-06	0.00e+00	0.00e+00
 1.23965e+15	8.66e-03	6.52e-01	3.30e-01	9.25e-03	2.18e-04	1.49e-06	0.00e+00	0.00e+00
 2.96112e+15	8.72e-03	6.40e-01	3.41e-01	9.77e-03	2.31e-04	1.61e-06	0.00e+00	0.00e+00
 5.19903e+15	8.95e-03	6.35e-01	3.46e-01	9.89e-03	2.34e-04	1.63e-06	0.00e+00	0.00e+00
 8.10832e+15	9.32e-03	6.35e-01	3.46e-01	9.67e-03	2.29e-04	1.58e-06	0.00e+00	0.00e+00
 1.18904e+16	9.95e-03	6.42e-01	3.38e-01	8.98e-03	2.13e-04	1.41e-06	0.00e+00	0.00e+00
 1.63440e+16	1.08e-02	6.56e-01	3.25e-01	8.00e-03	1.91e-04	1.19e-06	0.00e+00	0.00e+00
 2.11289e+16	1.20e-02	6.77e-01	3.04e-01	6.76e-03	1.63e-04	9.33e-07	0.00e+00	0.00e+00
 2.65117e+16	1.37e-02	7.08e-01	2.73e-01	5.26e-03	1.28e-04	0.00e+00	0.00e+00	0.00e+00
 3.27447e+16	1.63e-02	7.48e-01	2.32e-01	3.69e-03	9.19e-05	0.00e+00	0.00e+00	0.00e+00
 3.86054e+16	1.93e-02	7.84e-01	1.94e-01	2.54e-03	6.44e-05	0.00e+00	0.00e+00	0.00e+00
 4.30719e+16	2.22e-02	8.12e-01	1.64e-01	1.83e-03	4.68e-05	0.00e+00	0.00e+00	0.00e+00
 4.67828e+16	2.52e-02	8.34e-01	1.40e-01	1.35e-03	3.47e-05	0.00e+00	0.00e+00	0.00e+00
 5.08903e+16	2.95e-02	8.56e-01	1.14e-01	9.36e-04	2.40e-05	0.00e+00	0.00e+00	0.00e+00
 5.53194e+16	3.51e-02	8.75e-01	8.89e-02	6.16e-04	1.56e-05	0.00e+00	0.00e+00	0.00e+00
 5.90531e+16	4.13e-02	8.88e-01	7.02e-02	4.23e-04	1.04e-05	0.00e+00	0.00e+00	0.00e+00
 6.20068e+16	4.74e-02	8.95e-01	5.70e-02	3.09e-04	7.28e-06	0.00e+00	0.00e+00	0.00e+00
 6.45925e+16	5.41e-02	8.99e-01	4.67e-02	2.32e-04	5.20e-06	0.00e+00	0.00e+00	0.00e+00
 6.70808e+16	6.17e-02	9.00e-01	3.80e-02	1.77e-04	3.71e-06	0.00e+00	0.00e+00	0.00e+00
 6.94811e+16	7.07e-02	8.98e-01	3.07e-02	1.35e-04	2.62e-06	0.00e+00	0.00e+00	0.00e+00
 7.17231e+16	8.06e-02	8.94e-01	2.49e-02	1.06e-04	1.87e-06	0.00e+00	0.00e+00	0.00e+00
 7.37894e+16	9.15e-02	8.88e-01	2.02e-02	8.50e-05	1.35e-06	0.00e+00	0.00e+00	0.00e+00
 7.57406e+16	1.04e-01	8.80e-01	1.65e-02	6.93e-05	9.83e-07	0.00e+00	0.00e+00	0.00e+00
 7.76362e+16	1.17e-01	8.69e-01	1.34e-02	5.72e-05	0.00e+00	0.00e+00	0.00e+00	0.00e+00
 7.94988e+16	1.33e-01	8.56e-01	1.08e-02	4.76e-05	0.00e+00	0.00e+00	0.00e+00	0.00e+00
 8.13103e+16	1.50e-01	8.41e-01	8.70e-03	4.01e-05	0.00e+00	0.00e+00	0.00e+00	0.00e+00
 8.29945e+16	1.68e-01	8.25e-01	7.09e-03	3.45e-05	0.00e+00	0.00e+00	0.00e+00	0.00e+00
 8.45006e+16	1.86e-01	8.08e-01	5.87e-03	3.03e-05	0.00e+00	0.00e+00	0.00e+00	0.00e+00
 8.58761e+16	2.03e-01	7.92e-01	4.93e-03	2.70e-05	0.00e+00	0.00e+00	0.00e+00	0.00e+00
 8.72020e+16	2.21e-01	7.75e-01	4.16e-03	2.42e-05	0.00e+00	0.00e+00	0.00e+00	0.00e+00
 8.84949e+16	2.40e-01	7.56e-01	3.52e-03	2.19e-05	0.00e+00	0.00e+00	0.00e+00	0.00e+00
 8.97423e+16	2.59e-01	7.38e-01	2.99e-03	1.99e-05	0.00e+00	0.00e+00	0.00e+00	0.00e+00
 9.09635e+16	2.79e-01	7.19e-01	2.55e-03	1.82e-05	0.00e+00	0.00e+00	0.00e+00	0.00e+00
 9.19455e+16	2.94e-01	7.03e-01	2.25e-03	1.70e-05	0.00e+00	0.00e+00	0.00e+00	0.00e+00
 9.26243e+16	3.05e-01	6.93e-01	2.07e-03	1.63e-05	0.00e+00	0.00e+00	0.00e+00	0.00e+00
 9.33073e+16	3.16e-01	6.82e-01	1.89e-03	1.55e-05	0.00e+00	0.00e+00	0.00e+00	0.00e+00
 9.41327e+16	3.31e-01	6.67e-01	1.69e-03	1.46e-05	0.00e+00	0.00e+00	0.00e+00	0.00e+00
 9.49879e+16	3.46e-01	6.52e-01	1.51e-03	1.38e-05	0.00e+00	0.00e+00	0.00e+00	0.00e+00
 9.57806e+16	3.60e-01	6.38e-01	1.37e-03	1.31e-05	0.00e+00	0.00e+00	0.00e+00	0.00e+00
 9.65596e+16	3.74e-01	6.25e-01	1.24e-03	1.25e-05	0.00e+00	0.00e+00	0.00e+00	0.00e+00
 9.73846e+16	3.89e-01	6.10e-01	1.11e-03	1.18e-05	0.00e+00	0.00e+00	0.00e+00	0.00e+00
 9.82434e+16	4.04e-01	5.95e-01	9.97e-04	1.11e-05	0.00e+00	0.00e+00	0.00e+00	0.00e+00
 9.91007e+16	4.19e-01	5.80e-01	8.98e-04	1.06e-05	0.00e+00	0.00e+00	0.00e+00	0.00e+00
 9.99625e+16	4.35e-01	5.64e-01	8.05e-04	9.98e-06	0.00e+00	0.00e+00	0.00e+00	0.00e+00
 1.00843e+17	4.50e-01	5.49e-01	7.26e-04	9.48e-06	0.00e+00	0.00e+00	0.00e+00	0.00e+00
 1.01753e+17	4.66e-01	5.33e-01	6.50e-04	8.94e-06	0.00e+00	0.00e+00	0.00e+00	0.00e+00
 1.02690e+17	4.82e-01	5.18e-01	5.84e-04	8.49e-06	0.00e+00	0.00e+00	0.00e+00	0.00e+00
 1.03648e+17	4.97e-01	5.02e-01	5.23e-04	8.01e-06	0.00e+00	0.00e+00	0.00e+00	0.00e+00
 1.04634e+17	5.13e-01	4.86e-01	4.71e-04	7.60e-06	0.00e+00	0.00e+00	0.00e+00	0.00e+00
 1.05655e+17	5.29e-01	4.71e-01	4.22e-04	7.17e-06	0.00e+00	0.00e+00	0.00e+00	0.00e+00
 1.06718e+17	5.45e-01	4.55e-01	3.80e-04	6.79e-06	0.00e+00	0.00e+00	0.00e+00	0.00e+00
 1.07825e+17	5.60e-01	4.39e-01	3.40e-04	6.40e-06	0.00e+00	0.00e+00	0.00e+00	0.00e+00
 1.08983e+17	5.76e-01	4.24e-01	3.06e-04	6.05e-06	0.00e+00	0.00e+00	0.00e+00	0.00e+00
 1.10205e+17	5.91e-01	4.09e-01	2.76e-04	5.72e-06	0.00e+00	0.00e+00	0.00e+00	0.00e+00
 1.11481e+17	6.06e-01	3.94e-01	2.48e-04	5.39e-06	0.00e+00	0.00e+00	0.00e+00	0.00e+00
 1.12777e+17	6.20e-01	3.80e-01	2.26e-04	5.13e-06	0.00e+00	0.00e+00	0.00e+00	0.00e+00
 1.14164e+17	6.34e-01	3.65e-01	2.04e-04	4.83e-06	0.00e+00	0.00e+00	0.00e+00	0.00e+00
 1.15673e+17	6.47e-01	3.52e-01	1.86e-04	4.59e-06	0.00e+00	0.00e+00	0.00e+00	0.00e+00
 1.17211e+17	6.61e-01	3.39e-01	1.69e-04	4.33e-06	0.00e+00	0.00e+00	0.00e+00	0.00e+00
 1.18790e+17	6.72e-01	3.27e-01	1.56e-04	4.14e-06	0.00e+00	0.00e+00	0.00e+00	0.00e+00
 1.20445e+17	6.85e-01	3.15e-01	1.43e-04	3.91e-06	0.00e+00	0.00e+00	0.00e+00	0.00e+00
 1.22265e+17	6.96e-01	3.04e-01	1.32e-04	3.72e-06	0.00e+00	0.00e+00	0.00e+00	0.00e+00
 1.24251e+17	7.07e-01	2.93e-01	1.22e-04	3.54e-06	0.00e+00	0.00e+00	0.00e+00	0.00e+00
 1.26489e+17	7.18e-01	2.82e-01	1.12e-04	3.35e-06	0.00e+00	0.00e+00	0.00e+00	0.00e+00
 1.28942e+17	7.29e-01	2.71e-01	1.04e-04	3.17e-06	0.00e+00	0.00e+00	0.00e+00	0.00e+00
 1.31554e+17	7.39e-01	2.61e-01	9.67e-05	3.03e-06	0.00e+00	0.00e+00	0.00e+00	0.00e+00
 1.34340e+17	7.49e-01	2.51e-01	8.97e-05	2.86e-06	0.00e+00	0.00e+00	0.00e+00	0.00e+00
 1.37482e+17	7.60e-01	2.40e-01	8.31e-05	2.70e-06	0.00e+00	0.00e+00	0.00e+00	0.00e+00
 1.41103e+17	7.71e-01	2.29e-01	7.66e-05	2.53e-06	0.00e+00	0.00e+00	0.00e+00	0.00e+00
 1.45008e+17	7.82e-01	2.18e-01	7.10e-05	2.38e-06	0.00e+00	0.00e+00	0.00e+00	0.00e+00
 1.48902e+17	7.92e-01	2.08e-01	6.61e-05	2.24e-06	0.00e+00	0.00e+00	0.00e+00	0.00e+00
 1.52898e+17	8.01e-01	1.99e-01	6.18e-05	2.11e-06	0.00e+00	0.00e+00	0.00e+00	0.00e+00
 1.57105e+17	8.11e-01	1.89e-01	5.77e-05	1.97e-06	0.00e+00	0.00e+00	0.00e+00	0.00e+00
 1.61478e+17	8.20e-01	1.80e-01	5.40e-05	1.85e-06	0.00e+00	0.00e+00	0.00e+00	0.00e+00
 1.66044e+17	8.29e-01	1.71e-01	5.06e-05	1.73e-06	0.00e+00	0.00e+00	0.00e+00	0.00e+00
 1.70510e+17	8.38e-01	1.62e-01	4.77e-05	1.63e-06	0.00e+00	0.00e+00	0.00e+00	0.00e+00
 1.74960e+17	8.45e-01	1.54e-01	4.50e-05	1.53e-06	0.00e+00	0.00e+00	0.00e+00	0.00e+00
 1.79363e+17	8.53e-01	1.47e-01	4.27e-05	1.44e-06	0.00e+00	0.00e+00	0.00e+00	0.00e+00
 1.83907e+17	8.61e-01	1.39e-01	4.05e-05	1.34e-06	0.00e+00	0.00e+00	0.00e+00	0.00e+00
 1.88286e+17	8.68e-01	1.32e-01	3.85e-05	1.26e-06	0.00e+00	0.00e+00	0.00e+00	0.00e+00
 1.91939e+17	8.73e-01	1.27e-01	3.70e-05	1.19e-06	0.00e+00	0.00e+00	0.00e+00	0.00e+00
 1.95266e+17	8.78e-01	1.22e-01	3.56e-05	1.14e-06	0.00e+00	0.00e+00	0.00e+00	0.00e+00
 1.98615e+17	8.83e-01	1.17e-01	3.44e-05	1.08e-06	0.00e+00	0.00e+00	0.00e+00	0.00e+00
 2.02067e+17	8.88e-01	1.12e-01	3.31e-05	1.02e-06	0.00e+00	0.00e+00	0.00e+00	0.00e+00
 2.05361e+17	8.93e-01	1.07e-01	3.19e-05	9.70e-07	0.00e+00	0.00e+00	0.00e+00	0.00e+00
 2.08327e+17	8.97e-01	1.03e-01	3.09e-05	0.00e+00	0.00e+00	0.00e+00	0.00e+00	0.00e+00
 2.11142e+17	9.01e-01	9.91e-02	3.00e-05	0.00e+00	0.00e+00	0.00e+00	0.00e+00	0.00e+00
 2.13852e+17	9.05e-01	9.51e-02	2.90e-05	0.00e+00	0.00e+00	0.00e+00	0.00e+00	0.00e+00
 2.16453e+17	9.08e-01	9.16e-02	2.83e-05	0.00e+00	0.00e+00	0.00e+00	0.00e+00	0.00e+00
 2.18906e+17	9.12e-01	8.81e-02	2.74e-05	0.00e+00	0.00e+00	0.00e+00	0.00e+00	0.00e+00
 2.21243e+17	9.15e-01	8.50e-02	2.68e-05	0.00e+00	0.00e+00	0.00e+00	0.00e+00	0.00e+00
 2.23477e+17	9.18e-01	8.20e-02	2.61e-05	0.00e+00	0.00e+00	0.00e+00	0.00e+00	0.00e+00
 2.25576e+17	9.21e-01	7.91e-02	2.54e-05	0.00e+00	0.00e+00	0.00e+00	0.00e+00	0.00e+00
 2.27581e+17	9.24e-01	7.64e-02	2.48e-05	0.00e+00	0.00e+00	0.00e+00	0.00e+00	0.00e+00
 2.29505e+17	9.25e-01	7.54e-02	2.43e-05	0.00e+00	0.00e+00	0.00e+00	0.00e+00	0.00e+00
 2.31436e+17	9.27e-01	7.27e-02	2.37e-05	0.00e+00	0.00e+00	0.00e+00	0.00e+00	0.00e+00
 2.33359e+17	9.30e-01	7.03e-02	2.32e-05	0.00e+00	0.00e+00	0.00e+00	0.00e+00	0.00e+00
 2.35109e+17	9.32e-01	6.80e-02	2.26e-05	0.00e+00	0.00e+00	0.00e+00	0.00e+00	0.00e+00
 2.36672e+17	9.34e-01	6.59e-02	2.22e-05	0.00e+00	0.00e+00	0.00e+00	0.00e+00	0.00e+00
 2.38132e+17	9.35e-01	6.45e-02	2.19e-05	0.00e+00	0.00e+00	0.00e+00	0.00e+00	0.00e+00
 2.39669e+17	9.38e-01	6.20e-02	2.14e-05	0.00e+00	0.00e+00	0.00e+00	0.00e+00	0.00e+00
 2.41177e+17	9.40e-01	5.97e-02	2.08e-05	0.00e+00	0.00e+00	0.00e+00	0.00e+00	0.00e+00
 2.42432e+17	9.42e-01	5.80e-02	2.04e-05	0.00e+00	0.00e+00	0.00e+00	0.00e+00	0.00e+00
 2.43510e+17	9.43e-01	5.70e-02	2.02e-05	0.00e+00	0.00e+00	0.00e+00	0.00e+00	0.00e+00
 2.44667e+17	9.45e-01	5.49e-02	1.98e-05	0.00e+00	0.00e+00	0.00e+00	0.00e+00	0.00e+00
 2.45856e+17	9.47e-01	5.29e-02	1.93e-05	0.00e+00	0.00e+00	0.00e+00	0.00e+00	0.00e+00
 2.46845e+17	9.48e-01	5.18e-02	1.91e-05	0.00e+00	0.00e+00	0.00e+00	0.00e+00	0.00e+00
 2.47816e+17	9.50e-01	5.02e-02	1.87e-05	0.00e+00	0.00e+00	0.00e+00	0.00e+00	0.00e+00
 2.48767e+17	9.51e-01	4.85e-02	1.83e-05	0.00e+00	0.00e+00	0.00e+00	0.00e+00	0.00e+00
 2.49527e+17	9.52e-01	4.76e-02	1.81e-05	0.00e+00	0.00e+00	0.00e+00	0.00e+00	0.00e+00
 2.50287e+17	9.53e-01	4.74e-02	1.80e-05	0.00e+00	0.00e+00	0.00e+00	0.00e+00	0.00e+00
 2.51275e+17	9.54e-01	4.64e-02	1.79e-05	0.00e+00	0.00e+00	0.00e+00	0.00e+00	0.00e+00
 2.52560e+17	9.56e-01	4.45e-02	1.74e-05	0.00e+00	0.00e+00	0.00e+00	0.00e+00	0.00e+00
 2.53702e+17	9.57e-01	4.27e-02	1.70e-05	0.00e+00	0.00e+00	0.00e+00	0.00e+00	0.00e+00
 2.54405e+17	9.58e-01	4.18e-02	1.68e-05	0.00e+00	0.00e+00	0.00e+00	0.00e+00	0.00e+00
 2.55063e+17	9.59e-01	4.11e-02	1.66e-05	0.00e+00	0.00e+00	0.00e+00	0.00e+00	0.00e+00
 2.55919e+17	9.60e-01	3.96e-02	1.62e-05	0.00e+00	0.00e+00	0.00e+00	0.00e+00	0.00e+00
 2.56687e+17	9.62e-01	3.80e-02	1.59e-05	0.00e+00	0.00e+00	0.00e+00	0.00e+00	0.00e+00
 2.57150e+17	9.63e-01	3.74e-02	1.57e-05	0.00e+00	0.00e+00	0.00e+00	0.00e+00	0.00e+00
 2.57560e+17	9.63e-01	3.70e-02	1.56e-05	0.00e+00	0.00e+00	0.00e+00	0.00e+00	0.00e+00
 2.58094e+17	9.64e-01	3.62e-02	1.54e-05	0.00e+00	0.00e+00	0.00e+00	0.00e+00	0.00e+00
 2.58676e+17	9.65e-01	3.46e-02	1.51e-05	0.00e+00	0.00e+00	0.00e+00	0.00e+00	0.00e+00
 2.59122e+17	9.66e-01	3.40e-02	1.49e-05	0.00e+00	0.00e+00	0.00e+00	0.00e+00	0.00e+00
 2.59471e+17	9.66e-01	3.35e-02	1.48e-05	0.00e+00	0.00e+00	0.00e+00	0.00e+00	0.00e+00
 2.59892e+17	9.68e-01	3.25e-02	1.45e-05	0.00e+00	0.00e+00	0.00e+00	0.00e+00	0.00e+00
 2.60270e+17	9.68e-01	3.18e-02	1.43e-05	0.00e+00	0.00e+00	0.00e+00	0.00e+00	0.00e+00
 2.60550e+17	9.69e-01	3.13e-02	1.42e-05	0.00e+00	0.00e+00	0.00e+00	0.00e+00	0.00e+00
 2.60874e+17	9.69e-01	3.07e-02	1.40e-05	0.00e+00	0.00e+00	0.00e+00	0.00e+00	0.00e+00
 2.61264e+17	9.71e-01	2.95e-02	1.37e-05	0.00e+00	0.00e+00	0.00e+00	0.00e+00	0.00e+00
 2.61574e+17	9.72e-01	2.83e-02	1.34e-05	0.00e+00	0.00e+00	0.00e+00	0.00e+00	0.00e+00
 2.61737e+17	9.72e-01	2.81e-02	1.33e-05	0.00e+00	0.00e+00	0.00e+00	0.00e+00	0.00e+00
 2.61873e+17	9.72e-01	2.80e-02	1.33e-05	0.00e+00	0.00e+00	0.00e+00	0.00e+00	0.00e+00
 2.62049e+17	9.72e-01	2.76e-02	1.32e-05	0.00e+00	0.00e+00	0.00e+00	0.00e+00	0.00e+00
 2.62278e+17	9.73e-01	2.71e-02	1.31e-05	0.00e+00	0.00e+00	0.00e+00	0.00e+00	0.00e+00
 2.62547e+17	9.74e-01	2.57e-02	1.27e-05	0.00e+00	0.00e+00	0.00e+00	0.00e+00	0.00e+00
 2.62745e+17	9.75e-01	2.52e-02	1.25e-05	0.00e+00	0.00e+00	0.00e+00	0.00e+00	0.00e+00
 2.62858e+17	9.75e-01	2.50e-02	1.24e-05	0.00e+00	0.00e+00	0.00e+00	0.00e+00	0.00e+00
 2.62986e+17	9.75e-01	2.47e-02	1.24e-05	0.00e+00	0.00e+00	0.00e+00	0.00e+00	0.00e+00
 2.63152e+17	9.76e-01	2.43e-02	1.23e-05	0.00e+00	0.00e+00	0.00e+00	0.00e+00	0.00e+00
 2.63355e+17	9.77e-01	2.34e-02	1.20e-05	0.00e+00	0.00e+00	0.00e+00	0.00e+00	0.00e+00
 2.63528e+17	9.77e-01	2.26e-02	1.18e-05	0.00e+00	0.00e+00	0.00e+00	0.00e+00	0.00e+00
 2.63629e+17	9.78e-01	2.23e-02	1.17e-05	0.00e+00	0.00e+00	0.00e+00	0.00e+00	0.00e+00
 2.63707e+17	9.78e-01	2.22e-02	1.16e-05	0.00e+00	0.00e+00	0.00e+00	0.00e+00	0.00e+00
 2.63774e+17	9.78e-01	2.20e-02	1.15e-05	0.00e+00	0.00e+00	0.00e+00	0.00e+00	0.00e+00
 2.63836e+17	9.78e-01	2.18e-02	1.15e-05	0.00e+00	0.00e+00	0.00e+00	0.00e+00	0.00e+00
 2.63900e+17	9.78e-01	2.15e-02	1.14e-05	0.00e+00	0.00e+00	0.00e+00	0.00e+00	0.00e+00
 2.63967e+17	9.79e-01	2.13e-02	1.13e-05	0.00e+00	0.00e+00	0.00e+00	0.00e+00	0.00e+00
 2.64034e+17	9.79e-01	2.12e-02	1.13e-05	0.00e+00	0.00e+00	0.00e+00	0.00e+00	0.00e+00
 2.64104e+17	9.79e-01	2.10e-02	1.12e-05	0.00e+00	0.00e+00	0.00e+00	0.00e+00	0.00e+00
 2.64174e+17	9.79e-01	2.07e-02	1.11e-05	0.00e+00	0.00e+00	0.00e+00	0.00e+00	0.00e+00
 2.64236e+17	9.80e-01	2.05e-02	1.11e-05	0.00e+00	0.00e+00	0.00e+00	0.00e+00	0.00e+00
 2.64297e+17	9.80e-01	2.03e-02	1.10e-05	0.00e+00	0.00e+00	0.00e+00	0.00e+00	0.00e+00
 2.64355e+17	9.80e-01	2.00e-02	1.09e-05	0.00e+00	0.00e+00	0.00e+00	0.00e+00	0.00e+00
 2.64411e+17	9.80e-01	1.98e-02	1.08e-05	0.00e+00	0.00e+00	0.00e+00	0.00e+00	0.00e+00
 2.64471e+17	9.80e-01	1.96e-02	1.08e-05	0.00e+00	0.00e+00	0.00e+00	0.00e+00	0.00e+00
 2.64527e+17	9.81e-01	1.94e-02	1.07e-05	0.00e+00	0.00e+00	0.00e+00	0.00e+00	0.00e+00
 2.64578e+17	9.81e-01	1.92e-02	1.06e-05	0.00e+00	0.00e+00	0.00e+00	0.00e+00	0.00e+00
 2.64635e+17	9.81e-01	1.89e-02	1.05e-05	0.00e+00	0.00e+00	0.00e+00	0.00e+00	0.00e+00
 2.64694e+17	9.81e-01	1.87e-02	1.05e-05	0.00e+00	0.00e+00	0.00e+00	0.00e+00	0.00e+00
 2.64747e+17	9.82e-01	1.85e-02	1.04e-05	0.00e+00	0.00e+00	0.00e+00	0.00e+00	0.00e+00
 2.64796e+17	9.82e-01	1.83e-02	1.03e-05	0.00e+00	0.00e+00	0.00e+00	0.00e+00	0.00e+00
 2.64847e+17	9.82e-01	1.81e-02	1.02e-05	0.00e+00	0.00e+00	0.00e+00	0.00e+00	0.00e+00
 2.64899e+17	9.82e-01	1.78e-02	1.02e-05	0.00e+00	0.00e+00	0.00e+00	0.00e+00	0.00e+00
 2.64961e+17	9.82e-01	1.76e-02	1.01e-05	0.00e+00	0.00e+00	0.00e+00	0.00e+00	0.00e+00
 2.65024e+17	9.83e-01	1.73e-02	1.00e-05	0.00e+00	0.00e+00	0.00e+00	0.00e+00	0.00e+00
 2.65080e+17	9.83e-01	1.71e-02	9.91e-06	0.00e+00	0.00e+00	0.00e+00	0.00e+00	0.00e+00
 2.65135e+17	9.83e-01	1.68e-02	9.81e-06	0.00e+00	0.00e+00	0.00e+00	0.00e+00	0.00e+00
 2.65187e+17	9.85e-01	1.52e-02	9.18e-06	0.00e+00	0.00e+00	0.00e+00	0.00e+00	0.00e+00
 2.65235e+17	9.85e-01	1.48e-02	9.00e-06	0.00e+00	0.00e+00	0.00e+00	0.00e+00	0.00e+00
 2.65272e+17	9.86e-01	1.44e-02	8.83e-06	0.00e+00	0.00e+00	0.00e+00	0.00e+00	0.00e+00
 2.65297e+17	9.86e-01	1.42e-02	8.75e-06	0.00e+00	0.00e+00	0.00e+00	0.00e+00	0.00e+00
 2.65322e+17	9.86e-01	1.40e-02	8.67e-06	0.00e+00	0.00e+00	0.00e+00	0.00e+00	0.00e+00
 2.65355e+17	9.86e-01	1.38e-02	8.59e-06	0.00e+00	0.00e+00	0.00e+00	0.00e+00	0.00e+00
 2.65398e+17	9.86e-01	1.36e-02	8.51e-06	0.00e+00	0.00e+00	0.00e+00	0.00e+00	0.00e+00
 2.65453e+17	9.87e-01	1.29e-02	8.17e-06	0.00e+00	0.00e+00	0.00e+00	0.00e+00	0.00e+00
 2.65512e+17	9.88e-01	1.19e-02	7.67e-06	0.00e+00	0.00e+00	0.00e+00	0.00e+00	0.00e+00
 2.65566e+17	9.89e-01	1.15e-02	7.45e-06	0.00e+00	0.00e+00	0.00e+00	0.00e+00	0.00e+00
 2.65615e+17	9.89e-01	1.12e-02	7.30e-06	0.00e+00	0.00e+00	0.00e+00	0.00e+00	0.00e+00
 2.65660e+17	9.89e-01	1.09e-02	7.16e-06	0.00e+00	0.00e+00	0.00e+00	0.00e+00	0.00e+00
 2.65703e+17	9.89e-01	1.07e-02	7.03e-06	0.00e+00	0.00e+00	0.00e+00	0.00e+00	0.00e+00
 2.65743e+17	9.89e-01	1.06e-02	6.97e-06	0.00e+00	0.00e+00	0.00e+00	0.00e+00	0.00e+00
 2.65788e+17	9.90e-01	1.05e-02	6.91e-06	0.00e+00	0.00e+00	0.00e+00	0.00e+00	0.00e+00
 2.65848e+17	9.90e-01	1.04e-02	6.85e-06	0.00e+00	0.00e+00	0.00e+00	0.00e+00	0.00e+00
 2.65924e+17	9.90e-01	1.00e-02	6.64e-06	0.00e+00	0.00e+00	0.00e+00	0.00e+00	0.00e+00
 2.66007e+17	9.90e-01	9.66e-03	6.44e-06	0.00e+00	0.00e+00	0.00e+00	0.00e+00	0.00e+00
 2.66083e+17	9.91e-01	9.47e-03	6.33e-06	0.00e+00	0.00e+00	0.00e+00	0.00e+00	0.00e+00
 2.66150e+17	9.91e-01	9.37e-03	6.27e-06	0.00e+00	0.00e+00	0.00e+00	0.00e+00	0.00e+00
 2.66223e+17	9.91e-01	9.29e-03	6.22e-06	0.00e+00	0.00e+00	0.00e+00	0.00e+00	0.00e+00
 2.66318e+17	9.91e-01	9.10e-03	6.11e-06	0.00e+00	0.00e+00	0.00e+00	0.00e+00	0.00e+00
 2.66426e+17	9.91e-01	8.88e-03	5.98e-06	0.00e+00	0.00e+00	0.00e+00	0.00e+00	0.00e+00
 2.66531e+17	9.91e-01	8.70e-03	5.87e-06	0.00e+00	0.00e+00	0.00e+00	0.00e+00	0.00e+00
 2.66622e+17	9.91e-01	8.62e-03	5.82e-06	0.00e+00	0.00e+00	0.00e+00	0.00e+00	0.00e+00
 2.66717e+17	9.91e-01	8.56e-03	5.78e-06	0.00e+00	0.00e+00	0.00e+00	0.00e+00	0.00e+00
 2.66840e+17	9.92e-01	8.45e-03	5.72e-06	0.00e+00	0.00e+00	0.00e+00	0.00e+00	0.00e+00
 2.67000e+17	9.92e-01	8.23e-03	5.60e-06	0.00e+00	0.00e+00	0.00e+00	0.00e+00	0.00e+00
 2.67173e+17	9.92e-01	8.01e-03	5.47e-06	0.00e+00	0.00e+00	0.00e+00	0.00e+00	0.00e+00
 2.67331e+17	9.92e-01	7.93e-03	5.42e-06	0.00e+00	0.00e+00	0.00e+00	0.00e+00	0.00e+00
 2.67497e+17	9.92e-01	7.79e-03	5.33e-06	0.00e+00	0.00e+00	0.00e+00	0.00e+00	0.00e+00
 2.67684e+17	9.92e-01	7.69e-03	5.28e-06	0.00e+00	0.00e+00	0.00e+00	0.00e+00	0.00e+00
 2.67875e+17	9.92e-01	7.59e-03	5.23e-06	0.00e+00	0.00e+00	0.00e+00	0.00e+00	0.00e+00
 2.68079e+17	9.92e-01	7.50e-03	5.18e-06	0.00e+00	0.00e+00	0.00e+00	0.00e+00	0.00e+00
 2.68298e+17	9.93e-01	7.39e-03	5.13e-06	0.00e+00	0.00e+00	0.00e+00	0.00e+00	0.00e+00
 2.68511e+17	9.93e-01	7.30e-03	5.08e-06	0.00e+00	0.00e+00	0.00e+00	0.00e+00	0.00e+00
 2.68722e+17	9.93e-01	7.23e-03	5.04e-06	0.00e+00	0.00e+00	0.00e+00	0.00e+00	0.00e+00
 2.68956e+17	9.93e-01	7.15e-03	5.01e-06	0.00e+00	0.00e+00	0.00e+00	0.00e+00	0.00e+00
 2.69212e+17	9.93e-01	7.06e-03	4.98e-06	0.00e+00	0.00e+00	0.00e+00	0.00e+00	0.00e+00
 2.69472e+17	9.93e-01	6.97e-03	4.94e-06	0.00e+00	0.00e+00	0.00e+00	0.00e+00	0.00e+00
 2.69729e+17	9.93e-01	6.92e-03	4.93e-06	0.00e+00	0.00e+00	0.00e+00	0.00e+00	0.00e+00
 2.70001e+17	9.93e-01	6.87e-03	4.91e-06	0.00e+00	0.00e+00	0.00e+00	0.00e+00	0.00e+00
 2.70330e+17	9.93e-01	6.79e-03	4.90e-06	0.00e+00	0.00e+00	0.00e+00	0.00e+00	0.00e+00
 2.70692e+17	9.93e-01	6.70e-03	4.89e-06	0.00e+00	0.00e+00	0.00e+00	0.00e+00	0.00e+00
 2.71026e+17	9.93e-01	6.66e-03	4.88e-06	0.00e+00	0.00e+00	0.00e+00	0.00e+00	0.00e+00
 2.71362e+17	9.93e-01	6.64e-03	4.90e-06	0.00e+00	0.00e+00	0.00e+00	0.00e+00	0.00e+00
 2.71772e+17	9.93e-01	6.59e-03	4.91e-06	0.00e+00	0.00e+00	0.00e+00	0.00e+00	0.00e+00
 2.72271e+17	9.93e-01	6.50e-03	4.92e-06	0.00e+00	0.00e+00	0.00e+00	0.00e+00	0.00e+00
 2.72793e+17	9.94e-01	6.44e-03	4.94e-06	0.00e+00	0.00e+00	0.00e+00	0.00e+00	0.00e+00
 2.73299e+17	9.94e-01	6.46e-03	5.01e-06	0.00e+00	0.00e+00	0.00e+00	0.00e+00	0.00e+00
 2.73878e+17	9.94e-01	6.41e-03	5.03e-06	0.00e+00	0.00e+00	0.00e+00	0.00e+00	0.00e+00
 2.74613e+17	9.94e-01	6.30e-03	5.05e-06	0.00e+00	0.00e+00	0.00e+00	0.00e+00	0.00e+00
 2.75400e+17	9.94e-01	6.18e-03	5.08e-06	0.00e+00	0.00e+00	0.00e+00	0.00e+00	0.00e+00
 2.76102e+17	9.94e-01	6.19e-03	5.15e-06	0.00e+00	0.00e+00	0.00e+00	0.00e+00	0.00e+00
 2.76839e+17	9.94e-01	6.14e-03	5.17e-06	0.00e+00	0.00e+00	0.00e+00	0.00e+00	0.00e+00
 2.77798e+17	9.94e-01	5.95e-03	5.15e-06	0.00e+00	0.00e+00	0.00e+00	0.00e+00	0.00e+00
 2.78801e+17	9.94e-01	5.71e-03	5.10e-06	0.00e+00	0.00e+00	0.00e+00	0.00e+00	0.00e+00
 2.79595e+17	9.94e-01	5.57e-03	5.06e-06	0.00e+00	0.00e+00	0.00e+00	0.00e+00	0.00e+00
 2.80242e+17	9.95e-01	5.47e-03	5.02e-06	0.00e+00	0.00e+00	0.00e+00	0.00e+00	0.00e+00
 2.80958e+17	9.95e-01	5.24e-03	4.91e-06	0.00e+00	0.00e+00	0.00e+00	0.00e+00	0.00e+00
 2.81715e+17	9.95e-01	4.83e-03	4.71e-06	0.00e+00	0.00e+00	0.00e+00	0.00e+00	0.00e+00
 2.82396e+17	9.96e-01	4.45e-03	4.49e-06	0.00e+00	0.00e+00	0.00e+00	0.00e+00	0.00e+00
 2.83016e+17	9.96e-01	4.06e-03	4.30e-06	0.00e+00	0.00e+00	0.00e+00	0.00e+00	0.00e+00
 2.83580e+17	9.96e-01	3.61e-03	4.06e-06	0.00e+00	0.00e+00	0.00e+00	0.00e+00	0.00e+00
 2.84093e+17	9.97e-01	3.17e-03	3.81e-06	0.00e+00	0.00e+00	0.00e+00	0.00e+00	0.00e+00
 2.84560e+17	9.97e-01	2.62e-03	3.49e-06	0.00e+00	0.00e+00	0.00e+00	0.00e+00	0.00e+00
 2.84985e+17	9.98e-01	1.96e-03	3.08e-06	0.00e+00	0.00e+00	0.00e+00	0.00e+00	0.00e+00
 2.85372e+17	9.99e-01	1.14e-03	2.48e-06	0.00e+00	0.00e+00	0.00e+00	0.00e+00	0.00e+00
###########################
 1.16948e+13	8.58e-03	6.58e-01	3.24e-01	9.11e-03	2.15e-04	1.46e-06	0.00e+00	0.00e+00
 7.01687e+13	8.59e-03	6.58e-01	3.24e-01	9.12e-03	2.15e-04	1.47e-06	0.00e+00	0.00e+00
 3.04064e+14	8.61e-03	6.57e-01	3.25e-01	9.17e-03	2.16e-04	1.47e-06	0.00e+00	0.00e+00
 1.23965e+15	8.66e-03	6.52e-01	3.29e-01	9.25e-03	2.18e-04	1.49e-06	0.00e+00	0.00e+00
 2.96112e+15	8.72e-03	6.40e-01	3.41e-01	9.77e-03	2.31e-04	1.61e-06	0.00e+00	0.00e+00
 5.19903e+15	8.95e-03	6.35e-01	3.46e-01	9.89e-03	2.34e-04	1.63e-06	0.00e+00	0.00e+00
 8.10832e+15	9.32e-03	6.35e-01	3.46e-01	9.67e-03	2.29e-04	1.58e-06	0.00e+00	0.00e+00
 1.18904e+16	9.95e-03	6.42e-01	3.38e-01	8.98e-03	2.13e-04	1.41e-06	0.00e+00	0.00e+00
 1.63439e+16	1.08e-02	6.56e-01	3.25e-01	8.00e-03	1.91e-04	1.19e-06	0.00e+00	0.00e+00
 2.11287e+16	1.20e-02	6.77e-01	3.04e-01	6.76e-03	1.63e-04	9.33e-07	0.00e+00	0.00e+00
 2.65114e+16	1.37e-02	7.08e-01	2.73e-01	5.26e-03	1.28e-04	0.00e+00	0.00e+00	0.00e+00
 3.27443e+16	1.63e-02	7.48e-01	2.32e-01	3.69e-03	9.19e-05	0.00e+00	0.00e+00	0.00e+00
 3.86049e+16	1.93e-02	7.84e-01	1.94e-01	2.54e-03	6.44e-05	0.00e+00	0.00e+00	0.00e+00
 4.30714e+16	2.22e-02	8.12e-01	1.64e-01	1.83e-03	4.68e-05	0.00e+00	0.00e+00	0.00e+00
 4.67823e+16	2.52e-02	8.34e-01	1.40e-01	1.35e-03	3.47e-05	0.00e+00	0.00e+00	0.00e+00
 5.08897e+16	2.95e-02	8.56e-01	1.14e-01	9.36e-04	2.40e-05	0.00e+00	0.00e+00	0.00e+00
 5.53187e+16	3.51e-02	8.75e-01	8.89e-02	6.16e-04	1.56e-05	0.00e+00	0.00e+00	0.00e+00
 5.90523e+16	4.13e-02	8.88e-01	7.02e-02	4.23e-04	1.03e-05	0.00e+00	0.00e+00	0.00e+00
 6.20057e+16	4.74e-02	8.95e-01	5.70e-02	3.09e-04	7.28e-06	0.00e+00	0.00e+00	0.00e+00
 6.45914e+16	5.41e-02	8.99e-01	4.67e-02	2.32e-04	5.20e-06	0.00e+00	0.00e+00	0.00e+00
 6.70797e+16	6.17e-02	9.00e-01	3.80e-02	1.77e-04	3.71e-06	0.00e+00	0.00e+00	0.00e+00
 6.94800e+16	7.07e-02	8.98e-01	3.07e-02	1.35e-04	2.62e-06	0.00e+00	0.00e+00	0.00e+00
 7.17220e+16	8.06e-02	8.94e-01	2.49e-02	1.06e-04	1.87e-06	0.00e+00	0.00e+00	0.00e+00
 7.37882e+16	9.15e-02	8.88e-01	2.02e-02	8.50e-05	1.35e-06	0.00e+00	0.00e+00	0.00e+00
 7.57394e+16	1.04e-01	8.80e-01	1.65e-02	6.93e-05	9.83e-07	0.00e+00	0.00e+00	0.00e+00
 7.76350e+16	1.17e-01	8.69e-01	1.34e-02	5.72e-05	0.00e+00	0.00e+00	0.00e+00	0.00e+00
 7.94976e+16	1.33e-01	8.56e-01	1.08e-02	4.76e-05	0.00e+00	0.00e+00	0.00e+00	0.00e+00
 8.13090e+16	1.50e-01	8.41e-01	8.70e-03	4.01e-05	0.00e+00	0.00e+00	0.00e+00	0.00e+00
 8.29932e+16	1.68e-01	8.25e-01	7.09e-03	3.45e-05	0.00e+00	0.00e+00	0.00e+00	0.00e+00
 8.44993e+16	1.86e-01	8.08e-01	5.87e-03	3.03e-05	0.00e+00	0.00e+00	0.00e+00	0.00e+00
 8.58748e+16	2.03e-01	7.92e-01	4.93e-03	2.70e-05	0.00e+00	0.00e+00	0.00e+00	0.00e+00
 8.72007e+16	2.21e-01	7.75e-01	4.16e-03	2.42e-05	0.00e+00	0.00e+00	0.00e+00	0.00e+00
 8.84935e+16	2.40e-01	7.56e-01	3.52e-03	2.19e-05	0.00e+00	0.00e+00	0.00e+00	0.00e+00
 8.97409e+16	2.59e-01	7.38e-01	2.99e-03	1.99e-05	0.00e+00	0.00e+00	0.00e+00	0.00e+00
 9.09621e+16	2.79e-01	7.19e-01	2.55e-03	1.82e-05	0.00e+00	0.00e+00	0.00e+00	0.00e+00
 9.19441e+16	2.94e-01	7.03e-01	2.25e-03	1.70e-05	0.00e+00	0.00e+00	0.00e+00	0.00e+00
 9.26228e+16	3.05e-01	6.93e-01	2.07e-03	1.63e-05	0.00e+00	0.00e+00	0.00e+00	0.00e+00
 9.32900e+16	3.16e-01	6.82e-01	1.89e-03	1.55e-05	0.00e+00	0.00e+00	0.00e+00	0.00e+00
 9.40944e+16	3.31e-01	6.68e-01	1.70e-03	1.47e-05	0.00e+00	0.00e+00	0.00e+00	0.00e+00
 9.49611e+16	3.46e-01	6.52e-01	1.51e-03	1.38e-05	0.00e+00	0.00e+00	0.00e+00	0.00e+00
 9.57764e+16	3.60e-01	6.39e-01	1.37e-03	1.31e-05	0.00e+00	0.00e+00	0.00e+00	0.00e+00
 9.65643e+16	3.74e-01	6.25e-01	1.23e-03	1.24e-05	0.00e+00	0.00e+00	0.00e+00	0.00e+00
 9.73787e+16	3.89e-01	6.10e-01	1.11e-03	1.18e-05	0.00e+00	0.00e+00	0.00e+00	0.00e+00
 9.82246e+16	4.04e-01	5.95e-01	1.00e-03	1.12e-05	0.00e+00	0.00e+00	0.00e+00	0.00e+00
 9.91040e+16	4.20e-01	5.79e-01	8.94e-04	1.05e-05	0.00e+00	0.00e+00	0.00e+00	0.00e+00
 9.99787e+16	4.35e-01	5.64e-01	8.05e-04	1.00e-05	0.00e+00	0.00e+00	0.00e+00	0.00e+00
 1.00839e+17	4.50e-01	5.49e-01	7.24e-04	9.45e-06	0.00e+00	0.00e+00	0.00e+00	0.00e+00
 1.01735e+17	4.65e-01	5.34e-01	6.52e-04	8.98e-06	0.00e+00	0.00e+00	0.00e+00	0.00e+00
 1.02679e+17	4.82e-01	5.18e-01	5.83e-04	8.47e-06	0.00e+00	0.00e+00	0.00e+00	0.00e+00
 1.03649e+17	4.97e-01	5.02e-01	5.24e-04	8.03e-06	0.00e+00	0.00e+00	0.00e+00	0.00e+00
 1.04632e+17	5.13e-01	4.86e-01	4.70e-04	7.58e-06	0.00e+00	0.00e+00	0.00e+00	0.00e+00
 1.05646e+17	5.29e-01	4.71e-01	4.23e-04	7.19e-06	0.00e+00	0.00e+00	0.00e+00	0.00e+00
 1.06707e+17	5.45e-01	4.55e-01	3.79e-04	6.78e-06	0.00e+00	0.00e+00	0.00e+00	0.00e+00
 1.07818e+17	5.60e-01	4.39e-01	3.41e-04	6.42e-06	0.00e+00	0.00e+00	0.00e+00	0.00e+00
 1.08978e+17	5.76e-01	4.24e-01	3.06e-04	6.05e-06	0.00e+00	0.00e+00	0.00e+00	0.00e+00
 1.10188e+17	5.91e-01	4.09e-01	2.75e-04	5.71e-06	0.00e+00	0.00e+00	0.00e+00	0.00e+00
 1.11475e+17	6.06e-01	3.94e-01	2.48e-04	5.41e-06	0.00e+00	0.00e+00	0.00e+00	0.00e+00
 1.12840e+17	6.21e-01	3.79e-01	2.24e-04	5.10e-06	0.00e+00	0.00e+00	0.00e+00	0.00e+00
 1.14247e+17	6.35e-01	3.65e-01	2.03e-04	4.81e-06	0.00e+00	0.00e+00	0.00e+00	0.00e+00
 1.15732e+17	6.48e-01	3.51e-01	1.85e-04	4.57e-06	0.00e+00	0.00e+00	0.00e+00	0.00e+00
 1.17410e+17	6.63e-01	3.37e-01	1.67e-04	4.29e-06	0.00e+00	0.00e+00	0.00e+00	0.00e+00
 1.19224e+17	6.76e-01	3.23e-01	1.51e-04	4.05e-06	0.00e+00	0.00e+00	0.00e+00	0.00e+00
 1.20993e+17	6.88e-01	3.12e-01	1.40e-04	3.85e-06	0.00e+00	0.00e+00	0.00e+00	0.00e+00
 1.22890e+17	6.99e-01	3.00e-01	1.28e-04	3.66e-06	0.00e+00	0.00e+00	0.00e+00	0.00e+00
 1.25086e+17	7.11e-01	2.89e-01	1.18e-04	3.46e-06	0.00e+00	0.00e+00	0.00e+00	0.00e+00
 1.27422e+17	7.23e-01	2.77e-01	1.09e-04	3.28e-06	0.00e+00	0.00e+00	0.00e+00	0.00e+00
 1.30008e+17	7.33e-01	2.67e-01	1.01e-04	3.11e-06	0.00e+00	0.00e+00	0.00e+00	0.00e+00
 1.32800e+17	7.44e-01	2.55e-01	9.30e-05	2.93e-06	0.00e+00	0.00e+00	0.00e+00	0.00e+00
 1.35870e+17	7.55e-01	2.44e-01	8.60e-05	2.77e-06	0.00e+00	0.00e+00	0.00e+00	0.00e+00
 1.39483e+17	7.66e-01	2.34e-01	7.94e-05	2.61e-06	0.00e+00	0.00e+00	0.00e+00	0.00e+00
 1.43038e+17	7.76e-01	2.24e-01	7.39e-05	2.46e-06	0.00e+00	0.00e+00	0.00e+00	0.00e+00
 1.46478e+17	7.86e-01	2.14e-01	6.91e-05	2.33e-06	0.00e+00	0.00e+00	0.00e+00	0.00e+00
 1.50543e+17	7.95e-01	2.05e-01	6.43e-05	2.19e-06	0.00e+00	0.00e+00	0.00e+00	0.00e+00
 1.54845e+17	8.06e-01	1.94e-01	5.97e-05	2.04e-06	0.00e+00	0.00e+00	0.00e+00	0.00e+00
 1.59047e+17	8.15e-01	1.85e-01	5.59e-05	1.92e-06	0.00e+00	0.00e+00	0.00e+00	0.00e+00
 1.63387e+17	8.24e-01	1.76e-01	5.25e-05	1.80e-06	0.00e+00	0.00e+00	0.00e+00	0.00e+00
 1.67826e+17	8.33e-01	1.67e-01	4.94e-05	1.69e-06	0.00e+00	0.00e+00	0.00e+00	0.00e+00
 1.72333e+17	8.40e-01	1.59e-01	4.66e-05	1.59e-06	0.00e+00	0.00e+00	0.00e+00	0.00e+00
 1.76622e+17	8.48e-01	1.52e-01	4.43e-05	1.50e-06	0.00e+00	0.00e+00	0.00e+00	0.00e+00
 1.80794e+17	8.55e-01	1.45e-01	4.20e-05	1.40e-06	0.00e+00	0.00e+00	0.00e+00	0.00e+00
 1.85510e+17	8.63e-01	1.37e-01	3.97e-05	1.31e-06	0.00e+00	0.00e+00	0.00e+00	0.00e+00
 1.90082e+17	8.71e-01	1.29e-01	3.76e-05	1.22e-06	0.00e+00	0.00e+00	0.00e+00	0.00e+00
 1.93731e+17	8.76e-01	1.24e-01	3.62e-05	1.16e-06	0.00e+00	0.00e+00	0.00e+00	0.00e+00
 1.97027e+17	8.81e-01	1.19e-01	3.50e-05	1.11e-06	0.00e+00	0.00e+00	0.00e+00	0.00e+00
 2.00431e+17	8.86e-01	1.14e-01	3.37e-05	1.05e-06	0.00e+00	0.00e+00	0.00e+00	0.00e+00
 2.03795e+17	8.91e-01	1.09e-01	3.24e-05	9.91e-07	0.00e+00	0.00e+00	0.00e+00	0.00e+00
 2.06916e+17	8.95e-01	1.05e-01	3.13e-05	0.00e+00	0.00e+00	0.00e+00	0.00e+00	0.00e+00
 2.09760e+17	8.99e-01	1.01e-01	3.04e-05	0.00e+00	0.00e+00	0.00e+00	0.00e+00	0.00e+00
 2.12460e+17	9.03e-01	9.70e-02	2.95e-05	0.00e+00	0.00e+00	0.00e+00	0.00e+00	0.00e+00
 2.15187e+17	9.07e-01	9.33e-02	2.86e-05	0.00e+00	0.00e+00	0.00e+00	0.00e+00	0.00e+00
 2.17763e+17	9.10e-01	8.96e-02	2.78e-05	0.00e+00	0.00e+00	0.00e+00	0.00e+00	0.00e+00
 2.20147e+17	9.13e-01	8.65e-02	2.71e-05	0.00e+00	0.00e+00	0.00e+00	0.00e+00	0.00e+00
 2.22405e+17	9.17e-01	8.34e-02	2.64e-05	0.00e+00	0.00e+00	0.00e+00	0.00e+00	0.00e+00
 2.24546e+17	9.19e-01	8.05e-02	2.57e-05	0.00e+00	0.00e+00	0.00e+00	0.00e+00	0.00e+00
 2.26607e+17	9.22e-01	7.77e-02	2.51e-05	0.00e+00	0.00e+00	0.00e+00	0.00e+00	0.00e+00
 2.28584e+17	9.24e-01	7.56e-02	2.46e-05	0.00e+00	0.00e+00	0.00e+00	0.00e+00	0.00e+00
 2.30495e+17	9.26e-01	7.39e-02	2.40e-05	0.00e+00	0.00e+00	0.00e+00	0.00e+00	0.00e+00
 2.32376e+17	9.28e-01	7.17e-02	2.35e-05	0.00e+00	0.00e+00	0.00e+00	0.00e+00	0.00e+00
 2.34216e+17	9.31e-01	6.92e-02	2.29e-05	0.00e+00	0.00e+00	0.00e+00	0.00e+00	0.00e+00
 2.35926e+17	9.33e-01	6.68e-02	2.24e-05	0.00e+00	0.00e+00	0.00e+00	0.00e+00	0.00e+00
 2.37460e+17	9.35e-01	6.48e-02	2.20e-05	0.00e+00	0.00e+00	0.00e+00	0.00e+00	0.00e+00
 2.38872e+17	9.37e-01	6.35e-02	2.17e-05	0.00e+00	0.00e+00	0.00e+00	0.00e+00	0.00e+00
 2.40355e+17	9.39e-01	6.09e-02	2.11e-05	0.00e+00	0.00e+00	0.00e+00	0.00e+00	0.00e+00
 2.41796e+17	9.41e-01	5.88e-02	2.06e-05	0.00e+00	0.00e+00	0.00e+00	0.00e+00	0.00e+00
 2.42966e+17	9.42e-01	5.77e-02	2.04e-05	0.00e+00	0.00e+00	0.00e+00	0.00e+00	0.00e+00
 2.44127e+17	9.44e-01	5.58e-02	1.99e-05	0.00e+00	0.00e+00	0.00e+00	0.00e+00	0.00e+00
 2.45268e+17	9.46e-01	5.37e-02	1.95e-05	0.00e+00	0.00e+00	0.00e+00	0.00e+00	0.00e+00
 2.46265e+17	9.47e-01	5.28e-02	1.93e-05	0.00e+00	0.00e+00	0.00e+00	0.00e+00	0.00e+00
 2.47308e+17	9.49e-01	5.09e-02	1.89e-05	0.00e+00	0.00e+00	0.00e+00	0.00e+00	0.00e+00
 2.48285e+17	9.50e-01	4.98e-02	1.86e-05	0.00e+00	0.00e+00	0.00e+00	0.00e+00	0.00e+00
 2.49146e+17	9.52e-01	4.81e-02	1.82e-05	0.00e+00	0.00e+00	0.00e+00	0.00e+00	0.00e+00
 2.49928e+17	9.53e-01	4.74e-02	1.81e-05	0.00e+00	0.00e+00	0.00e+00	0.00e+00	0.00e+00
 2.50730e+17	9.53e-01	4.72e-02	1.80e-05	0.00e+00	0.00e+00	0.00e+00	0.00e+00	0.00e+00
 2.51772e+17	9.54e-01	4.61e-02	1.78e-05	0.00e+00	0.00e+00	0.00e+00	0.00e+00	0.00e+00
 2.52956e+17	9.56e-01	4.38e-02	1.73e-05	0.00e+00	0.00e+00	0.00e+00	0.00e+00	0.00e+00
 2.53917e+17	9.58e-01	4.23e-02	1.69e-05	0.00e+00	0.00e+00	0.00e+00	0.00e+00	0.00e+00
 2.54527e+17	9.58e-01	4.17e-02	1.68e-05	0.00e+00	0.00e+00	0.00e+00	0.00e+00	0.00e+00
 2.55089e+17	9.59e-01	4.11e-02	1.66e-05	0.00e+00	0.00e+00	0.00e+00	0.00e+00	0.00e+00
 2.55820e+17	9.60e-01	3.96e-02	1.63e-05	0.00e+00	0.00e+00	0.00e+00	0.00e+00	0.00e+00
 2.56519e+17	9.62e-01	3.82e-02	1.59e-05	0.00e+00	0.00e+00	0.00e+00	0.00e+00	0.00e+00
 2.57007e+17	9.62e-01	3.79e-02	1.58e-05	0.00e+00	0.00e+00	0.00e+00	0.00e+00	0.00e+00
 2.57473e+17	9.63e-01	3.73e-02	1.57e-05	0.00e+00	0.00e+00	0.00e+00	0.00e+00	0.00e+00
 2.58078e+17	9.64e-01	3.59e-02	1.54e-05	0.00e+00	0.00e+00	0.00e+00	0.00e+00	0.00e+00
 2.58622e+17	9.65e-01	3.45e-02	1.50e-05	0.00e+00	0.00e+00	0.00e+00	0.00e+00	0.00e+00
 2.58955e+17	9.66e-01	3.42e-02	1.49e-05	0.00e+00	0.00e+00	0.00e+00	0.00e+00	0.00e+00
 2.59260e+17	9.66e-01	3.39e-02	1.48e-05	0.00e+00	0.00e+00	0.00e+00	0.00e+00	0.00e+00
 2.59655e+17	9.67e-01	3.33e-02	1.47e-05	0.00e+00	0.00e+00	0.00e+00	0.00e+00	0.00e+00
 2.60078e+17	9.68e-01	3.20e-02	1.44e-05	0.00e+00	0.00e+00	0.00e+00	0.00e+00	0.00e+00
 2.60400e+17	9.69e-01	3.14e-02	1.42e-05	0.00e+00	0.00e+00	0.00e+00	0.00e+00	0.00e+00
 2.60681e+17	9.69e-01	3.09e-02	1.41e-05	0.00e+00	0.00e+00	0.00e+00	0.00e+00	0.00e+00
 2.61037e+17	9.70e-01	3.03e-02	1.39e-05	0.00e+00	0.00e+00	0.00e+00	0.00e+00	0.00e+00
 2.61407e+17	9.71e-01	2.86e-02	1.35e-05	0.00e+00	0.00e+00	0.00e+00	0.00e+00	0.00e+00
 2.61654e+17	9.72e-01	2.82e-02	1.34e-05	0.00e+00	0.00e+00	0.00e+00	0.00e+00	0.00e+00
 2.61818e+17	9.72e-01	2.81e-02	1.33e-05	0.00e+00	0.00e+00	0.00e+00	0.00e+00	0.00e+00
 2.62025e+17	9.72e-01	2.77e-02	1.32e-05	0.00e+00	0.00e+00	0.00e+00	0.00e+00	0.00e+00
 2.62294e+17	9.73e-01	2.71e-02	1.31e-05	0.00e+00	0.00e+00	0.00e+00	0.00e+00	0.00e+00
 2.62577e+17	9.74e-01	2.55e-02	1.26e-05	0.00e+00	0.00e+00	0.00e+00	0.00e+00	0.00e+00
 2.62758e+17	9.75e-01	2.51e-02	1.25e-05	0.00e+00	0.00e+00	0.00e+00	0.00e+00	0.00e+00
 2.62865e+17	9.75e-01	2.49e-02	1.24e-05	0.00e+00	0.00e+00	0.00e+00	0.00e+00	0.00e+00
 2.62995e+17	9.75e-01	2.46e-02	1.23e-05	0.00e+00	0.00e+00	0.00e+00	0.00e+00	0.00e+00
 2.63165e+17	9.76e-01	2.42e-02	1.22e-05	0.00e+00	0.00e+00	0.00e+00	0.00e+00	0.00e+00
 2.63377e+17	9.77e-01	2.33e-02	1.20e-05	0.00e+00	0.00e+00	0.00e+00	0.00e+00	0.00e+00
 2.63559e+17	9.78e-01	2.24e-02	1.17e-05	0.00e+00	0.00e+00	0.00e+00	0.00e+00	0.00e+00
 2.63661e+17	9.78e-01	2.22e-02	1.16e-05	0.00e+00	0.00e+00	0.00e+00	0.00e+00	0.00e+00
 2.63734e+17	9.78e-01	2.20e-02	1.15e-05	0.00e+00	0.00e+00	0.00e+00	0.00e+00	0.00e+00
 2.63810e+17	9.78e-01	2.17e-02	1.15e-05	0.00e+00	0.00e+00	0.00e+00	0.00e+00	0.00e+00
 2.63881e+17	9.78e-01	2.15e-02	1.14e-05	0.00e+00	0.00e+00	0.00e+00	0.00e+00	0.00e+00
 2.63942e+17	9.79e-01	2.13e-02	1.13e-05	0.00e+00	0.00e+00	0.00e+00	0.00e+00	0.00e+00
 2.64010e+17	9.79e-01	2.12e-02	1.13e-05	0.00e+00	0.00e+00	0.00e+00	0.00e+00	0.00e+00
 2.64077e+17	9.79e-01	2.09e-02	1.12e-05	0.00e+00	0.00e+00	0.00e+00	0.00e+00	0.00e+00
 2.64144e+17	9.79e-01	2.07e-02	1.11e-05	0.00e+00	0.00e+00	0.00e+00	0.00e+00	0.00e+00
 2.64210e+17	9.80e-01	2.05e-02	1.11e-05	0.00e+00	0.00e+00	0.00e+00	0.00e+00	0.00e+00
 2.64269e+17	9.80e-01	2.03e-02	1.10e-05	0.00e+00	0.00e+00	0.00e+00	0.00e+00	0.00e+00
 2.64333e+17	9.80e-01	2.00e-02	1.09e-05	0.00e+00	0.00e+00	0.00e+00	0.00e+00	0.00e+00
 2.64401e+17	9.80e-01	1.98e-02	1.08e-05	0.00e+00	0.00e+00	0.00e+00	0.00e+00	0.00e+00
 2.64459e+17	9.80e-01	1.96e-02	1.08e-05	0.00e+00	0.00e+00	0.00e+00	0.00e+00	0.00e+00
 2.64511e+17	9.81e-01	1.94e-02	1.07e-05	0.00e+00	0.00e+00	0.00e+00	0.00e+00	0.00e+00
 2.64571e+17	9.81e-01	1.91e-02	1.06e-05	0.00e+00	0.00e+00	0.00e+00	0.00e+00	0.00e+00
 2.64639e+17	9.81e-01	1.89e-02	1.05e-05	0.00e+00	0.00e+00	0.00e+00	0.00e+00	0.00e+00
 2.64705e+17	9.81e-01	1.86e-02	1.05e-05	0.00e+00	0.00e+00	0.00e+00	0.00e+00	0.00e+00
 2.64759e+17	9.82e-01	1.84e-02	1.04e-05	0.00e+00	0.00e+00	0.00e+00	0.00e+00	0.00e+00
 2.64810e+17	9.82e-01	1.82e-02	1.03e-05	0.00e+00	0.00e+00	0.00e+00	0.00e+00	0.00e+00
 2.64866e+17	9.82e-01	1.80e-02	1.02e-05	0.00e+00	0.00e+00	0.00e+00	0.00e+00	0.00e+00
 2.64918e+17	9.82e-01	1.77e-02	1.01e-05	0.00e+00	0.00e+00	0.00e+00	0.00e+00	0.00e+00
 2.64970e+17	9.82e-01	1.75e-02	1.01e-05	0.00e+00	0.00e+00	0.00e+00	0.00e+00	0.00e+00
 2.65024e+17	9.83e-01	1.73e-02	9.97e-06	0.00e+00	0.00e+00	0.00e+00	0.00e+00	0.00e+00
 2.65075e+17	9.83e-01	1.70e-02	9.88e-06	0.00e+00	0.00e+00	0.00e+00	0.00e+00	0.00e+00
 2.65129e+17	9.83e-01	1.68e-02	9.80e-06	0.00e+00	0.00e+00	0.00e+00	0.00e+00	0.00e+00
 2.65181e+17	9.85e-01	1.54e-02	9.26e-06	0.00e+00	0.00e+00	0.00e+00	0.00e+00	0.00e+00
 2.65230e+17	9.85e-01	1.49e-02	9.07e-06	0.00e+00	0.00e+00	0.00e+00	0.00e+00	0.00e+00
 2.65275e+17	9.85e-01	1.45e-02	8.89e-06	0.00e+00	0.00e+00	0.00e+00	0.00e+00	0.00e+00
 2.65311e+17	9.86e-01	1.41e-02	8.72e-06	0.00e+00	0.00e+00	0.00e+00	0.00e+00	0.00e+00
 2.65336e+17	9.86e-01	1.39e-02	8.64e-06	0.00e+00	0.00e+00	0.00e+00	0.00e+00	0.00e+00
 2.65360e+17	9.86e-01	1.38e-02	8.57e-06	0.00e+00	0.00e+00	0.00e+00	0.00e+00	0.00e+00
 2.65392e+17	9.86e-01	1.36e-02	8.48e-06	0.00e+00	0.00e+00	0.00e+00	0.00e+00	0.00e+00
 2.65433e+17	9.87e-01	1.34e-02	8.40e-06	0.00e+00	0.00e+00	0.00e+00	0.00e+00	0.00e+00
 2.65486e+17	9.87e-01	1.27e-02	8.06e-06	0.00e+00	0.00e+00	0.00e+00	0.00e+00	0.00e+00
 2.65543e+17	9.88e-01	1.17e-02	7.57e-06	0.00e+00	0.00e+00	0.00e+00	0.00e+00	0.00e+00
 2.65595e+17	9.89e-01	1.14e-02	7.42e-06	0.00e+00	0.00e+00	0.00e+00	0.00e+00	0.00e+00
 2.65642e+17	9.89e-01	1.11e-02	7.27e-06	0.00e+00	0.00e+00	0.00e+00	0.00e+00	0.00e+00
 2.65685e+17	9.89e-01	1.09e-02	7.13e-06	0.00e+00	0.00e+00	0.00e+00	0.00e+00	0.00e+00
 2.65726e+17	9.89e-01	1.07e-02	7.00e-06	0.00e+00	0.00e+00	0.00e+00	0.00e+00	0.00e+00
 2.65764e+17	9.89e-01	1.06e-02	6.95e-06	0.00e+00	0.00e+00	0.00e+00	0.00e+00	0.00e+00
 2.65807e+17	9.90e-01	1.05e-02	6.89e-06	0.00e+00	0.00e+00	0.00e+00	0.00e+00	0.00e+00
 2.65862e+17	9.90e-01	1.03e-02	6.83e-06	0.00e+00	0.00e+00	0.00e+00	0.00e+00	0.00e+00
 2.65935e+17	9.90e-01	1.01e-02	6.69e-06	0.00e+00	0.00e+00	0.00e+00	0.00e+00	0.00e+00
 2.66013e+17	9.90e-01	9.72e-03	6.48e-06	0.00e+00	0.00e+00	0.00e+00	0.00e+00	0.00e+00
 2.66084e+17	9.90e-01	9.52e-03	6.36e-06	0.00e+00	0.00e+00	0.00e+00	0.00e+00	0.00e+00
 2.66151e+17	9.91e-01	9.43e-03	6.30e-06	0.00e+00	0.00e+00	0.00e+00	0.00e+00	0.00e+00
 2.66226e+17	9.91e-01	9.33e-03	6.25e-06	0.00e+00	0.00e+00	0.00e+00	0.00e+00	0.00e+00
 2.66324e+17	9.91e-01	9.13e-03	6.13e-06	0.00e+00	0.00e+00	0.00e+00	0.00e+00	0.00e+00
 2.66427e+17	9.91e-01	8.90e-03	6.00e-06	0.00e+00	0.00e+00	0.00e+00	0.00e+00	0.00e+00
 2.66517e+17	9.91e-01	8.82e-03	5.94e-06	0.00e+00	0.00e+00	0.00e+00	0.00e+00	0.00e+00
 2.66616e+17	9.91e-01	8.66e-03	5.84e-06	0.00e+00	0.00e+00	0.00e+00	0.00e+00	0.00e+00
 2.66736e+17	9.92e-01	8.48e-03	5.74e-06	0.00e+00	0.00e+00	0.00e+00	0.00e+00	0.00e+00
 2.66852e+17	9.92e-01	8.38e-03	5.69e-06	0.00e+00	0.00e+00	0.00e+00	0.00e+00	0.00e+00
 2.66972e+17	9.92e-01	8.30e-03	5.63e-06	0.00e+00	0.00e+00	0.00e+00	0.00e+00	0.00e+00
 2.67128e+17	9.92e-01	8.11e-03	5.52e-06	0.00e+00	0.00e+00	0.00e+00	0.00e+00	0.00e+00
 2.67284e+17	9.92e-01	7.92e-03	5.41e-06	0.00e+00	0.00e+00	0.00e+00	0.00e+00	0.00e+00
 2.67399e+17	9.92e-01	7.88e-03	5.38e-06	0.00e+00	0.00e+00	0.00e+00	0.00e+00	0.00e+00
 2.67506e+17	9.92e-01	7.87e-03	5.37e-06	0.00e+00	0.00e+00	0.00e+00	0.00e+00	0.00e+00
 2.67644e+17	9.92e-01	7.80e-03	5.33e-06	0.00e+00	0.00e+00	0.00e+00	0.00e+00	0.00e+00
 2.67824e+17	9.92e-01	7.68e-03	5.28e-06	0.00e+00	0.00e+00	0.00e+00	0.00e+00	0.00e+00
 2.68042e+17	9.93e-01	7.49e-03	5.18e-06	0.00e+00	0.00e+00	0.00e+00	0.00e+00	0.00e+00
 2.68231e+17	9.93e-01	7.39e-03	5.13e-06	0.00e+00	0.00e+00	0.00e+00	0.00e+00	0.00e+00
 2.68377e+17	9.93e-01	7.39e-03	5.11e-06	0.00e+00	0.00e+00	0.00e+00	0.00e+00	0.00e+00
 2.68548e+17	9.93e-01	7.34e-03	5.09e-06	0.00e+00	0.00e+00	0.00e+00	0.00e+00	0.00e+00
 2.68770e+17	9.93e-01	7.24e-03	5.05e-06	0.00e+00	0.00e+00	0.00e+00	0.00e+00	0.00e+00
 2.69026e+17	9.93e-01	7.12e-03	5.01e-06	0.00e+00	0.00e+00	0.00e+00	0.00e+00	0.00e+00
 2.69275e+17	9.93e-01	7.03e-03	4.97e-06	0.00e+00	0.00e+00	0.00e+00	0.00e+00	0.00e+00
 2.69509e+17	9.93e-01	6.99e-03	4.95e-06	0.00e+00	0.00e+00	0.00e+00	0.00e+00	0.00e+00
 2.69750e+17	9.93e-01	6.94e-03	4.94e-06	0.00e+00	0.00e+00	0.00e+00	0.00e+00	0.00e+00
 2.70040e+17	9.93e-01	6.87e-03	4.92e-06	0.00e+00	0.00e+00	0.00e+00	0.00e+00	0.00e+00
 2.70375e+17	9.93e-01	6.77e-03	4.89e-06	0.00e+00	0.00e+00	0.00e+00	0.00e+00	0.00e+00
 2.70725e+17	9.93e-01	6.71e-03	4.88e-06	0.00e+00	0.00e+00	0.00e+00	0.00e+00	0.00e+00
 2.71065e+17	9.93e-01	6.66e-03	4.89e-06	0.00e+00	0.00e+00	0.00e+00	0.00e+00	0.00e+00
 2.71394e+17	9.93e-01	6.65e-03	4.91e-06	0.00e+00	0.00e+00	0.00e+00	0.00e+00	0.00e+00
 2.71786e+17	9.93e-01	6.60e-03	4.92e-06	0.00e+00	0.00e+00	0.00e+00	0.00e+00	0.00e+00
 2.72295e+17	9.93e-01	6.51e-03	4.92e-06	0.00e+00	0.00e+00	0.00e+00	0.00e+00	0.00e+00
 2.72857e+17	9.94e-01	6.41e-03	4.94e-06	0.00e+00	0.00e+00	0.00e+00	0.00e+00	0.00e+00
 2.73371e+17	9.94e-01	6.44e-03	5.01e-06	0.00e+00	0.00e+00	0.00e+00	0.00e+00	0.00e+00
 2.73925e+17	9.94e-01	6.42e-03	5.04e-06	0.00e+00	0.00e+00	0.00e+00	0.00e+00	0.00e+00
 2.74645e+17	9.94e-01	6.31e-03	5.06e-06	0.00e+00	0.00e+00	0.00e+00	0.00e+00	0.00e+00
 2.75439e+17	9.94e-01	6.18e-03	5.08e-06	0.00e+00	0.00e+00	0.00e+00	0.00e+00	0.00e+00
 2.76148e+17	9.94e-01	6.18e-03	5.15e-06	0.00e+00	0.00e+00	0.00e+00	0.00e+00	0.00e+00
 2.76889e+17	9.94e-01	6.13e-03	5.17e-06	0.00e+00	0.00e+00	0.00e+00	0.00e+00	0.00e+00
 2.77851e+17	9.94e-01	5.95e-03	5.15e-06	0.00e+00	0.00e+00	0.00e+00	0.00e+00	0.00e+00
 2.78863e+17	9.94e-01	5.71e-03	5.11e-06	0.00e+00	0.00e+00	0.00e+00	0.00e+00	0.00e+00
 2.79668e+17	9.94e-01	5.56e-03	5.06e-06	0.00e+00	0.00e+00	0.00e+00	0.00e+00	0.00e+00
 2.80324e+17	9.95e-01	5.46e-03	5.02e-06	0.00e+00	0.00e+00	0.00e+00	0.00e+00	0.00e+00
 2.81047e+17	9.95e-01	5.22e-03	4.90e-06	0.00e+00	0.00e+00	0.00e+00	0.00e+00	0.00e+00
 2.81820e+17	9.95e-01	4.75e-03	4.65e-06	0.00e+00	0.00e+00	0.00e+00	0.00e+00	0.00e+00
 2.82524e+17	9.96e-01	4.35e-03	4.45e-06	0.00e+00	0.00e+00	0.00e+00	0.00e+00	0.00e+00
 2.83164e+17	9.96e-01	3.95e-03	4.24e-06	0.00e+00	0.00e+00	0.00e+00	0.00e+00	0.00e+00
 2.83746e+17	9.97e-01	3.48e-03	3.98e-06	0.00e+00	0.00e+00	0.00e+00	0.00e+00	0.00e+00
 2.84277e+17	9.97e-01	2.91e-03	3.66e-06	0.00e+00	0.00e+00	0.00e+00	0.00e+00	0.00e+00
 2.84759e+17	9.98e-01	2.34e-03	3.32e-06	0.00e+00	0.00e+00	0.00e+00	0.00e+00	0.00e+00
 2.85198e+17	9.99e-01	1.45e-03	2.72e-06	0.00e+00	0.00e+00	0.00e+00	0.00e+00	0.00e+00
