#depth	N  1	N  2	N  3	N  4	N  5	N  6	N  7	N  8
 2.66952e+13	6.62e-04	1.95e-01	7.35e-01	6.82e-02	1.02e-03	6.69e-06	0.00e+00	0.00e+00
 1.60171e+14	6.63e-04	1.95e-01	7.35e-01	6.82e-02	1.02e-03	6.67e-06	0.00e+00	0.00e+00
 6.94076e+14	6.66e-04	1.95e-01	7.36e-01	6.80e-02	1.01e-03	6.62e-06	0.00e+00	0.00e+00
 2.82970e+15	6.81e-04	1.96e-01	7.36e-01	6.65e-02	9.70e-04	6.34e-06	0.00e+00	0.00e+00
 6.75924e+15	7.05e-04	1.95e-01	7.38e-01	6.49e-02	9.10e-04	5.97e-06	0.00e+00	0.00e+00
 1.18676e+16	7.34e-04	1.95e-01	7.41e-01	6.21e-02	8.33e-04	5.48e-06	0.00e+00	0.00e+00
 1.85086e+16	7.76e-04	1.97e-01	7.43e-01	5.79e-02	7.36e-04	4.86e-06	0.00e+00	0.00e+00
 2.71418e+16	8.43e-04	2.03e-01	7.44e-01	5.21e-02	6.19e-04	4.09e-06	0.00e+00	0.00e+00
 3.83649e+16	9.59e-04	2.14e-01	7.40e-01	4.47e-02	4.88e-04	3.20e-06	0.00e+00	0.00e+00
 5.29550e+16	1.17e-03	2.36e-01	7.27e-01	3.59e-02	3.55e-04	2.27e-06	0.00e+00	0.00e+00
 6.68502e+16	1.40e-03	2.58e-01	7.11e-01	2.94e-02	2.68e-04	1.66e-06	0.00e+00	0.00e+00
 7.68033e+16	1.62e-03	2.79e-01	6.94e-01	2.53e-02	2.19e-04	1.31e-06	0.00e+00	0.00e+00
 8.50882e+16	1.84e-03	2.98e-01	6.78e-01	2.23e-02	1.86e-04	1.07e-06	0.00e+00	0.00e+00
 9.42430e+16	2.13e-03	3.23e-01	6.56e-01	1.93e-02	1.54e-04	8.49e-07	0.00e+00	0.00e+00
 1.03956e+17	2.49e-03	3.50e-01	6.31e-01	1.66e-02	1.27e-04	0.00e+00	0.00e+00	0.00e+00
 1.12374e+17	2.84e-03	3.75e-01	6.08e-01	1.45e-02	1.09e-04	0.00e+00	0.00e+00	0.00e+00
 1.21296e+17	3.30e-03	4.05e-01	5.79e-01	1.24e-02	9.09e-05	0.00e+00	0.00e+00	0.00e+00
 1.30849e+17	3.85e-03	4.38e-01	5.48e-01	1.06e-02	7.56e-05	0.00e+00	0.00e+00	0.00e+00
 1.38875e+17	4.39e-03	4.67e-01	5.20e-01	9.10e-03	6.44e-05	0.00e+00	0.00e+00	0.00e+00
 1.45735e+17	4.94e-03	4.94e-01	4.93e-01	7.92e-03	5.56e-05	0.00e+00	0.00e+00	0.00e+00
 1.53424e+17	5.68e-03	5.27e-01	4.61e-01	6.66e-03	4.65e-05	0.00e+00	0.00e+00	0.00e+00
 1.61955e+17	6.64e-03	5.64e-01	4.24e-01	5.42e-03	3.78e-05	0.00e+00	0.00e+00	0.00e+00
 1.69876e+17	7.73e-03	6.01e-01	3.87e-01	4.37e-03	3.06e-05	0.00e+00	0.00e+00	0.00e+00
 1.77068e+17	8.94e-03	6.37e-01	3.51e-01	3.51e-03	2.47e-05	0.00e+00	0.00e+00	0.00e+00
 1.83918e+17	1.03e-02	6.71e-01	3.16e-01	2.78e-03	1.97e-05	0.00e+00	0.00e+00	0.00e+00
 1.90683e+17	1.20e-02	7.06e-01	2.80e-01	2.16e-03	1.54e-05	0.00e+00	0.00e+00	0.00e+00
 1.97317e+17	1.40e-02	7.40e-01	2.44e-01	1.63e-03	1.18e-05	0.00e+00	0.00e+00	0.00e+00
 2.03670e+17	1.65e-02	7.72e-01	2.10e-01	1.20e-03	8.86e-06	0.00e+00	0.00e+00	0.00e+00
 2.09680e+17	1.93e-02	8.02e-01	1.78e-01	8.69e-04	6.53e-06	0.00e+00	0.00e+00	0.00e+00
 2.15190e+17	2.25e-02	8.27e-01	1.49e-01	6.24e-04	4.77e-06	0.00e+00	0.00e+00	0.00e+00
 2.20026e+17	2.60e-02	8.48e-01	1.25e-01	4.49e-04	3.48e-06	0.00e+00	0.00e+00	0.00e+00
 2.24242e+17	2.98e-02	8.65e-01	1.05e-01	3.27e-04	2.58e-06	0.00e+00	0.00e+00	0.00e+00
 2.28012e+17	3.39e-02	8.77e-01	8.86e-02	2.40e-04	1.91e-06	0.00e+00	0.00e+00	0.00e+00
 2.31494e+17	3.85e-02	8.87e-01	7.42e-02	1.76e-04	1.42e-06	0.00e+00	0.00e+00	0.00e+00
 2.34732e+17	4.36e-02	8.94e-01	6.19e-02	1.29e-04	1.05e-06	0.00e+00	0.00e+00	0.00e+00
 2.37711e+17	4.93e-02	8.99e-01	5.15e-02	9.54e-05	7.74e-07	0.00e+00	0.00e+00	0.00e+00
 2.40439e+17	5.54e-02	9.02e-01	4.29e-02	7.12e-05	0.00e+00	0.00e+00	0.00e+00	0.00e+00
 2.42965e+17	6.24e-02	9.02e-01	3.56e-02	5.31e-05	0.00e+00	0.00e+00	0.00e+00	0.00e+00
 2.45314e+17	6.99e-02	9.00e-01	2.96e-02	4.02e-05	0.00e+00	0.00e+00	0.00e+00	0.00e+00
 2.47511e+17	7.82e-02	8.97e-01	2.46e-02	3.07e-05	0.00e+00	0.00e+00	0.00e+00	0.00e+00
 2.49601e+17	8.74e-02	8.92e-01	2.04e-02	2.37e-05	0.00e+00	0.00e+00	0.00e+00	0.00e+00
 2.51603e+17	9.77e-02	8.85e-01	1.69e-02	1.84e-05	0.00e+00	0.00e+00	0.00e+00	0.00e+00
 2.53518e+17	1.09e-01	8.77e-01	1.39e-02	1.45e-05	0.00e+00	0.00e+00	0.00e+00	0.00e+00
 2.55356e+17	1.22e-01	8.67e-01	1.15e-02	1.15e-05	0.00e+00	0.00e+00	0.00e+00	0.00e+00
 2.57134e+17	1.36e-01	8.55e-01	9.40e-03	9.28e-06	0.00e+00	0.00e+00	0.00e+00	0.00e+00
 2.58869e+17	1.52e-01	8.41e-01	7.67e-03	7.55e-06	0.00e+00	0.00e+00	0.00e+00	0.00e+00
 2.60543e+17	1.69e-01	8.25e-01	6.25e-03	6.23e-06	0.00e+00	0.00e+00	0.00e+00	0.00e+00
 2.62083e+17	1.87e-01	8.08e-01	5.11e-03	5.23e-06	0.00e+00	0.00e+00	0.00e+00	0.00e+00
 2.63455e+17	2.04e-01	7.92e-01	4.26e-03	4.52e-06	0.00e+00	0.00e+00	0.00e+00	0.00e+00
 2.64718e+17	2.22e-01	7.75e-01	3.57e-03	3.97e-06	0.00e+00	0.00e+00	0.00e+00	0.00e+00
 2.65934e+17	2.40e-01	7.57e-01	3.00e-03	3.51e-06	0.00e+00	0.00e+00	0.00e+00	0.00e+00
 2.67097e+17	2.60e-01	7.38e-01	2.53e-03	3.13e-06	0.00e+00	0.00e+00	0.00e+00	0.00e+00
 2.68000e+17	2.76e-01	7.22e-01	2.20e-03	2.87e-06	0.00e+00	0.00e+00	0.00e+00	0.00e+00
 2.68596e+17	2.86e-01	7.12e-01	2.01e-03	2.72e-06	0.00e+00	0.00e+00	0.00e+00	0.00e+00
 2.69167e+17	2.96e-01	7.02e-01	1.84e-03	2.59e-06	0.00e+00	0.00e+00	0.00e+00	0.00e+00
 2.69891e+17	3.10e-01	6.88e-01	1.64e-03	2.42e-06	0.00e+00	0.00e+00	0.00e+00	0.00e+00
 2.70691e+17	3.27e-01	6.72e-01	1.43e-03	2.24e-06	0.00e+00	0.00e+00	0.00e+00	0.00e+00
 2.71404e+17	3.42e-01	6.57e-01	1.27e-03	2.10e-06	0.00e+00	0.00e+00	0.00e+00	0.00e+00
 2.72023e+17	3.56e-01	6.43e-01	1.14e-03	1.98e-06	0.00e+00	0.00e+00	0.00e+00	0.00e+00
 2.72636e+17	3.69e-01	6.30e-01	1.03e-03	1.89e-06	0.00e+00	0.00e+00	0.00e+00	0.00e+00
 2.73318e+17	3.85e-01	6.14e-01	9.10e-04	1.77e-06	0.00e+00	0.00e+00	0.00e+00	0.00e+00
 2.74023e+17	4.02e-01	5.97e-01	7.99e-04	1.66e-06	0.00e+00	0.00e+00	0.00e+00	0.00e+00
 2.74662e+17	4.18e-01	5.81e-01	7.10e-04	1.56e-06	0.00e+00	0.00e+00	0.00e+00	0.00e+00
 2.75258e+17	4.33e-01	5.66e-01	6.34e-04	1.48e-06	0.00e+00	0.00e+00	0.00e+00	0.00e+00
 2.75870e+17	4.48e-01	5.52e-01	5.66e-04	1.40e-06	0.00e+00	0.00e+00	0.00e+00	0.00e+00
 2.76530e+17	4.65e-01	5.34e-01	4.96e-04	1.31e-06	0.00e+00	0.00e+00	0.00e+00	0.00e+00
 2.77187e+17	4.83e-01	5.17e-01	4.35e-04	1.23e-06	0.00e+00	0.00e+00	0.00e+00	0.00e+00
 2.77783e+17	4.98e-01	5.01e-01	3.88e-04	1.17e-06	0.00e+00	0.00e+00	0.00e+00	0.00e+00
 2.78375e+17	5.14e-01	4.85e-01	3.43e-04	1.10e-06	0.00e+00	0.00e+00	0.00e+00	0.00e+00
 2.78996e+17	5.31e-01	4.68e-01	3.01e-04	1.04e-06	0.00e+00	0.00e+00	0.00e+00	0.00e+00
 2.79612e+17	5.48e-01	4.52e-01	2.65e-04	9.77e-07	0.00e+00	0.00e+00	0.00e+00	0.00e+00
 2.80211e+17	5.64e-01	4.36e-01	2.34e-04	0.00e+00	0.00e+00	0.00e+00	0.00e+00	0.00e+00
 2.80817e+17	5.81e-01	4.19e-01	2.06e-04	0.00e+00	0.00e+00	0.00e+00	0.00e+00	0.00e+00
 2.81425e+17	5.97e-01	4.03e-01	1.81e-04	0.00e+00	0.00e+00	0.00e+00	0.00e+00	0.00e+00
 2.82010e+17	6.12e-01	3.88e-01	1.59e-04	0.00e+00	0.00e+00	0.00e+00	0.00e+00	0.00e+00
 2.82587e+17	6.27e-01	3.73e-01	1.41e-04	0.00e+00	0.00e+00	0.00e+00	0.00e+00	0.00e+00
 2.83182e+17	6.43e-01	3.57e-01	1.24e-04	0.00e+00	0.00e+00	0.00e+00	0.00e+00	0.00e+00
 2.83777e+17	6.58e-01	3.42e-01	1.09e-04	0.00e+00	0.00e+00	0.00e+00	0.00e+00	0.00e+00
 2.84350e+17	6.72e-01	3.28e-01	9.64e-05	0.00e+00	0.00e+00	0.00e+00	0.00e+00	0.00e+00
 2.84917e+17	6.86e-01	3.14e-01	8.48e-05	0.00e+00	0.00e+00	0.00e+00	0.00e+00	0.00e+00
 2.85485e+17	7.00e-01	3.00e-01	7.51e-05	0.00e+00	0.00e+00	0.00e+00	0.00e+00	0.00e+00
 2.86059e+17	7.12e-01	2.88e-01	6.67e-05	0.00e+00	0.00e+00	0.00e+00	0.00e+00	0.00e+00
 2.86634e+17	7.26e-01	2.74e-01	5.88e-05	0.00e+00	0.00e+00	0.00e+00	0.00e+00	0.00e+00
 2.87201e+17	7.38e-01	2.62e-01	5.25e-05	0.00e+00	0.00e+00	0.00e+00	0.00e+00	0.00e+00
 2.87775e+17	7.50e-01	2.50e-01	4.65e-05	0.00e+00	0.00e+00	0.00e+00	0.00e+00	0.00e+00
 2.88368e+17	7.62e-01	2.38e-01	4.12e-05	0.00e+00	0.00e+00	0.00e+00	0.00e+00	0.00e+00
 2.88944e+17	7.73e-01	2.27e-01	3.68e-05	0.00e+00	0.00e+00	0.00e+00	0.00e+00	0.00e+00
 2.89493e+17	7.83e-01	2.17e-01	3.33e-05	0.00e+00	0.00e+00	0.00e+00	0.00e+00	0.00e+00
 2.90075e+17	7.93e-01	2.07e-01	2.98e-05	0.00e+00	0.00e+00	0.00e+00	0.00e+00	0.00e+00
 2.90692e+17	8.04e-01	1.96e-01	2.65e-05	0.00e+00	0.00e+00	0.00e+00	0.00e+00	0.00e+00
 2.91305e+17	8.14e-01	1.86e-01	2.38e-05	0.00e+00	0.00e+00	0.00e+00	0.00e+00	0.00e+00
 2.91878e+17	8.23e-01	1.77e-01	2.16e-05	0.00e+00	0.00e+00	0.00e+00	0.00e+00	0.00e+00
 2.92451e+17	8.30e-01	1.70e-01	1.98e-05	0.00e+00	0.00e+00	0.00e+00	0.00e+00	0.00e+00
 2.93096e+17	8.39e-01	1.61e-01	1.79e-05	0.00e+00	0.00e+00	0.00e+00	0.00e+00	0.00e+00
 2.93778e+17	8.49e-01	1.51e-01	1.61e-05	0.00e+00	0.00e+00	0.00e+00	0.00e+00	0.00e+00
 2.94433e+17	8.56e-01	1.44e-01	1.47e-05	0.00e+00	0.00e+00	0.00e+00	0.00e+00	0.00e+00
 2.95075e+17	8.63e-01	1.37e-01	1.35e-05	0.00e+00	0.00e+00	0.00e+00	0.00e+00	0.00e+00
 2.95737e+17	8.70e-01	1.30e-01	1.25e-05	0.00e+00	0.00e+00	0.00e+00	0.00e+00	0.00e+00
 2.96400e+17	8.76e-01	1.24e-01	1.16e-05	0.00e+00	0.00e+00	0.00e+00	0.00e+00	0.00e+00
 2.97080e+17	8.82e-01	1.18e-01	1.07e-05	0.00e+00	0.00e+00	0.00e+00	0.00e+00	0.00e+00
 2.97765e+17	8.88e-01	1.12e-01	1.00e-05	0.00e+00	0.00e+00	0.00e+00	0.00e+00	0.00e+00
 2.98429e+17	8.93e-01	1.07e-01	9.42e-06	0.00e+00	0.00e+00	0.00e+00	0.00e+00	0.00e+00
 2.99086e+17	8.98e-01	1.02e-01	8.89e-06	0.00e+00	0.00e+00	0.00e+00	0.00e+00	0.00e+00
 2.99744e+17	9.03e-01	9.74e-02	8.40e-06	0.00e+00	0.00e+00	0.00e+00	0.00e+00	0.00e+00
 3.00401e+17	9.06e-01	9.35e-02	8.00e-06	0.00e+00	0.00e+00	0.00e+00	0.00e+00	0.00e+00
 3.01080e+17	9.10e-01	8.97e-02	7.62e-06	0.00e+00	0.00e+00	0.00e+00	0.00e+00	0.00e+00
 3.01798e+17	9.14e-01	8.56e-02	7.25e-06	0.00e+00	0.00e+00	0.00e+00	0.00e+00	0.00e+00
 3.02509e+17	9.18e-01	8.17e-02	6.91e-06	0.00e+00	0.00e+00	0.00e+00	0.00e+00	0.00e+00
 3.03204e+17	9.21e-01	7.89e-02	6.65e-06	0.00e+00	0.00e+00	0.00e+00	0.00e+00	0.00e+00
 3.03914e+17	9.24e-01	7.56e-02	6.38e-06	0.00e+00	0.00e+00	0.00e+00	0.00e+00	0.00e+00
 3.04642e+17	9.28e-01	7.24e-02	6.14e-06	0.00e+00	0.00e+00	0.00e+00	0.00e+00	0.00e+00
 3.05355e+17	9.30e-01	6.98e-02	5.92e-06	0.00e+00	0.00e+00	0.00e+00	0.00e+00	0.00e+00
 3.06083e+17	9.33e-01	6.73e-02	5.72e-06	0.00e+00	0.00e+00	0.00e+00	0.00e+00	0.00e+00
 3.06849e+17	9.36e-01	6.43e-02	5.51e-06	0.00e+00	0.00e+00	0.00e+00	0.00e+00	0.00e+00
 3.07611e+17	9.38e-01	6.19e-02	5.32e-06	0.00e+00	0.00e+00	0.00e+00	0.00e+00	0.00e+00
 3.08353e+17	9.40e-01	5.98e-02	5.19e-06	0.00e+00	0.00e+00	0.00e+00	0.00e+00	0.00e+00
 3.09156e+17	9.43e-01	5.73e-02	4.99e-06	0.00e+00	0.00e+00	0.00e+00	0.00e+00	0.00e+00
 3.09963e+17	9.45e-01	5.48e-02	4.83e-06	0.00e+00	0.00e+00	0.00e+00	0.00e+00	0.00e+00
 3.10650e+17	9.47e-01	5.34e-02	4.73e-06	0.00e+00	0.00e+00	0.00e+00	0.00e+00	0.00e+00
 3.11377e+17	9.49e-01	5.11e-02	4.58e-06	0.00e+00	0.00e+00	0.00e+00	0.00e+00	0.00e+00
 3.12137e+17	9.51e-01	4.89e-02	4.43e-06	0.00e+00	0.00e+00	0.00e+00	0.00e+00	0.00e+00
 3.12787e+17	9.52e-01	4.76e-02	4.35e-06	0.00e+00	0.00e+00	0.00e+00	0.00e+00	0.00e+00
 3.13467e+17	9.54e-01	4.57e-02	4.21e-06	0.00e+00	0.00e+00	0.00e+00	0.00e+00	0.00e+00
 3.14164e+17	9.56e-01	4.37e-02	4.09e-06	0.00e+00	0.00e+00	0.00e+00	0.00e+00	0.00e+00
 3.14732e+17	9.57e-01	4.28e-02	4.03e-06	0.00e+00	0.00e+00	0.00e+00	0.00e+00	0.00e+00
 3.15315e+17	9.59e-01	4.11e-02	3.92e-06	0.00e+00	0.00e+00	0.00e+00	0.00e+00	0.00e+00
 3.15921e+17	9.61e-01	3.93e-02	3.81e-06	0.00e+00	0.00e+00	0.00e+00	0.00e+00	0.00e+00
 3.16422e+17	9.62e-01	3.84e-02	3.76e-06	0.00e+00	0.00e+00	0.00e+00	0.00e+00	0.00e+00
 3.16941e+17	9.62e-01	3.78e-02	3.71e-06	0.00e+00	0.00e+00	0.00e+00	0.00e+00	0.00e+00
 3.17617e+17	9.64e-01	3.60e-02	3.60e-06	0.00e+00	0.00e+00	0.00e+00	0.00e+00	0.00e+00
 3.18282e+17	9.66e-01	3.42e-02	3.50e-06	0.00e+00	0.00e+00	0.00e+00	0.00e+00	0.00e+00
 3.18766e+17	9.66e-01	3.36e-02	3.46e-06	0.00e+00	0.00e+00	0.00e+00	0.00e+00	0.00e+00
 3.19227e+17	9.67e-01	3.28e-02	3.41e-06	0.00e+00	0.00e+00	0.00e+00	0.00e+00	0.00e+00
 3.19825e+17	9.69e-01	3.10e-02	3.29e-06	0.00e+00	0.00e+00	0.00e+00	0.00e+00	0.00e+00
 3.20355e+17	9.71e-01	2.95e-02	3.20e-06	0.00e+00	0.00e+00	0.00e+00	0.00e+00	0.00e+00
 3.20676e+17	9.71e-01	2.90e-02	3.17e-06	0.00e+00	0.00e+00	0.00e+00	0.00e+00	0.00e+00
 3.20970e+17	9.71e-01	2.86e-02	3.14e-06	0.00e+00	0.00e+00	0.00e+00	0.00e+00	0.00e+00
 3.21352e+17	9.73e-01	2.75e-02	3.07e-06	0.00e+00	0.00e+00	0.00e+00	0.00e+00	0.00e+00
 3.21738e+17	9.74e-01	2.63e-02	3.00e-06	0.00e+00	0.00e+00	0.00e+00	0.00e+00	0.00e+00
 3.22031e+17	9.74e-01	2.58e-02	2.97e-06	0.00e+00	0.00e+00	0.00e+00	0.00e+00	0.00e+00
 3.22315e+17	9.75e-01	2.53e-02	2.93e-06	0.00e+00	0.00e+00	0.00e+00	0.00e+00	0.00e+00
 3.22684e+17	9.76e-01	2.41e-02	2.86e-06	0.00e+00	0.00e+00	0.00e+00	0.00e+00	0.00e+00
 3.23028e+17	9.77e-01	2.28e-02	2.78e-06	0.00e+00	0.00e+00	0.00e+00	0.00e+00	0.00e+00
 3.23246e+17	9.77e-01	2.25e-02	2.76e-06	0.00e+00	0.00e+00	0.00e+00	0.00e+00	0.00e+00
 3.23435e+17	9.78e-01	2.23e-02	2.73e-06	0.00e+00	0.00e+00	0.00e+00	0.00e+00	0.00e+00
 3.23681e+17	9.78e-01	2.17e-02	2.70e-06	0.00e+00	0.00e+00	0.00e+00	0.00e+00	0.00e+00
 3.23979e+17	9.79e-01	2.06e-02	2.63e-06	0.00e+00	0.00e+00	0.00e+00	0.00e+00	0.00e+00
 3.24237e+17	9.80e-01	1.96e-02	2.56e-06	0.00e+00	0.00e+00	0.00e+00	0.00e+00	0.00e+00
 3.24401e+17	9.81e-01	1.93e-02	2.54e-06	0.00e+00	0.00e+00	0.00e+00	0.00e+00	0.00e+00
 3.24548e+17	9.81e-01	1.91e-02	2.52e-06	0.00e+00	0.00e+00	0.00e+00	0.00e+00	0.00e+00
 3.24740e+17	9.81e-01	1.86e-02	2.49e-06	0.00e+00	0.00e+00	0.00e+00	0.00e+00	0.00e+00
 3.24989e+17	9.82e-01	1.76e-02	2.42e-06	0.00e+00	0.00e+00	0.00e+00	0.00e+00	0.00e+00
 3.25217e+17	9.84e-01	1.62e-02	2.32e-06	0.00e+00	0.00e+00	0.00e+00	0.00e+00	0.00e+00
 3.25350e+17	9.84e-01	1.60e-02	2.30e-06	0.00e+00	0.00e+00	0.00e+00	0.00e+00	0.00e+00
 3.25450e+17	9.84e-01	1.58e-02	2.29e-06	0.00e+00	0.00e+00	0.00e+00	0.00e+00	0.00e+00
 3.25580e+17	9.84e-01	1.56e-02	2.27e-06	0.00e+00	0.00e+00	0.00e+00	0.00e+00	0.00e+00
 3.25749e+17	9.85e-01	1.49e-02	2.22e-06	0.00e+00	0.00e+00	0.00e+00	0.00e+00	0.00e+00
 3.25933e+17	9.87e-01	1.34e-02	2.11e-06	0.00e+00	0.00e+00	0.00e+00	0.00e+00	0.00e+00
 3.26063e+17	9.87e-01	1.28e-02	2.06e-06	0.00e+00	0.00e+00	0.00e+00	0.00e+00	0.00e+00
 3.26152e+17	9.87e-01	1.26e-02	2.04e-06	0.00e+00	0.00e+00	0.00e+00	0.00e+00	0.00e+00
 3.26263e+17	9.88e-01	1.23e-02	2.02e-06	0.00e+00	0.00e+00	0.00e+00	0.00e+00	0.00e+00
 3.26407e+17	9.89e-01	1.10e-02	1.89e-06	0.00e+00	0.00e+00	0.00e+00	0.00e+00	0.00e+00
 3.26532e+17	9.96e-01	3.95e-03	8.85e-07	0.00e+00	0.00e+00	0.00e+00	0.00e+00	0.00e+00
 3.26613e+17	9.96e-01	3.74e-03	8.40e-07	0.00e+00	0.00e+00	0.00e+00	0.00e+00	0.00e+00
 3.26687e+17	9.96e-01	3.53e-03	7.97e-07	0.00e+00	0.00e+00	0.00e+00	0.00e+00	0.00e+00
 3.26755e+17	9.97e-01	3.43e-03	7.75e-07	0.00e+00	0.00e+00	0.00e+00	0.00e+00	0.00e+00
 3.26817e+17	9.97e-01	3.33e-03	7.54e-07	0.00e+00	0.00e+00	0.00e+00	0.00e+00	0.00e+00
 3.26873e+17	9.97e-01	3.27e-03	7.41e-07	0.00e+00	0.00e+00	0.00e+00	0.00e+00	0.00e+00
 3.26923e+17	9.97e-01	3.21e-03	7.28e-07	0.00e+00	0.00e+00	0.00e+00	0.00e+00	0.00e+00
 3.26978e+17	9.97e-01	3.15e-03	7.16e-07	0.00e+00	0.00e+00	0.00e+00	0.00e+00	0.00e+00
 3.27047e+17	9.97e-01	3.04e-03	6.93e-07	0.00e+00	0.00e+00	0.00e+00	0.00e+00	0.00e+00
 3.27122e+17	9.97e-01	2.88e-03	6.59e-07	0.00e+00	0.00e+00	0.00e+00	0.00e+00	0.00e+00
 3.27191e+17	9.97e-01	2.77e-03	6.38e-07	0.00e+00	0.00e+00	0.00e+00	0.00e+00	0.00e+00
 3.27253e+17	9.97e-01	2.69e-03	6.20e-07	0.00e+00	0.00e+00	0.00e+00	0.00e+00	0.00e+00
 3.27309e+17	9.97e-01	2.64e-03	6.10e-07	0.00e+00	0.00e+00	0.00e+00	0.00e+00	0.00e+00
 3.27371e+17	9.97e-01	2.59e-03	5.99e-07	0.00e+00	0.00e+00	0.00e+00	0.00e+00	0.00e+00
 3.27438e+17	9.98e-01	2.49e-03	5.79e-07	0.00e+00	0.00e+00	0.00e+00	0.00e+00	0.00e+00
 3.27499e+17	9.98e-01	2.42e-03	5.63e-07	0.00e+00	0.00e+00	0.00e+00	0.00e+00	0.00e+00
 3.27554e+17	9.98e-01	2.37e-03	5.54e-07	0.00e+00	0.00e+00	0.00e+00	0.00e+00	0.00e+00
 3.27612e+17	9.98e-01	2.33e-03	5.45e-07	0.00e+00	0.00e+00	0.00e+00	0.00e+00	0.00e+00
 3.27683e+17	9.98e-01	2.25e-03	5.28e-07	0.00e+00	0.00e+00	0.00e+00	0.00e+00	0.00e+00
 3.27758e+17	9.98e-01	2.13e-03	5.04e-07	0.00e+00	0.00e+00	0.00e+00	0.00e+00	0.00e+00
 3.27827e+17	9.98e-01	2.06e-03	4.91e-07	0.00e+00	0.00e+00	0.00e+00	0.00e+00	0.00e+00
 3.27889e+17	9.98e-01	2.02e-03	4.82e-07	0.00e+00	0.00e+00	0.00e+00	0.00e+00	0.00e+00
 3.27946e+17	9.98e-01	1.98e-03	4.74e-07	0.00e+00	0.00e+00	0.00e+00	0.00e+00	0.00e+00
###########################
 2.66952e+13	6.59e-04	1.94e-01	7.35e-01	6.84e-02	1.03e-03	6.73e-06	0.00e+00	0.00e+00
 1.60171e+14	6.60e-04	1.94e-01	7.35e-01	6.84e-02	1.03e-03	6.72e-06	0.00e+00	0.00e+00
 6.94076e+14	6.59e-04	1.94e-01	7.37e-01	6.82e-02	1.02e-03	6.68e-06	0.00e+00	0.00e+00
 2.82970e+15	6.65e-04	1.93e-01	7.39e-01	6.69e-02	9.79e-04	6.42e-06	0.00e+00	0.00e+00
 6.75924e+15	6.74e-04	1.89e-01	7.43e-01	6.56e-02	9.26e-04	6.12e-06	0.00e+00	0.00e+00
 1.18676e+16	6.92e-04	1.88e-01	7.47e-01	6.31e-02	8.52e-04	5.66e-06	0.00e+00	0.00e+00
 1.85086e+16	7.29e-04	1.90e-01	7.50e-01	5.89e-02	7.55e-04	5.04e-06	0.00e+00	0.00e+00
 2.71418e+16	7.98e-04	1.96e-01	7.49e-01	5.30e-02	6.34e-04	4.23e-06	0.00e+00	0.00e+00
 3.83649e+16	9.31e-04	2.11e-01	7.42e-01	4.51e-02	4.96e-04	3.28e-06	0.00e+00	0.00e+00
 5.08410e+16	1.12e-03	2.33e-01	7.29e-01	3.73e-02	3.76e-04	2.43e-06	0.00e+00	0.00e+00
 6.15689e+16	1.34e-03	2.55e-01	7.12e-01	3.15e-02	2.96e-04	1.86e-06	0.00e+00	0.00e+00
 6.98115e+16	1.54e-03	2.75e-01	6.96e-01	2.75e-02	2.47e-04	1.51e-06	0.00e+00	0.00e+00
 7.70611e+16	1.76e-03	2.95e-01	6.79e-01	2.44e-02	2.10e-04	1.24e-06	0.00e+00	0.00e+00
 8.53463e+16	2.05e-03	3.20e-01	6.57e-01	2.11e-02	1.74e-04	9.89e-07	0.00e+00	0.00e+00
 9.41597e+16	2.42e-03	3.49e-01	6.30e-01	1.80e-02	1.43e-04	0.00e+00	0.00e+00	0.00e+00
 1.01685e+17	2.75e-03	3.73e-01	6.08e-01	1.59e-02	1.22e-04	0.00e+00	0.00e+00	0.00e+00
 1.09494e+17	3.16e-03	4.01e-01	5.82e-01	1.38e-02	1.03e-04	0.00e+00	0.00e+00	0.00e+00
 1.18232e+17	3.69e-03	4.33e-01	5.51e-01	1.17e-02	8.56e-05	0.00e+00	0.00e+00	0.00e+00
 1.25877e+17	4.22e-03	4.63e-01	5.23e-01	1.01e-02	7.26e-05	0.00e+00	0.00e+00	0.00e+00
 1.32246e+17	4.73e-03	4.89e-01	4.98e-01	8.88e-03	6.29e-05	0.00e+00	0.00e+00	0.00e+00
 1.39257e+17	5.41e-03	5.20e-01	4.67e-01	7.55e-03	5.29e-05	0.00e+00	0.00e+00	0.00e+00
 1.47008e+17	6.26e-03	5.55e-01	4.33e-01	6.25e-03	4.36e-05	0.00e+00	0.00e+00	0.00e+00
 1.54276e+17	7.21e-03	5.89e-01	3.98e-01	5.14e-03	3.57e-05	0.00e+00	0.00e+00	0.00e+00
 1.61188e+17	8.30e-03	6.24e-01	3.64e-01	4.18e-03	2.90e-05	0.00e+00	0.00e+00	0.00e+00
 1.69085e+17	9.86e-03	6.65e-01	3.22e-01	3.19e-03	2.23e-05	0.00e+00	0.00e+00	0.00e+00
 1.77227e+17	1.18e-02	7.08e-01	2.78e-01	2.34e-03	1.65e-05	0.00e+00	0.00e+00	0.00e+00
 1.83753e+17	1.38e-02	7.42e-01	2.42e-01	1.76e-03	1.25e-05	0.00e+00	0.00e+00	0.00e+00
 1.89232e+17	1.59e-02	7.71e-01	2.12e-01	1.34e-03	9.65e-06	0.00e+00	0.00e+00	0.00e+00
 1.95285e+17	1.88e-02	8.02e-01	1.78e-01	9.54e-04	6.98e-06	0.00e+00	0.00e+00	0.00e+00
 2.01720e+17	2.25e-02	8.32e-01	1.44e-01	6.41e-04	4.78e-06	0.00e+00	0.00e+00	0.00e+00
 2.06967e+17	2.66e-02	8.55e-01	1.18e-01	4.39e-04	3.32e-06	0.00e+00	0.00e+00	0.00e+00
 2.10955e+17	3.05e-02	8.70e-01	9.89e-02	3.19e-04	2.44e-06	0.00e+00	0.00e+00	0.00e+00
 2.14350e+17	3.45e-02	8.82e-01	8.36e-02	2.37e-04	1.83e-06	0.00e+00	0.00e+00	0.00e+00
 2.18123e+17	3.99e-02	8.92e-01	6.79e-02	1.65e-04	1.29e-06	0.00e+00	0.00e+00	0.00e+00
 2.21954e+17	4.68e-02	8.99e-01	5.38e-02	1.11e-04	8.71e-07	0.00e+00	0.00e+00	0.00e+00
 2.24863e+17	5.33e-02	9.02e-01	4.41e-02	8.04e-05	0.00e+00	0.00e+00	0.00e+00	0.00e+00
 2.27113e+17	5.94e-02	9.03e-01	3.73e-02	6.16e-05	0.00e+00	0.00e+00	0.00e+00	0.00e+00
 2.29503e+17	6.73e-02	9.02e-01	3.06e-02	4.54e-05	0.00e+00	0.00e+00	0.00e+00	0.00e+00
 2.32042e+17	7.71e-02	8.98e-01	2.45e-02	3.28e-05	0.00e+00	0.00e+00	0.00e+00	0.00e+00
 2.34165e+17	8.70e-02	8.93e-01	2.01e-02	2.47e-05	0.00e+00	0.00e+00	0.00e+00	0.00e+00
 2.35931e+17	9.67e-02	8.86e-01	1.68e-02	1.95e-05	0.00e+00	0.00e+00	0.00e+00	0.00e+00
 2.37840e+17	1.09e-01	8.77e-01	1.37e-02	1.50e-05	0.00e+00	0.00e+00	0.00e+00	0.00e+00
 2.39870e+17	1.24e-01	8.65e-01	1.09e-02	1.15e-05	0.00e+00	0.00e+00	0.00e+00	0.00e+00
 2.41589e+17	1.39e-01	8.52e-01	8.86e-03	9.16e-06	0.00e+00	0.00e+00	0.00e+00	0.00e+00
 2.43066e+17	1.54e-01	8.39e-01	7.36e-03	7.57e-06	0.00e+00	0.00e+00	0.00e+00	0.00e+00
 2.44498e+17	1.70e-01	8.24e-01	6.11e-03	6.34e-06	0.00e+00	0.00e+00	0.00e+00	0.00e+00
 2.45916e+17	1.87e-01	8.08e-01	5.04e-03	5.35e-06	0.00e+00	0.00e+00	0.00e+00	0.00e+00
 2.47242e+17	2.05e-01	7.90e-01	4.19e-03	4.59e-06	0.00e+00	0.00e+00	0.00e+00	0.00e+00
 2.48439e+17	2.23e-01	7.73e-01	3.52e-03	4.01e-06	0.00e+00	0.00e+00	0.00e+00	0.00e+00
 2.49546e+17	2.41e-01	7.56e-01	2.98e-03	3.56e-06	0.00e+00	0.00e+00	0.00e+00	0.00e+00
 2.50601e+17	2.59e-01	7.38e-01	2.54e-03	3.19e-06	0.00e+00	0.00e+00	0.00e+00	0.00e+00
 2.51441e+17	2.74e-01	7.24e-01	2.23e-03	2.93e-06	0.00e+00	0.00e+00	0.00e+00	0.00e+00
 2.52019e+17	2.85e-01	7.13e-01	2.04e-03	2.78e-06	0.00e+00	0.00e+00	0.00e+00	0.00e+00
 2.52577e+17	2.95e-01	7.03e-01	1.87e-03	2.63e-06	0.00e+00	0.00e+00	0.00e+00	0.00e+00
 2.53238e+17	3.09e-01	6.89e-01	1.67e-03	2.46e-06	0.00e+00	0.00e+00	0.00e+00	0.00e+00
 2.53941e+17	3.24e-01	6.75e-01	1.49e-03	2.30e-06	0.00e+00	0.00e+00	0.00e+00	0.00e+00
 2.54599e+17	3.38e-01	6.61e-01	1.33e-03	2.15e-06	0.00e+00	0.00e+00	0.00e+00	0.00e+00
 2.55216e+17	3.51e-01	6.48e-01	1.20e-03	2.04e-06	0.00e+00	0.00e+00	0.00e+00	0.00e+00
 2.55847e+17	3.66e-01	6.33e-01	1.07e-03	1.92e-06	0.00e+00	0.00e+00	0.00e+00	0.00e+00
 2.56494e+17	3.81e-01	6.18e-01	9.53e-04	1.80e-06	0.00e+00	0.00e+00	0.00e+00	0.00e+00
 2.57124e+17	3.96e-01	6.03e-01	8.49e-04	1.70e-06	0.00e+00	0.00e+00	0.00e+00	0.00e+00
 2.57742e+17	4.11e-01	5.88e-01	7.61e-04	1.61e-06	0.00e+00	0.00e+00	0.00e+00	0.00e+00
 2.58377e+17	4.27e-01	5.72e-01	6.75e-04	1.51e-06	0.00e+00	0.00e+00	0.00e+00	0.00e+00
 2.59013e+17	4.43e-01	5.56e-01	5.98e-04	1.43e-06	0.00e+00	0.00e+00	0.00e+00	0.00e+00
 2.59625e+17	4.58e-01	5.41e-01	5.34e-04	1.35e-06	0.00e+00	0.00e+00	0.00e+00	0.00e+00
 2.60250e+17	4.75e-01	5.25e-01	4.72e-04	1.27e-06	0.00e+00	0.00e+00	0.00e+00	0.00e+00
 2.60882e+17	4.91e-01	5.08e-01	4.17e-04	1.20e-06	0.00e+00	0.00e+00	0.00e+00	0.00e+00
 2.61492e+17	5.07e-01	4.93e-01	3.71e-04	1.13e-06	0.00e+00	0.00e+00	0.00e+00	0.00e+00
 2.62100e+17	5.23e-01	4.76e-01	3.28e-04	1.07e-06	0.00e+00	0.00e+00	0.00e+00	0.00e+00
 2.62721e+17	5.40e-01	4.60e-01	2.90e-04	1.01e-06	0.00e+00	0.00e+00	0.00e+00	0.00e+00
 2.63345e+17	5.56e-01	4.44e-01	2.55e-04	9.50e-07	0.00e+00	0.00e+00	0.00e+00	0.00e+00
 2.63969e+17	5.72e-01	4.28e-01	2.26e-04	0.00e+00	0.00e+00	0.00e+00	0.00e+00	0.00e+00
 2.64604e+17	5.89e-01	4.11e-01	1.98e-04	0.00e+00	0.00e+00	0.00e+00	0.00e+00	0.00e+00
 2.65228e+17	6.05e-01	3.95e-01	1.74e-04	0.00e+00	0.00e+00	0.00e+00	0.00e+00	0.00e+00
 2.65831e+17	6.19e-01	3.81e-01	1.55e-04	0.00e+00	0.00e+00	0.00e+00	0.00e+00	0.00e+00
 2.66433e+17	6.34e-01	3.66e-01	1.36e-04	0.00e+00	0.00e+00	0.00e+00	0.00e+00	0.00e+00
 2.67035e+17	6.49e-01	3.51e-01	1.21e-04	0.00e+00	0.00e+00	0.00e+00	0.00e+00	0.00e+00
 2.67655e+17	6.64e-01	3.36e-01	1.06e-04	0.00e+00	0.00e+00	0.00e+00	0.00e+00	0.00e+00
 2.68285e+17	6.79e-01	3.21e-01	9.30e-05	0.00e+00	0.00e+00	0.00e+00	0.00e+00	0.00e+00
 2.68905e+17	6.92e-01	3.07e-01	8.22e-05	0.00e+00	0.00e+00	0.00e+00	0.00e+00	0.00e+00
 2.69538e+17	7.07e-01	2.93e-01	7.22e-05	0.00e+00	0.00e+00	0.00e+00	0.00e+00	0.00e+00
 2.70162e+17	7.19e-01	2.81e-01	6.41e-05	0.00e+00	0.00e+00	0.00e+00	0.00e+00	0.00e+00
 2.70763e+17	7.32e-01	2.68e-01	5.69e-05	0.00e+00	0.00e+00	0.00e+00	0.00e+00	0.00e+00
 2.71386e+17	7.44e-01	2.56e-01	5.04e-05	0.00e+00	0.00e+00	0.00e+00	0.00e+00	0.00e+00
 2.72036e+17	7.57e-01	2.43e-01	4.45e-05	0.00e+00	0.00e+00	0.00e+00	0.00e+00	0.00e+00
 2.72662e+17	7.67e-01	2.33e-01	3.99e-05	0.00e+00	0.00e+00	0.00e+00	0.00e+00	0.00e+00
 2.73244e+17	7.78e-01	2.22e-01	3.58e-05	0.00e+00	0.00e+00	0.00e+00	0.00e+00	0.00e+00
 2.73862e+17	7.88e-01	2.12e-01	3.22e-05	0.00e+00	0.00e+00	0.00e+00	0.00e+00	0.00e+00
 2.74550e+17	7.99e-01	2.01e-01	2.86e-05	0.00e+00	0.00e+00	0.00e+00	0.00e+00	0.00e+00
 2.75228e+17	8.09e-01	1.91e-01	2.56e-05	0.00e+00	0.00e+00	0.00e+00	0.00e+00	0.00e+00
 2.75904e+17	8.19e-01	1.81e-01	2.30e-05	0.00e+00	0.00e+00	0.00e+00	0.00e+00	0.00e+00
 2.76594e+17	8.27e-01	1.73e-01	2.08e-05	0.00e+00	0.00e+00	0.00e+00	0.00e+00	0.00e+00
 2.77280e+17	8.36e-01	1.64e-01	1.88e-05	0.00e+00	0.00e+00	0.00e+00	0.00e+00	0.00e+00
 2.78005e+17	8.44e-01	1.56e-01	1.71e-05	0.00e+00	0.00e+00	0.00e+00	0.00e+00	0.00e+00
 2.78723e+17	8.52e-01	1.48e-01	1.56e-05	0.00e+00	0.00e+00	0.00e+00	0.00e+00	0.00e+00
 2.79423e+17	8.59e-01	1.41e-01	1.44e-05	0.00e+00	0.00e+00	0.00e+00	0.00e+00	0.00e+00
 2.80165e+17	8.66e-01	1.34e-01	1.32e-05	0.00e+00	0.00e+00	0.00e+00	0.00e+00	0.00e+00
 2.80919e+17	8.73e-01	1.27e-01	1.22e-05	0.00e+00	0.00e+00	0.00e+00	0.00e+00	0.00e+00
 2.81666e+17	8.79e-01	1.21e-01	1.14e-05	0.00e+00	0.00e+00	0.00e+00	0.00e+00	0.00e+00
 2.82429e+17	8.85e-01	1.15e-01	1.06e-05	0.00e+00	0.00e+00	0.00e+00	0.00e+00	0.00e+00
 2.83193e+17	8.90e-01	1.10e-01	9.93e-06	0.00e+00	0.00e+00	0.00e+00	0.00e+00	0.00e+00
 2.83951e+17	8.95e-01	1.05e-01	9.35e-06	0.00e+00	0.00e+00	0.00e+00	0.00e+00	0.00e+00
 2.84720e+17	8.99e-01	1.01e-01	8.81e-06	0.00e+00	0.00e+00	0.00e+00	0.00e+00	0.00e+00
 2.85485e+17	9.03e-01	9.65e-02	8.38e-06	0.00e+00	0.00e+00	0.00e+00	0.00e+00	0.00e+00
 2.86276e+17	9.07e-01	9.25e-02	7.97e-06	0.00e+00	0.00e+00	0.00e+00	0.00e+00	0.00e+00
 2.87113e+17	9.12e-01	8.81e-02	7.54e-06	0.00e+00	0.00e+00	0.00e+00	0.00e+00	0.00e+00
 2.87934e+17	9.15e-01	8.47e-02	7.23e-06	0.00e+00	0.00e+00	0.00e+00	0.00e+00	0.00e+00
 2.88741e+17	9.18e-01	8.15e-02	6.93e-06	0.00e+00	0.00e+00	0.00e+00	0.00e+00	0.00e+00
 2.89585e+17	9.22e-01	7.80e-02	6.64e-06	0.00e+00	0.00e+00	0.00e+00	0.00e+00	0.00e+00
 2.90447e+17	9.25e-01	7.48e-02	6.37e-06	0.00e+00	0.00e+00	0.00e+00	0.00e+00	0.00e+00
 2.91300e+17	9.28e-01	7.19e-02	6.13e-06	0.00e+00	0.00e+00	0.00e+00	0.00e+00	0.00e+00
 2.92146e+17	9.31e-01	6.92e-02	5.91e-06	0.00e+00	0.00e+00	0.00e+00	0.00e+00	0.00e+00
 2.92990e+17	9.33e-01	6.65e-02	5.70e-06	0.00e+00	0.00e+00	0.00e+00	0.00e+00	0.00e+00
 2.93836e+17	9.36e-01	6.38e-02	5.51e-06	0.00e+00	0.00e+00	0.00e+00	0.00e+00	0.00e+00
 2.94668e+17	9.38e-01	6.17e-02	5.34e-06	0.00e+00	0.00e+00	0.00e+00	0.00e+00	0.00e+00
 2.95519e+17	9.40e-01	5.95e-02	5.20e-06	0.00e+00	0.00e+00	0.00e+00	0.00e+00	0.00e+00
 2.96500e+17	9.44e-01	5.64e-02	4.97e-06	0.00e+00	0.00e+00	0.00e+00	0.00e+00	0.00e+00
 2.97419e+17	9.46e-01	5.40e-02	4.80e-06	0.00e+00	0.00e+00	0.00e+00	0.00e+00	0.00e+00
 2.98118e+17	9.47e-01	5.27e-02	4.71e-06	0.00e+00	0.00e+00	0.00e+00	0.00e+00	0.00e+00
 2.98851e+17	9.50e-01	5.05e-02	4.55e-06	0.00e+00	0.00e+00	0.00e+00	0.00e+00	0.00e+00
 2.99629e+17	9.52e-01	4.84e-02	4.42e-06	0.00e+00	0.00e+00	0.00e+00	0.00e+00	0.00e+00
 3.00310e+17	9.53e-01	4.71e-02	4.33e-06	0.00e+00	0.00e+00	0.00e+00	0.00e+00	0.00e+00
 3.01026e+17	9.55e-01	4.50e-02	4.19e-06	0.00e+00	0.00e+00	0.00e+00	0.00e+00	0.00e+00
 3.01738e+17	9.57e-01	4.32e-02	4.07e-06	0.00e+00	0.00e+00	0.00e+00	0.00e+00	0.00e+00
 3.02313e+17	9.58e-01	4.20e-02	4.00e-06	0.00e+00	0.00e+00	0.00e+00	0.00e+00	0.00e+00
 3.02897e+17	9.60e-01	4.05e-02	3.90e-06	0.00e+00	0.00e+00	0.00e+00	0.00e+00	0.00e+00
 3.03496e+17	9.61e-01	3.89e-02	3.80e-06	0.00e+00	0.00e+00	0.00e+00	0.00e+00	0.00e+00
 3.04012e+17	9.62e-01	3.79e-02	3.74e-06	0.00e+00	0.00e+00	0.00e+00	0.00e+00	0.00e+00
 3.04553e+17	9.63e-01	3.74e-02	3.70e-06	0.00e+00	0.00e+00	0.00e+00	0.00e+00	0.00e+00
 3.05249e+17	9.64e-01	3.55e-02	3.59e-06	0.00e+00	0.00e+00	0.00e+00	0.00e+00	0.00e+00
 3.05910e+17	9.66e-01	3.39e-02	3.49e-06	0.00e+00	0.00e+00	0.00e+00	0.00e+00	0.00e+00
 3.06374e+17	9.67e-01	3.32e-02	3.44e-06	0.00e+00	0.00e+00	0.00e+00	0.00e+00	0.00e+00
 3.06826e+17	9.68e-01	3.20e-02	3.36e-06	0.00e+00	0.00e+00	0.00e+00	0.00e+00	0.00e+00
 3.07304e+17	9.69e-01	3.07e-02	3.29e-06	0.00e+00	0.00e+00	0.00e+00	0.00e+00	0.00e+00
 3.07710e+17	9.70e-01	2.99e-02	3.24e-06	0.00e+00	0.00e+00	0.00e+00	0.00e+00	0.00e+00
 3.08116e+17	9.71e-01	2.88e-02	3.17e-06	0.00e+00	0.00e+00	0.00e+00	0.00e+00	0.00e+00
 3.08524e+17	9.72e-01	2.80e-02	3.12e-06	0.00e+00	0.00e+00	0.00e+00	0.00e+00	0.00e+00
 3.08900e+17	9.73e-01	2.70e-02	3.05e-06	0.00e+00	0.00e+00	0.00e+00	0.00e+00	0.00e+00
 3.09244e+17	9.74e-01	2.61e-02	3.01e-06	0.00e+00	0.00e+00	0.00e+00	0.00e+00	0.00e+00
 3.09564e+17	9.75e-01	2.52e-02	2.94e-06	0.00e+00	0.00e+00	0.00e+00	0.00e+00	0.00e+00
 3.09869e+17	9.75e-01	2.46e-02	2.90e-06	0.00e+00	0.00e+00	0.00e+00	0.00e+00	0.00e+00
 3.10166e+17	9.76e-01	2.37e-02	2.84e-06	0.00e+00	0.00e+00	0.00e+00	0.00e+00	0.00e+00
 3.10453e+17	9.77e-01	2.30e-02	2.80e-06	0.00e+00	0.00e+00	0.00e+00	0.00e+00	0.00e+00
 3.10720e+17	9.78e-01	2.21e-02	2.74e-06	0.00e+00	0.00e+00	0.00e+00	0.00e+00	0.00e+00
 3.10964e+17	9.78e-01	2.16e-02	2.71e-06	0.00e+00	0.00e+00	0.00e+00	0.00e+00	0.00e+00
 3.11201e+17	9.79e-01	2.07e-02	2.65e-06	0.00e+00	0.00e+00	0.00e+00	0.00e+00	0.00e+00
 3.11440e+17	9.80e-01	1.99e-02	2.59e-06	0.00e+00	0.00e+00	0.00e+00	0.00e+00	0.00e+00
 3.11627e+17	9.81e-01	1.95e-02	2.57e-06	0.00e+00	0.00e+00	0.00e+00	0.00e+00	0.00e+00
 3.11815e+17	9.81e-01	1.90e-02	2.53e-06	0.00e+00	0.00e+00	0.00e+00	0.00e+00	0.00e+00
 3.12060e+17	9.82e-01	1.81e-02	2.47e-06	0.00e+00	0.00e+00	0.00e+00	0.00e+00	0.00e+00
 3.12288e+17	9.83e-01	1.71e-02	2.40e-06	0.00e+00	0.00e+00	0.00e+00	0.00e+00	0.00e+00
 3.12438e+17	9.83e-01	1.67e-02	2.37e-06	0.00e+00	0.00e+00	0.00e+00	0.00e+00	0.00e+00
 3.12575e+17	9.84e-01	1.64e-02	2.35e-06	0.00e+00	0.00e+00	0.00e+00	0.00e+00	0.00e+00
 3.12754e+17	9.84e-01	1.56e-02	2.29e-06	0.00e+00	0.00e+00	0.00e+00	0.00e+00	0.00e+00
 3.12934e+17	9.85e-01	1.45e-02	2.21e-06	0.00e+00	0.00e+00	0.00e+00	0.00e+00	0.00e+00
 3.13060e+17	9.86e-01	1.42e-02	2.18e-06	0.00e+00	0.00e+00	0.00e+00	0.00e+00	0.00e+00
 3.13171e+17	9.87e-01	1.34e-02	2.11e-06	0.00e+00	0.00e+00	0.00e+00	0.00e+00	0.00e+00
 3.13279e+17	9.87e-01	1.28e-02	2.06e-06	0.00e+00	0.00e+00	0.00e+00	0.00e+00	0.00e+00
 3.13378e+17	9.88e-01	1.23e-02	2.02e-06	0.00e+00	0.00e+00	0.00e+00	0.00e+00	0.00e+00
 3.13499e+17	9.89e-01	1.15e-02	1.95e-06	0.00e+00	0.00e+00	0.00e+00	0.00e+00	0.00e+00
 3.13627e+17	9.96e-01	3.90e-03	8.77e-07	0.00e+00	0.00e+00	0.00e+00	0.00e+00	0.00e+00
 3.13742e+17	9.96e-01	3.53e-03	7.98e-07	0.00e+00	0.00e+00	0.00e+00	0.00e+00	0.00e+00
 3.13846e+17	9.97e-01	3.26e-03	7.43e-07	0.00e+00	0.00e+00	0.00e+00	0.00e+00	0.00e+00
 3.13942e+17	9.97e-01	3.11e-03	7.12e-07	0.00e+00	0.00e+00	0.00e+00	0.00e+00	0.00e+00
 3.14028e+17	9.97e-01	3.01e-03	6.89e-07	0.00e+00	0.00e+00	0.00e+00	0.00e+00	0.00e+00
 3.14107e+17	9.97e-01	2.91e-03	6.67e-07	0.00e+00	0.00e+00	0.00e+00	0.00e+00	0.00e+00
 3.14179e+17	9.97e-01	2.82e-03	6.48e-07	0.00e+00	0.00e+00	0.00e+00	0.00e+00	0.00e+00
 3.14244e+17	9.97e-01	2.74e-03	6.31e-07	0.00e+00	0.00e+00	0.00e+00	0.00e+00	0.00e+00
 3.14303e+17	9.97e-01	2.69e-03	6.21e-07	0.00e+00	0.00e+00	0.00e+00	0.00e+00	0.00e+00
 3.14357e+17	9.97e-01	2.64e-03	6.10e-07	0.00e+00	0.00e+00	0.00e+00	0.00e+00	0.00e+00
 3.14416e+17	9.97e-01	2.59e-03	5.99e-07	0.00e+00	0.00e+00	0.00e+00	0.00e+00	0.00e+00
 3.14478e+17	9.97e-01	2.50e-03	5.81e-07	0.00e+00	0.00e+00	0.00e+00	0.00e+00	0.00e+00
 3.14535e+17	9.98e-01	2.45e-03	5.70e-07	0.00e+00	0.00e+00	0.00e+00	0.00e+00	0.00e+00
 3.14587e+17	9.98e-01	2.40e-03	5.60e-07	0.00e+00	0.00e+00	0.00e+00	0.00e+00	0.00e+00
 3.14634e+17	9.98e-01	2.36e-03	5.51e-07	0.00e+00	0.00e+00	0.00e+00	0.00e+00	0.00e+00
 3.14684e+17	9.98e-01	2.31e-03	5.42e-07	0.00e+00	0.00e+00	0.00e+00	0.00e+00	0.00e+00
 3.14748e+17	9.98e-01	2.24e-03	5.26e-07	0.00e+00	0.00e+00	0.00e+00	0.00e+00	0.00e+00
 3.14816e+17	9.98e-01	2.15e-03	5.09e-07	0.00e+00	0.00e+00	0.00e+00	0.00e+00	0.00e+00
 3.14878e+17	9.98e-01	2.09e-03	4.95e-07	0.00e+00	0.00e+00	0.00e+00	0.00e+00	0.00e+00
 3.14935e+17	9.98e-01	2.04e-03	4.87e-07	0.00e+00	0.00e+00	0.00e+00	0.00e+00	0.00e+00
 3.14986e+17	9.98e-01	2.00e-03	4.78e-07	0.00e+00	0.00e+00	0.00e+00	0.00e+00	0.00e+00
###########################
 2.66952e+13	6.59e-04	1.94e-01	7.35e-01	6.84e-02	1.03e-03	6.73e-06	0.00e+00	0.00e+00
 1.60171e+14	6.60e-04	1.94e-01	7.35e-01	6.84e-02	1.03e-03	6.71e-06	0.00e+00	0.00e+00
 6.94076e+14	6.59e-04	1.94e-01	7.37e-01	6.82e-02	1.02e-03	6.67e-06	0.00e+00	0.00e+00
 2.82970e+15	6.66e-04	1.93e-01	7.39e-01	6.69e-02	9.79e-04	6.42e-06	0.00e+00	0.00e+00
 6.75924e+15	6.74e-04	1.89e-01	7.43e-01	6.56e-02	9.26e-04	6.11e-06	0.00e+00	0.00e+00
 1.18676e+16	6.93e-04	1.88e-01	7.47e-01	6.31e-02	8.52e-04	5.66e-06	0.00e+00	0.00e+00
 1.85086e+16	7.29e-04	1.90e-01	7.50e-01	5.89e-02	7.55e-04	5.04e-06	0.00e+00	0.00e+00
 2.71418e+16	7.99e-04	1.96e-01	7.49e-01	5.29e-02	6.34e-04	4.23e-06	0.00e+00	0.00e+00
 3.83649e+16	9.31e-04	2.11e-01	7.42e-01	4.51e-02	4.96e-04	3.28e-06	0.00e+00	0.00e+00
 5.08321e+16	1.13e-03	2.33e-01	7.28e-01	3.73e-02	3.76e-04	2.43e-06	0.00e+00	0.00e+00
 6.15455e+16	1.34e-03	2.55e-01	7.12e-01	3.14e-02	2.96e-04	1.86e-06	0.00e+00	0.00e+00
 6.97828e+16	1.54e-03	2.75e-01	6.96e-01	2.75e-02	2.47e-04	1.51e-06	0.00e+00	0.00e+00
 7.70347e+16	1.76e-03	2.95e-01	6.79e-01	2.44e-02	2.10e-04	1.24e-06	0.00e+00	0.00e+00
 8.53248e+16	2.05e-03	3.20e-01	6.56e-01	2.11e-02	1.74e-04	9.88e-07	0.00e+00	0.00e+00
 9.41416e+16	2.42e-03	3.49e-01	6.30e-01	1.80e-02	1.42e-04	0.00e+00	0.00e+00	0.00e+00
 1.01668e+17	2.75e-03	3.73e-01	6.08e-01	1.59e-02	1.22e-04	0.00e+00	0.00e+00	0.00e+00
 1.09476e+17	3.16e-03	4.01e-01	5.82e-01	1.38e-02	1.03e-04	0.00e+00	0.00e+00	0.00e+00
 1.18215e+17	3.69e-03	4.33e-01	5.51e-01	1.17e-02	8.56e-05	0.00e+00	0.00e+00	0.00e+00
 1.25869e+17	4.22e-03	4.63e-01	5.23e-01	1.01e-02	7.26e-05	0.00e+00	0.00e+00	0.00e+00
 1.32249e+17	4.73e-03	4.89e-01	4.97e-01	8.87e-03	6.28e-05	0.00e+00	0.00e+00	0.00e+00
 1.39268e+17	5.41e-03	5.20e-01	4.67e-01	7.55e-03	5.29e-05	0.00e+00	0.00e+00	0.00e+00
 1.47049e+17	6.27e-03	5.55e-01	4.32e-01	6.24e-03	4.35e-05	0.00e+00	0.00e+00	0.00e+00
 1.54332e+17	7.22e-03	5.90e-01	3.98e-01	5.13e-03	3.56e-05	0.00e+00	0.00e+00	0.00e+00
 1.61242e+17	8.32e-03	6.24e-01	3.63e-01	4.17e-03	2.90e-05	0.00e+00	0.00e+00	0.00e+00
 1.69156e+17	9.89e-03	6.66e-01	3.21e-01	3.18e-03	2.22e-05	0.00e+00	0.00e+00	0.00e+00
 1.77304e+17	1.19e-02	7.08e-01	2.78e-01	2.33e-03	1.64e-05	0.00e+00	0.00e+00	0.00e+00
 1.83820e+17	1.39e-02	7.43e-01	2.42e-01	1.75e-03	1.25e-05	0.00e+00	0.00e+00	0.00e+00
 1.89288e+17	1.59e-02	7.72e-01	2.11e-01	1.33e-03	9.61e-06	0.00e+00	0.00e+00	0.00e+00
 1.95333e+17	1.88e-02	8.03e-01	1.78e-01	9.50e-04	6.95e-06	0.00e+00	0.00e+00	0.00e+00
 2.01759e+17	2.26e-02	8.33e-01	1.44e-01	6.35e-04	4.74e-06	0.00e+00	0.00e+00	0.00e+00
 2.06977e+17	2.67e-02	8.55e-01	1.18e-01	4.37e-04	3.31e-06	0.00e+00	0.00e+00	0.00e+00
 2.10940e+17	3.05e-02	8.70e-01	9.88e-02	3.18e-04	2.44e-06	0.00e+00	0.00e+00	0.00e+00
 2.14345e+17	3.45e-02	8.82e-01	8.35e-02	2.36e-04	1.83e-06	0.00e+00	0.00e+00	0.00e+00
 2.17645e+17	3.92e-02	8.91e-01	6.98e-02	1.73e-04	1.35e-06	0.00e+00	0.00e+00	0.00e+00
 2.20838e+17	4.47e-02	8.98e-01	5.76e-02	1.25e-04	9.76e-07	0.00e+00	0.00e+00	0.00e+00
 2.23748e+17	5.08e-02	9.02e-01	4.76e-02	9.09e-05	0.00e+00	0.00e+00	0.00e+00	0.00e+00
 2.26326e+17	5.73e-02	9.03e-01	3.95e-02	6.74e-05	0.00e+00	0.00e+00	0.00e+00	0.00e+00
 2.28664e+17	6.45e-02	9.03e-01	3.28e-02	5.04e-05	0.00e+00	0.00e+00	0.00e+00	0.00e+00
 2.30846e+17	7.23e-02	9.00e-01	2.72e-02	3.82e-05	0.00e+00	0.00e+00	0.00e+00	0.00e+00
 2.32909e+17	8.11e-02	8.96e-01	2.26e-02	2.91e-05	0.00e+00	0.00e+00	0.00e+00	0.00e+00
 2.34867e+17	9.09e-02	8.90e-01	1.87e-02	2.24e-05	0.00e+00	0.00e+00	0.00e+00	0.00e+00
 2.36720e+17	1.02e-01	8.83e-01	1.54e-02	1.75e-05	0.00e+00	0.00e+00	0.00e+00	0.00e+00
 2.38477e+17	1.14e-01	8.74e-01	1.27e-02	1.38e-05	0.00e+00	0.00e+00	0.00e+00	0.00e+00
 2.40157e+17	1.27e-01	8.63e-01	1.05e-02	1.10e-05	0.00e+00	0.00e+00	0.00e+00	0.00e+00
 2.41783e+17	1.41e-01	8.50e-01	8.62e-03	8.90e-06	0.00e+00	0.00e+00	0.00e+00	0.00e+00
 2.43367e+17	1.57e-01	8.36e-01	7.06e-03	7.27e-06	0.00e+00	0.00e+00	0.00e+00	0.00e+00
 2.44876e+17	1.75e-01	8.20e-01	5.79e-03	6.04e-06	0.00e+00	0.00e+00	0.00e+00	0.00e+00
 2.46248e+17	1.92e-01	8.03e-01	4.80e-03	5.13e-06	0.00e+00	0.00e+00	0.00e+00	0.00e+00
 2.47490e+17	2.09e-01	7.87e-01	4.03e-03	4.45e-06	0.00e+00	0.00e+00	0.00e+00	0.00e+00
 2.48653e+17	2.27e-01	7.70e-01	3.40e-03	3.91e-06	0.00e+00	0.00e+00	0.00e+00	0.00e+00
 2.49761e+17	2.45e-01	7.52e-01	2.88e-03	3.47e-06	0.00e+00	0.00e+00	0.00e+00	0.00e+00
 2.50623e+17	2.60e-01	7.38e-01	2.53e-03	3.18e-06	0.00e+00	0.00e+00	0.00e+00	0.00e+00
 2.51198e+17	2.69e-01	7.28e-01	2.32e-03	3.01e-06	0.00e+00	0.00e+00	0.00e+00	0.00e+00
 2.51754e+17	2.80e-01	7.18e-01	2.13e-03	2.85e-06	0.00e+00	0.00e+00	0.00e+00	0.00e+00
 2.52425e+17	2.93e-01	7.05e-01	1.90e-03	2.66e-06	0.00e+00	0.00e+00	0.00e+00	0.00e+00
 2.53134e+17	3.07e-01	6.91e-01	1.69e-03	2.48e-06	0.00e+00	0.00e+00	0.00e+00	0.00e+00
 2.53786e+17	3.20e-01	6.78e-01	1.52e-03	2.33e-06	0.00e+00	0.00e+00	0.00e+00	0.00e+00
 2.54409e+17	3.34e-01	6.65e-01	1.37e-03	2.19e-06	0.00e+00	0.00e+00	0.00e+00	0.00e+00
 2.55042e+17	3.48e-01	6.51e-01	1.23e-03	2.06e-06	0.00e+00	0.00e+00	0.00e+00	0.00e+00
 2.55677e+17	3.62e-01	6.37e-01	1.10e-03	1.95e-06	0.00e+00	0.00e+00	0.00e+00	0.00e+00
 2.56317e+17	3.77e-01	6.22e-01	9.81e-04	1.83e-06	0.00e+00	0.00e+00	0.00e+00	0.00e+00
 2.56954e+17	3.93e-01	6.07e-01	8.73e-04	1.72e-06	0.00e+00	0.00e+00	0.00e+00	0.00e+00
 2.57575e+17	4.07e-01	5.92e-01	7.83e-04	1.63e-06	0.00e+00	0.00e+00	0.00e+00	0.00e+00
 2.58206e+17	4.23e-01	5.76e-01	6.94e-04	1.54e-06	0.00e+00	0.00e+00	0.00e+00	0.00e+00
 2.58840e+17	4.39e-01	5.60e-01	6.16e-04	1.45e-06	0.00e+00	0.00e+00	0.00e+00	0.00e+00
 2.59454e+17	4.54e-01	5.45e-01	5.50e-04	1.37e-06	0.00e+00	0.00e+00	0.00e+00	0.00e+00
 2.60081e+17	4.71e-01	5.29e-01	4.86e-04	1.29e-06	0.00e+00	0.00e+00	0.00e+00	0.00e+00
 2.60710e+17	4.87e-01	5.12e-01	4.31e-04	1.22e-06	0.00e+00	0.00e+00	0.00e+00	0.00e+00
 2.61318e+17	5.03e-01	4.97e-01	3.82e-04	1.15e-06	0.00e+00	0.00e+00	0.00e+00	0.00e+00
 2.61926e+17	5.19e-01	4.81e-01	3.40e-04	1.09e-06	0.00e+00	0.00e+00	0.00e+00	0.00e+00
 2.62566e+17	5.36e-01	4.64e-01	2.98e-04	1.02e-06	0.00e+00	0.00e+00	0.00e+00	0.00e+00
 2.63204e+17	5.53e-01	4.47e-01	2.62e-04	9.61e-07	0.00e+00	0.00e+00	0.00e+00	0.00e+00
 2.63807e+17	5.68e-01	4.32e-01	2.33e-04	0.00e+00	0.00e+00	0.00e+00	0.00e+00	0.00e+00
 2.64425e+17	5.84e-01	4.15e-01	2.04e-04	0.00e+00	0.00e+00	0.00e+00	0.00e+00	0.00e+00
 2.65056e+17	6.01e-01	3.99e-01	1.80e-04	0.00e+00	0.00e+00	0.00e+00	0.00e+00	0.00e+00
 2.65670e+17	6.16e-01	3.84e-01	1.58e-04	0.00e+00	0.00e+00	0.00e+00	0.00e+00	0.00e+00
 2.66277e+17	6.31e-01	3.69e-01	1.40e-04	0.00e+00	0.00e+00	0.00e+00	0.00e+00	0.00e+00
 2.66897e+17	6.46e-01	3.53e-01	1.23e-04	0.00e+00	0.00e+00	0.00e+00	0.00e+00	0.00e+00
 2.67516e+17	6.60e-01	3.40e-01	1.09e-04	0.00e+00	0.00e+00	0.00e+00	0.00e+00	0.00e+00
 2.68107e+17	6.75e-01	3.25e-01	9.62e-05	0.00e+00	0.00e+00	0.00e+00	0.00e+00	0.00e+00
 2.68694e+17	6.88e-01	3.12e-01	8.56e-05	0.00e+00	0.00e+00	0.00e+00	0.00e+00	0.00e+00
 2.69316e+17	7.02e-01	2.98e-01	7.52e-05	0.00e+00	0.00e+00	0.00e+00	0.00e+00	0.00e+00
 2.69970e+17	7.16e-01	2.84e-01	6.63e-05	0.00e+00	0.00e+00	0.00e+00	0.00e+00	0.00e+00
 2.70608e+17	7.29e-01	2.71e-01	5.84e-05	0.00e+00	0.00e+00	0.00e+00	0.00e+00	0.00e+00
 2.71222e+17	7.41e-01	2.59e-01	5.19e-05	0.00e+00	0.00e+00	0.00e+00	0.00e+00	0.00e+00
 2.71802e+17	7.52e-01	2.48e-01	4.67e-05	0.00e+00	0.00e+00	0.00e+00	0.00e+00	0.00e+00
 2.72405e+17	7.63e-01	2.37e-01	4.16e-05	0.00e+00	0.00e+00	0.00e+00	0.00e+00	0.00e+00
 2.73076e+17	7.75e-01	2.25e-01	3.67e-05	0.00e+00	0.00e+00	0.00e+00	0.00e+00	0.00e+00
 2.73760e+17	7.87e-01	2.13e-01	3.26e-05	0.00e+00	0.00e+00	0.00e+00	0.00e+00	0.00e+00
 2.74385e+17	7.97e-01	2.03e-01	2.93e-05	0.00e+00	0.00e+00	0.00e+00	0.00e+00	0.00e+00
 2.74984e+17	8.06e-01	1.94e-01	2.65e-05	0.00e+00	0.00e+00	0.00e+00	0.00e+00	0.00e+00
 2.75627e+17	8.15e-01	1.85e-01	2.41e-05	0.00e+00	0.00e+00	0.00e+00	0.00e+00	0.00e+00
 2.76322e+17	8.24e-01	1.76e-01	2.16e-05	0.00e+00	0.00e+00	0.00e+00	0.00e+00	0.00e+00
 2.77042e+17	8.33e-01	1.67e-01	1.95e-05	0.00e+00	0.00e+00	0.00e+00	0.00e+00	0.00e+00
 2.77734e+17	8.42e-01	1.58e-01	1.77e-05	0.00e+00	0.00e+00	0.00e+00	0.00e+00	0.00e+00
 2.78440e+17	8.49e-01	1.51e-01	1.62e-05	0.00e+00	0.00e+00	0.00e+00	0.00e+00	0.00e+00
 2.79146e+17	8.56e-01	1.44e-01	1.48e-05	0.00e+00	0.00e+00	0.00e+00	0.00e+00	0.00e+00
 2.79850e+17	8.64e-01	1.36e-01	1.36e-05	0.00e+00	0.00e+00	0.00e+00	0.00e+00	0.00e+00
 2.80581e+17	8.70e-01	1.30e-01	1.26e-05	0.00e+00	0.00e+00	0.00e+00	0.00e+00	0.00e+00
 2.81321e+17	8.76e-01	1.24e-01	1.17e-05	0.00e+00	0.00e+00	0.00e+00	0.00e+00	0.00e+00
 2.82086e+17	8.82e-01	1.18e-01	1.09e-05	0.00e+00	0.00e+00	0.00e+00	0.00e+00	0.00e+00
 2.82871e+17	8.88e-01	1.12e-01	1.02e-05	0.00e+00	0.00e+00	0.00e+00	0.00e+00	0.00e+00
 2.83652e+17	8.93e-01	1.07e-01	9.56e-06	0.00e+00	0.00e+00	0.00e+00	0.00e+00	0.00e+00
 2.84411e+17	8.98e-01	1.02e-01	9.00e-06	0.00e+00	0.00e+00	0.00e+00	0.00e+00	0.00e+00
 2.85154e+17	9.02e-01	9.83e-02	8.56e-06	0.00e+00	0.00e+00	0.00e+00	0.00e+00	0.00e+00
 2.85934e+17	9.06e-01	9.42e-02	8.14e-06	0.00e+00	0.00e+00	0.00e+00	0.00e+00	0.00e+00
 2.86771e+17	9.10e-01	8.98e-02	7.70e-06	0.00e+00	0.00e+00	0.00e+00	0.00e+00	0.00e+00
 2.87595e+17	9.14e-01	8.61e-02	7.35e-06	0.00e+00	0.00e+00	0.00e+00	0.00e+00	0.00e+00
 2.88396e+17	9.17e-01	8.28e-02	7.05e-06	0.00e+00	0.00e+00	0.00e+00	0.00e+00	0.00e+00
 2.89228e+17	9.21e-01	7.93e-02	6.75e-06	0.00e+00	0.00e+00	0.00e+00	0.00e+00	0.00e+00
 2.90083e+17	9.24e-01	7.61e-02	6.48e-06	0.00e+00	0.00e+00	0.00e+00	0.00e+00	0.00e+00
 2.90940e+17	9.27e-01	7.31e-02	6.23e-06	0.00e+00	0.00e+00	0.00e+00	0.00e+00	0.00e+00
 2.91788e+17	9.30e-01	7.01e-02	5.99e-06	0.00e+00	0.00e+00	0.00e+00	0.00e+00	0.00e+00
 2.92618e+17	9.32e-01	6.78e-02	5.82e-06	0.00e+00	0.00e+00	0.00e+00	0.00e+00	0.00e+00
 2.93548e+17	9.35e-01	6.46e-02	5.56e-06	0.00e+00	0.00e+00	0.00e+00	0.00e+00	0.00e+00
 2.94482e+17	9.38e-01	6.18e-02	5.36e-06	0.00e+00	0.00e+00	0.00e+00	0.00e+00	0.00e+00
 2.95264e+17	9.40e-01	6.01e-02	5.23e-06	0.00e+00	0.00e+00	0.00e+00	0.00e+00	0.00e+00
 2.96107e+17	9.42e-01	5.76e-02	5.04e-06	0.00e+00	0.00e+00	0.00e+00	0.00e+00	0.00e+00
 2.96988e+17	9.45e-01	5.52e-02	4.88e-06	0.00e+00	0.00e+00	0.00e+00	0.00e+00	0.00e+00
 2.97736e+17	9.47e-01	5.33e-02	4.74e-06	0.00e+00	0.00e+00	0.00e+00	0.00e+00	0.00e+00
 2.98439e+17	9.48e-01	5.17e-02	4.64e-06	0.00e+00	0.00e+00	0.00e+00	0.00e+00	0.00e+00
 2.99247e+17	9.51e-01	4.94e-02	4.48e-06	0.00e+00	0.00e+00	0.00e+00	0.00e+00	0.00e+00
 3.00058e+17	9.53e-01	4.73e-02	4.34e-06	0.00e+00	0.00e+00	0.00e+00	0.00e+00	0.00e+00
 3.00715e+17	9.54e-01	4.60e-02	4.26e-06	0.00e+00	0.00e+00	0.00e+00	0.00e+00	0.00e+00
 3.01394e+17	9.56e-01	4.41e-02	4.13e-06	0.00e+00	0.00e+00	0.00e+00	0.00e+00	0.00e+00
 3.02088e+17	9.58e-01	4.23e-02	4.02e-06	0.00e+00	0.00e+00	0.00e+00	0.00e+00	0.00e+00
 3.02656e+17	9.59e-01	4.11e-02	3.95e-06	0.00e+00	0.00e+00	0.00e+00	0.00e+00	0.00e+00
 3.03226e+17	9.60e-01	3.96e-02	3.84e-06	0.00e+00	0.00e+00	0.00e+00	0.00e+00	0.00e+00
 3.03806e+17	9.62e-01	3.84e-02	3.77e-06	0.00e+00	0.00e+00	0.00e+00	0.00e+00	0.00e+00
 3.04353e+17	9.62e-01	3.76e-02	3.71e-06	0.00e+00	0.00e+00	0.00e+00	0.00e+00	0.00e+00
 3.04994e+17	9.64e-01	3.65e-02	3.65e-06	0.00e+00	0.00e+00	0.00e+00	0.00e+00	0.00e+00
 3.05771e+17	9.66e-01	3.43e-02	3.51e-06	0.00e+00	0.00e+00	0.00e+00	0.00e+00	0.00e+00
 3.06417e+17	9.67e-01	3.26e-02	3.42e-06	0.00e+00	0.00e+00	0.00e+00	0.00e+00	0.00e+00
 3.06816e+17	9.68e-01	3.21e-02	3.38e-06	0.00e+00	0.00e+00	0.00e+00	0.00e+00	0.00e+00
 3.07202e+17	9.69e-01	3.11e-02	3.31e-06	0.00e+00	0.00e+00	0.00e+00	0.00e+00	0.00e+00
 3.07628e+17	9.70e-01	3.02e-02	3.26e-06	0.00e+00	0.00e+00	0.00e+00	0.00e+00	0.00e+00
 3.08072e+17	9.71e-01	2.89e-02	3.18e-06	0.00e+00	0.00e+00	0.00e+00	0.00e+00	0.00e+00
 3.08484e+17	9.72e-01	2.81e-02	3.13e-06	0.00e+00	0.00e+00	0.00e+00	0.00e+00	0.00e+00
 3.08847e+17	9.73e-01	2.70e-02	3.06e-06	0.00e+00	0.00e+00	0.00e+00	0.00e+00	0.00e+00
 3.09179e+17	9.74e-01	2.64e-02	3.02e-06	0.00e+00	0.00e+00	0.00e+00	0.00e+00	0.00e+00
 3.09499e+17	9.75e-01	2.53e-02	2.95e-06	0.00e+00	0.00e+00	0.00e+00	0.00e+00	0.00e+00
 3.09814e+17	9.75e-01	2.47e-02	2.91e-06	0.00e+00	0.00e+00	0.00e+00	0.00e+00	0.00e+00
 3.10116e+17	9.76e-01	2.38e-02	2.85e-06	0.00e+00	0.00e+00	0.00e+00	0.00e+00	0.00e+00
 3.10404e+17	9.77e-01	2.31e-02	2.81e-06	0.00e+00	0.00e+00	0.00e+00	0.00e+00	0.00e+00
 3.10670e+17	9.78e-01	2.22e-02	2.75e-06	0.00e+00	0.00e+00	0.00e+00	0.00e+00	0.00e+00
 3.10914e+17	9.78e-01	2.17e-02	2.71e-06	0.00e+00	0.00e+00	0.00e+00	0.00e+00	0.00e+00
 3.11154e+17	9.79e-01	2.08e-02	2.65e-06	0.00e+00	0.00e+00	0.00e+00	0.00e+00	0.00e+00
 3.11390e+17	9.80e-01	2.03e-02	2.62e-06	0.00e+00	0.00e+00	0.00e+00	0.00e+00	0.00e+00
 3.11609e+17	9.81e-01	1.94e-02	2.56e-06	0.00e+00	0.00e+00	0.00e+00	0.00e+00	0.00e+00
 3.11816e+17	9.81e-01	1.90e-02	2.53e-06	0.00e+00	0.00e+00	0.00e+00	0.00e+00	0.00e+00
 3.12017e+17	9.82e-01	1.81e-02	2.47e-06	0.00e+00	0.00e+00	0.00e+00	0.00e+00	0.00e+00
 3.12210e+17	9.83e-01	1.73e-02	2.41e-06	0.00e+00	0.00e+00	0.00e+00	0.00e+00	0.00e+00
 3.12359e+17	9.83e-01	1.70e-02	2.39e-06	0.00e+00	0.00e+00	0.00e+00	0.00e+00	0.00e+00
 3.12512e+17	9.83e-01	1.66e-02	2.36e-06	0.00e+00	0.00e+00	0.00e+00	0.00e+00	0.00e+00
 3.12710e+17	9.84e-01	1.57e-02	2.30e-06	0.00e+00	0.00e+00	0.00e+00	0.00e+00	0.00e+00
 3.12904e+17	9.85e-01	1.46e-02	2.21e-06	0.00e+00	0.00e+00	0.00e+00	0.00e+00	0.00e+00
 3.13032e+17	9.86e-01	1.43e-02	2.19e-06	0.00e+00	0.00e+00	0.00e+00	0.00e+00	0.00e+00
 3.13140e+17	9.87e-01	1.34e-02	2.11e-06	0.00e+00	0.00e+00	0.00e+00	0.00e+00	0.00e+00
 3.13244e+17	9.87e-01	1.31e-02	2.09e-06	0.00e+00	0.00e+00	0.00e+00	0.00e+00	0.00e+00
 3.13344e+17	9.87e-01	1.25e-02	2.04e-06	0.00e+00	0.00e+00	0.00e+00	0.00e+00	0.00e+00
 3.13470e+17	9.89e-01	1.14e-02	1.95e-06	0.00e+00	0.00e+00	0.00e+00	0.00e+00	0.00e+00
 3.13589e+17	9.96e-01	3.94e-03	8.87e-07	0.00e+00	0.00e+00	0.00e+00	0.00e+00	0.00e+00
 3.13680e+17	9.96e-01	3.66e-03	8.26e-07	0.00e+00	0.00e+00	0.00e+00	0.00e+00	0.00e+00
 3.13763e+17	9.97e-01	3.44e-03	7.81e-07	0.00e+00	0.00e+00	0.00e+00	0.00e+00	0.00e+00
 3.13839e+17	9.97e-01	3.30e-03	7.50e-07	0.00e+00	0.00e+00	0.00e+00	0.00e+00	0.00e+00
 3.13908e+17	9.97e-01	3.20e-03	7.29e-07	0.00e+00	0.00e+00	0.00e+00	0.00e+00	0.00e+00
 3.13971e+17	9.97e-01	3.11e-03	7.09e-07	0.00e+00	0.00e+00	0.00e+00	0.00e+00	0.00e+00
 3.14028e+17	9.97e-01	3.05e-03	6.97e-07	0.00e+00	0.00e+00	0.00e+00	0.00e+00	0.00e+00
 3.14080e+17	9.97e-01	2.99e-03	6.84e-07	0.00e+00	0.00e+00	0.00e+00	0.00e+00	0.00e+00
 3.14127e+17	9.97e-01	2.94e-03	6.73e-07	0.00e+00	0.00e+00	0.00e+00	0.00e+00	0.00e+00
 3.14179e+17	9.97e-01	2.89e-03	6.61e-07	0.00e+00	0.00e+00	0.00e+00	0.00e+00	0.00e+00
 3.14235e+17	9.97e-01	2.79e-03	6.42e-07	0.00e+00	0.00e+00	0.00e+00	0.00e+00	0.00e+00
 3.14286e+17	9.97e-01	2.74e-03	6.31e-07	0.00e+00	0.00e+00	0.00e+00	0.00e+00	0.00e+00
 3.14332e+17	9.97e-01	2.69e-03	6.20e-07	0.00e+00	0.00e+00	0.00e+00	0.00e+00	0.00e+00
 3.14382e+17	9.97e-01	2.64e-03	6.09e-07	0.00e+00	0.00e+00	0.00e+00	0.00e+00	0.00e+00
 3.14436e+17	9.97e-01	2.56e-03	5.93e-07	0.00e+00	0.00e+00	0.00e+00	0.00e+00	0.00e+00
 3.14485e+17	9.97e-01	2.51e-03	5.83e-07	0.00e+00	0.00e+00	0.00e+00	0.00e+00	0.00e+00
 3.14535e+17	9.98e-01	2.46e-03	5.73e-07	0.00e+00	0.00e+00	0.00e+00	0.00e+00	0.00e+00
 3.14588e+17	9.98e-01	2.41e-03	5.62e-07	0.00e+00	0.00e+00	0.00e+00	0.00e+00	0.00e+00
 3.14636e+17	9.98e-01	2.36e-03	5.51e-07	0.00e+00	0.00e+00	0.00e+00	0.00e+00	0.00e+00
 3.14679e+17	9.98e-01	2.31e-03	5.42e-07	0.00e+00	0.00e+00	0.00e+00	0.00e+00	0.00e+00
 3.14726e+17	9.98e-01	2.27e-03	5.33e-07	0.00e+00	0.00e+00	0.00e+00	0.00e+00	0.00e+00
 3.14785e+17	9.98e-01	2.20e-03	5.18e-07	0.00e+00	0.00e+00	0.00e+00	0.00e+00	0.00e+00
 3.14847e+17	9.98e-01	2.12e-03	5.03e-07	0.00e+00	0.00e+00	0.00e+00	0.00e+00	0.00e+00
 3.14904e+17	9.98e-01	2.07e-03	4.94e-07	0.00e+00	0.00e+00	0.00e+00	0.00e+00	0.00e+00
 3.14956e+17	9.98e-01	2.03e-03	4.84e-07	0.00e+00	0.00e+00	0.00e+00	0.00e+00	0.00e+00
 3.15003e+17	9.98e-01	1.99e-03	4.75e-07	0.00e+00	0.00e+00	0.00e+00	0.00e+00	0.00e+00
