#depth	N  1	N  2	N  3	N  4	N  5	N  6	N  7	N  8
 1.53562e+13	7.87e-03	6.60e-01	3.24e-01	7.81e-03	1.91e-04	1.28e-06	0.00e+00	0.00e+00
 9.21370e+13	7.89e-03	6.60e-01	3.24e-01	7.81e-03	1.91e-04	1.28e-06	0.00e+00	0.00e+00
 3.99260e+14	7.95e-03	6.60e-01	3.24e-01	7.81e-03	1.91e-04	1.28e-06	0.00e+00	0.00e+00
 1.62775e+15	8.16e-03	6.61e-01	3.23e-01	7.66e-03	1.87e-04	1.24e-06	0.00e+00	0.00e+00
 3.88818e+15	8.51e-03	6.57e-01	3.26e-01	7.72e-03	1.88e-04	1.24e-06	0.00e+00	0.00e+00
 6.82674e+15	8.95e-03	6.58e-01	3.26e-01	7.51e-03	1.84e-04	1.19e-06	0.00e+00	0.00e+00
 1.06469e+16	9.57e-03	6.63e-01	3.20e-01	7.01e-03	1.74e-04	1.07e-06	0.00e+00	0.00e+00
 1.56130e+16	1.05e-02	6.76e-01	3.07e-01	6.16e-03	1.56e-04	8.91e-07	0.00e+00	0.00e+00
 2.11464e+16	1.16e-02	6.94e-01	2.89e-01	5.21e-03	1.35e-04	0.00e+00	0.00e+00	0.00e+00
 2.63950e+16	1.29e-02	7.14e-01	2.68e-01	4.31e-03	1.16e-04	0.00e+00	0.00e+00	0.00e+00
 3.15577e+16	1.45e-02	7.39e-01	2.43e-01	3.43e-03	9.49e-05	0.00e+00	0.00e+00	0.00e+00
 3.71149e+16	1.66e-02	7.69e-01	2.12e-01	2.56e-03	7.34e-05	0.00e+00	0.00e+00	0.00e+00
 4.28378e+16	1.92e-02	7.98e-01	1.81e-01	1.86e-03	5.48e-05	0.00e+00	0.00e+00	0.00e+00
 4.81035e+16	2.21e-02	8.24e-01	1.52e-01	1.33e-03	4.01e-05	0.00e+00	0.00e+00	0.00e+00
 5.27325e+16	2.54e-02	8.46e-01	1.27e-01	9.59e-04	2.91e-05	0.00e+00	0.00e+00	0.00e+00
 5.69370e+16	2.91e-02	8.64e-01	1.06e-01	6.96e-04	2.11e-05	0.00e+00	0.00e+00	0.00e+00
 6.09815e+16	3.36e-02	8.80e-01	8.64e-02	5.00e-04	1.48e-05	0.00e+00	0.00e+00	0.00e+00
 6.49644e+16	3.92e-02	8.91e-01	6.90e-02	3.53e-04	1.01e-05	0.00e+00	0.00e+00	0.00e+00
 6.87235e+16	4.61e-02	8.99e-01	5.42e-02	2.51e-04	6.72e-06	0.00e+00	0.00e+00	0.00e+00
 7.19992e+16	5.38e-02	9.03e-01	4.28e-02	1.83e-04	4.53e-06	0.00e+00	0.00e+00	0.00e+00
 7.47469e+16	6.20e-02	9.03e-01	3.44e-02	1.40e-04	3.15e-06	0.00e+00	0.00e+00	0.00e+00
 7.71457e+16	7.10e-02	9.01e-01	2.78e-02	1.09e-04	2.23e-06	0.00e+00	0.00e+00	0.00e+00
 7.93600e+16	8.10e-02	8.96e-01	2.26e-02	8.76e-05	1.59e-06	0.00e+00	0.00e+00	0.00e+00
 8.14572e+16	9.24e-02	8.89e-01	1.82e-02	7.09e-05	1.13e-06	0.00e+00	0.00e+00	0.00e+00
 8.34492e+16	1.05e-01	8.80e-01	1.47e-02	5.81e-05	8.06e-07	0.00e+00	0.00e+00	0.00e+00
 8.53262e+16	1.20e-01	8.68e-01	1.19e-02	4.82e-05	0.00e+00	0.00e+00	0.00e+00	0.00e+00
 8.71002e+16	1.36e-01	8.54e-01	9.58e-03	4.06e-05	0.00e+00	0.00e+00	0.00e+00	0.00e+00
 8.87689e+16	1.53e-01	8.39e-01	7.77e-03	3.47e-05	0.00e+00	0.00e+00	0.00e+00	0.00e+00
 9.02777e+16	1.71e-01	8.22e-01	6.39e-03	3.01e-05	0.00e+00	0.00e+00	0.00e+00	0.00e+00
 9.16141e+16	1.89e-01	8.06e-01	5.34e-03	2.67e-05	0.00e+00	0.00e+00	0.00e+00	0.00e+00
 9.28427e+16	2.06e-01	7.90e-01	4.52e-03	2.40e-05	0.00e+00	0.00e+00	0.00e+00	0.00e+00
 9.40285e+16	2.24e-01	7.72e-01	3.84e-03	2.17e-05	0.00e+00	0.00e+00	0.00e+00	0.00e+00
 9.51920e+16	2.42e-01	7.54e-01	3.26e-03	1.97e-05	0.00e+00	0.00e+00	0.00e+00	0.00e+00
 9.63180e+16	2.61e-01	7.36e-01	2.78e-03	1.79e-05	0.00e+00	0.00e+00	0.00e+00	0.00e+00
 9.73995e+16	2.81e-01	7.17e-01	2.38e-03	1.64e-05	0.00e+00	0.00e+00	0.00e+00	0.00e+00
 9.82571e+16	2.96e-01	7.02e-01	2.11e-03	1.54e-05	0.00e+00	0.00e+00	0.00e+00	0.00e+00
 9.88397e+16	3.07e-01	6.91e-01	1.94e-03	1.47e-05	0.00e+00	0.00e+00	0.00e+00	0.00e+00
 9.94116e+16	3.17e-01	6.81e-01	1.79e-03	1.41e-05	0.00e+00	0.00e+00	0.00e+00	0.00e+00
 1.00139e+17	3.31e-01	6.67e-01	1.61e-03	1.33e-05	0.00e+00	0.00e+00	0.00e+00	0.00e+00
 1.00943e+17	3.47e-01	6.52e-01	1.44e-03	1.26e-05	0.00e+00	0.00e+00	0.00e+00	0.00e+00
 1.01683e+17	3.62e-01	6.37e-01	1.29e-03	1.19e-05	0.00e+00	0.00e+00	0.00e+00	0.00e+00
 1.02357e+17	3.75e-01	6.24e-01	1.17e-03	1.13e-05	0.00e+00	0.00e+00	0.00e+00	0.00e+00
 1.03052e+17	3.89e-01	6.10e-01	1.06e-03	1.08e-05	0.00e+00	0.00e+00	0.00e+00	0.00e+00
 1.03805e+17	4.05e-01	5.95e-01	9.47e-04	1.02e-05	0.00e+00	0.00e+00	0.00e+00	0.00e+00
 1.04560e+17	4.20e-01	5.79e-01	8.51e-04	9.65e-06	0.00e+00	0.00e+00	0.00e+00	0.00e+00
 1.05291e+17	4.35e-01	5.64e-01	7.64e-04	9.12e-06	0.00e+00	0.00e+00	0.00e+00	0.00e+00
 1.06020e+17	4.49e-01	5.50e-01	6.92e-04	8.70e-06	0.00e+00	0.00e+00	0.00e+00	0.00e+00
 1.06800e+17	4.66e-01	5.34e-01	6.17e-04	8.19e-06	0.00e+00	0.00e+00	0.00e+00	0.00e+00
 1.07602e+17	4.82e-01	5.17e-01	5.53e-04	7.76e-06	0.00e+00	0.00e+00	0.00e+00	0.00e+00
 1.08366e+17	4.97e-01	5.02e-01	4.96e-04	7.33e-06	0.00e+00	0.00e+00	0.00e+00	0.00e+00
 1.09131e+17	5.12e-01	4.88e-01	4.49e-04	7.00e-06	0.00e+00	0.00e+00	0.00e+00	0.00e+00
 1.09974e+17	5.28e-01	4.71e-01	4.00e-04	6.58e-06	0.00e+00	0.00e+00	0.00e+00	0.00e+00
 1.10852e+17	5.45e-01	4.55e-01	3.58e-04	6.21e-06	0.00e+00	0.00e+00	0.00e+00	0.00e+00
 1.11679e+17	5.60e-01	4.40e-01	3.22e-04	5.87e-06	0.00e+00	0.00e+00	0.00e+00	0.00e+00
 1.12507e+17	5.74e-01	4.26e-01	2.92e-04	5.58e-06	0.00e+00	0.00e+00	0.00e+00	0.00e+00
 1.13405e+17	5.89e-01	4.11e-01	2.62e-04	5.27e-06	0.00e+00	0.00e+00	0.00e+00	0.00e+00
 1.14356e+17	6.04e-01	3.95e-01	2.36e-04	4.98e-06	0.00e+00	0.00e+00	0.00e+00	0.00e+00
 1.15326e+17	6.19e-01	3.80e-01	2.13e-04	4.69e-06	0.00e+00	0.00e+00	0.00e+00	0.00e+00
 1.16305e+17	6.33e-01	3.67e-01	1.93e-04	4.45e-06	0.00e+00	0.00e+00	0.00e+00	0.00e+00
 1.17319e+17	6.47e-01	3.53e-01	1.75e-04	4.21e-06	0.00e+00	0.00e+00	0.00e+00	0.00e+00
 1.18405e+17	6.60e-01	3.39e-01	1.59e-04	3.99e-06	0.00e+00	0.00e+00	0.00e+00	0.00e+00
 1.19547e+17	6.74e-01	3.26e-01	1.45e-04	3.76e-06	0.00e+00	0.00e+00	0.00e+00	0.00e+00
 1.20736e+17	6.86e-01	3.14e-01	1.33e-04	3.57e-06	0.00e+00	0.00e+00	0.00e+00	0.00e+00
 1.22002e+17	6.99e-01	3.01e-01	1.21e-04	3.37e-06	0.00e+00	0.00e+00	0.00e+00	0.00e+00
 1.23350e+17	7.10e-01	2.90e-01	1.12e-04	3.21e-06	0.00e+00	0.00e+00	0.00e+00	0.00e+00
 1.24721e+17	7.20e-01	2.80e-01	1.04e-04	3.05e-06	0.00e+00	0.00e+00	0.00e+00	0.00e+00
 1.26077e+17	7.30e-01	2.70e-01	9.68e-05	2.92e-06	0.00e+00	0.00e+00	0.00e+00	0.00e+00
 1.27632e+17	7.40e-01	2.59e-01	8.97e-05	2.76e-06	0.00e+00	0.00e+00	0.00e+00	0.00e+00
 1.29569e+17	7.51e-01	2.48e-01	8.29e-05	2.61e-06	0.00e+00	0.00e+00	0.00e+00	0.00e+00
 1.31540e+17	7.62e-01	2.38e-01	7.74e-05	2.47e-06	0.00e+00	0.00e+00	0.00e+00	0.00e+00
 1.33432e+17	7.70e-01	2.30e-01	7.31e-05	2.37e-06	0.00e+00	0.00e+00	0.00e+00	0.00e+00
 1.35674e+17	7.78e-01	2.22e-01	6.89e-05	2.27e-06	0.00e+00	0.00e+00	0.00e+00	0.00e+00
 1.38405e+17	7.88e-01	2.12e-01	6.41e-05	2.13e-06	0.00e+00	0.00e+00	0.00e+00	0.00e+00
 1.41423e+17	7.97e-01	2.03e-01	6.02e-05	2.02e-06	0.00e+00	0.00e+00	0.00e+00	0.00e+00
 1.44566e+17	8.05e-01	1.95e-01	5.68e-05	1.92e-06	0.00e+00	0.00e+00	0.00e+00	0.00e+00
 1.47875e+17	8.14e-01	1.86e-01	5.35e-05	1.81e-06	0.00e+00	0.00e+00	0.00e+00	0.00e+00
 1.51353e+17	8.22e-01	1.78e-01	5.05e-05	1.72e-06	0.00e+00	0.00e+00	0.00e+00	0.00e+00
 1.54918e+17	8.30e-01	1.70e-01	4.78e-05	1.62e-06	0.00e+00	0.00e+00	0.00e+00	0.00e+00
 1.58472e+17	8.36e-01	1.64e-01	4.57e-05	1.55e-06	0.00e+00	0.00e+00	0.00e+00	0.00e+00
 1.62112e+17	8.43e-01	1.57e-01	4.35e-05	1.47e-06	0.00e+00	0.00e+00	0.00e+00	0.00e+00
 1.65761e+17	8.50e-01	1.50e-01	4.16e-05	1.40e-06	0.00e+00	0.00e+00	0.00e+00	0.00e+00
 1.69337e+17	8.57e-01	1.43e-01	3.96e-05	1.32e-06	0.00e+00	0.00e+00	0.00e+00	0.00e+00
 1.72760e+17	8.62e-01	1.38e-01	3.83e-05	1.26e-06	0.00e+00	0.00e+00	0.00e+00	0.00e+00
 1.76138e+17	8.68e-01	1.32e-01	3.67e-05	1.20e-06	0.00e+00	0.00e+00	0.00e+00	0.00e+00
 1.79562e+17	8.73e-01	1.27e-01	3.54e-05	1.14e-06	0.00e+00	0.00e+00	0.00e+00	0.00e+00
 1.82791e+17	8.78e-01	1.22e-01	3.42e-05	1.09e-06	0.00e+00	0.00e+00	0.00e+00	0.00e+00
 1.85814e+17	8.82e-01	1.18e-01	3.31e-05	1.04e-06	0.00e+00	0.00e+00	0.00e+00	0.00e+00
 1.88780e+17	8.87e-01	1.13e-01	3.21e-05	9.93e-07	0.00e+00	0.00e+00	0.00e+00	0.00e+00
 1.91686e+17	8.91e-01	1.09e-01	3.11e-05	0.00e+00	0.00e+00	0.00e+00	0.00e+00	0.00e+00
 1.94487e+17	8.95e-01	1.05e-01	3.02e-05	0.00e+00	0.00e+00	0.00e+00	0.00e+00	0.00e+00
 1.97176e+17	8.98e-01	1.01e-01	2.94e-05	0.00e+00	0.00e+00	0.00e+00	0.00e+00	0.00e+00
 1.99776e+17	9.03e-01	9.74e-02	2.86e-05	0.00e+00	0.00e+00	0.00e+00	0.00e+00	0.00e+00
 2.02316e+17	9.06e-01	9.40e-02	2.79e-05	0.00e+00	0.00e+00	0.00e+00	0.00e+00	0.00e+00
 2.04818e+17	9.09e-01	9.11e-02	2.72e-05	0.00e+00	0.00e+00	0.00e+00	0.00e+00	0.00e+00
 2.07319e+17	9.12e-01	8.76e-02	2.65e-05	0.00e+00	0.00e+00	0.00e+00	0.00e+00	0.00e+00
 2.09707e+17	9.15e-01	8.47e-02	2.59e-05	0.00e+00	0.00e+00	0.00e+00	0.00e+00	0.00e+00
 2.11920e+17	9.18e-01	8.18e-02	2.52e-05	0.00e+00	0.00e+00	0.00e+00	0.00e+00	0.00e+00
 2.13961e+17	9.20e-01	7.95e-02	2.48e-05	0.00e+00	0.00e+00	0.00e+00	0.00e+00	0.00e+00
 2.16110e+17	9.24e-01	7.62e-02	2.41e-05	0.00e+00	0.00e+00	0.00e+00	0.00e+00	0.00e+00
 2.18187e+17	9.26e-01	7.36e-02	2.36e-05	0.00e+00	0.00e+00	0.00e+00	0.00e+00	0.00e+00
 2.19956e+17	9.29e-01	7.14e-02	2.31e-05	0.00e+00	0.00e+00	0.00e+00	0.00e+00	0.00e+00
 2.21619e+17	9.30e-01	6.95e-02	2.28e-05	0.00e+00	0.00e+00	0.00e+00	0.00e+00	0.00e+00
 2.23477e+17	9.33e-01	6.68e-02	2.22e-05	0.00e+00	0.00e+00	0.00e+00	0.00e+00	0.00e+00
 2.25324e+17	9.36e-01	6.44e-02	2.17e-05	0.00e+00	0.00e+00	0.00e+00	0.00e+00	0.00e+00
 2.26791e+17	9.37e-01	6.31e-02	2.15e-05	0.00e+00	0.00e+00	0.00e+00	0.00e+00	0.00e+00
 2.28299e+17	9.39e-01	6.07e-02	2.10e-05	0.00e+00	0.00e+00	0.00e+00	0.00e+00	0.00e+00
 2.29850e+17	9.41e-01	5.87e-02	2.06e-05	0.00e+00	0.00e+00	0.00e+00	0.00e+00	0.00e+00
 2.31153e+17	9.43e-01	5.73e-02	2.03e-05	0.00e+00	0.00e+00	0.00e+00	0.00e+00	0.00e+00
 2.32469e+17	9.45e-01	5.54e-02	1.99e-05	0.00e+00	0.00e+00	0.00e+00	0.00e+00	0.00e+00
 2.33762e+17	9.46e-01	5.36e-02	1.95e-05	0.00e+00	0.00e+00	0.00e+00	0.00e+00	0.00e+00
 2.34849e+17	9.47e-01	5.30e-02	1.93e-05	0.00e+00	0.00e+00	0.00e+00	0.00e+00	0.00e+00
 2.36011e+17	9.47e-01	5.26e-02	1.91e-05	0.00e+00	0.00e+00	0.00e+00	0.00e+00	0.00e+00
 2.37446e+17	9.50e-01	5.01e-02	1.86e-05	0.00e+00	0.00e+00	0.00e+00	0.00e+00	0.00e+00
 2.38683e+17	9.52e-01	4.82e-02	1.81e-05	0.00e+00	0.00e+00	0.00e+00	0.00e+00	0.00e+00
 2.39470e+17	9.52e-01	4.81e-02	1.80e-05	0.00e+00	0.00e+00	0.00e+00	0.00e+00	0.00e+00
 2.40226e+17	9.52e-01	4.80e-02	1.79e-05	0.00e+00	0.00e+00	0.00e+00	0.00e+00	0.00e+00
 2.41209e+17	9.53e-01	4.73e-02	1.78e-05	0.00e+00	0.00e+00	0.00e+00	0.00e+00	0.00e+00
 2.42487e+17	9.55e-01	4.54e-02	1.75e-05	0.00e+00	0.00e+00	0.00e+00	0.00e+00	0.00e+00
 2.43743e+17	9.56e-01	4.37e-02	1.71e-05	0.00e+00	0.00e+00	0.00e+00	0.00e+00	0.00e+00
 2.44632e+17	9.57e-01	4.28e-02	1.69e-05	0.00e+00	0.00e+00	0.00e+00	0.00e+00	0.00e+00
 2.45450e+17	9.58e-01	4.23e-02	1.68e-05	0.00e+00	0.00e+00	0.00e+00	0.00e+00	0.00e+00
 2.46513e+17	9.60e-01	4.04e-02	1.64e-05	0.00e+00	0.00e+00	0.00e+00	0.00e+00	0.00e+00
 2.47468e+17	9.61e-01	3.88e-02	1.60e-05	0.00e+00	0.00e+00	0.00e+00	0.00e+00	0.00e+00
 2.48049e+17	9.62e-01	3.83e-02	1.59e-05	0.00e+00	0.00e+00	0.00e+00	0.00e+00	0.00e+00
 2.48571e+17	9.62e-01	3.82e-02	1.58e-05	0.00e+00	0.00e+00	0.00e+00	0.00e+00	0.00e+00
 2.49249e+17	9.63e-01	3.73e-02	1.56e-05	0.00e+00	0.00e+00	0.00e+00	0.00e+00	0.00e+00
 2.50026e+17	9.65e-01	3.55e-02	1.52e-05	0.00e+00	0.00e+00	0.00e+00	0.00e+00	0.00e+00
 2.50634e+17	9.65e-01	3.47e-02	1.51e-05	0.00e+00	0.00e+00	0.00e+00	0.00e+00	0.00e+00
 2.51074e+17	9.66e-01	3.44e-02	1.49e-05	0.00e+00	0.00e+00	0.00e+00	0.00e+00	0.00e+00
 2.51593e+17	9.66e-01	3.37e-02	1.48e-05	0.00e+00	0.00e+00	0.00e+00	0.00e+00	0.00e+00
 2.52264e+17	9.68e-01	3.22e-02	1.44e-05	0.00e+00	0.00e+00	0.00e+00	0.00e+00	0.00e+00
 2.52850e+17	9.69e-01	3.09e-02	1.41e-05	0.00e+00	0.00e+00	0.00e+00	0.00e+00	0.00e+00
 2.53177e+17	9.69e-01	3.08e-02	1.40e-05	0.00e+00	0.00e+00	0.00e+00	0.00e+00	0.00e+00
 2.53451e+17	9.69e-01	3.07e-02	1.40e-05	0.00e+00	0.00e+00	0.00e+00	0.00e+00	0.00e+00
 2.53808e+17	9.70e-01	3.02e-02	1.39e-05	0.00e+00	0.00e+00	0.00e+00	0.00e+00	0.00e+00
 2.54173e+17	9.70e-01	2.97e-02	1.37e-05	0.00e+00	0.00e+00	0.00e+00	0.00e+00	0.00e+00
 2.54435e+17	9.71e-01	2.92e-02	1.36e-05	0.00e+00	0.00e+00	0.00e+00	0.00e+00	0.00e+00
 2.54625e+17	9.71e-01	2.91e-02	1.36e-05	0.00e+00	0.00e+00	0.00e+00	0.00e+00	0.00e+00
 2.54838e+17	9.71e-01	2.89e-02	1.35e-05	0.00e+00	0.00e+00	0.00e+00	0.00e+00	0.00e+00
 2.55114e+17	9.71e-01	2.86e-02	1.34e-05	0.00e+00	0.00e+00	0.00e+00	0.00e+00	0.00e+00
 2.55382e+17	9.72e-01	2.80e-02	1.33e-05	0.00e+00	0.00e+00	0.00e+00	0.00e+00	0.00e+00
 2.55562e+17	9.72e-01	2.77e-02	1.32e-05	0.00e+00	0.00e+00	0.00e+00	0.00e+00	0.00e+00
 2.55705e+17	9.72e-01	2.77e-02	1.32e-05	0.00e+00	0.00e+00	0.00e+00	0.00e+00	0.00e+00
 2.55878e+17	9.73e-01	2.74e-02	1.31e-05	0.00e+00	0.00e+00	0.00e+00	0.00e+00	0.00e+00
 2.56104e+17	9.73e-01	2.70e-02	1.30e-05	0.00e+00	0.00e+00	0.00e+00	0.00e+00	0.00e+00
 2.56342e+17	9.73e-01	2.66e-02	1.29e-05	0.00e+00	0.00e+00	0.00e+00	0.00e+00	0.00e+00
 2.56519e+17	9.74e-01	2.62e-02	1.28e-05	0.00e+00	0.00e+00	0.00e+00	0.00e+00	0.00e+00
 2.56649e+17	9.74e-01	2.61e-02	1.28e-05	0.00e+00	0.00e+00	0.00e+00	0.00e+00	0.00e+00
 2.56796e+17	9.74e-01	2.59e-02	1.27e-05	0.00e+00	0.00e+00	0.00e+00	0.00e+00	0.00e+00
 2.56988e+17	9.74e-01	2.56e-02	1.26e-05	0.00e+00	0.00e+00	0.00e+00	0.00e+00	0.00e+00
 2.57207e+17	9.75e-01	2.52e-02	1.25e-05	0.00e+00	0.00e+00	0.00e+00	0.00e+00	0.00e+00
 2.57395e+17	9.75e-01	2.48e-02	1.24e-05	0.00e+00	0.00e+00	0.00e+00	0.00e+00	0.00e+00
 2.57530e+17	9.75e-01	2.46e-02	1.24e-05	0.00e+00	0.00e+00	0.00e+00	0.00e+00	0.00e+00
 2.57657e+17	9.75e-01	2.45e-02	1.23e-05	0.00e+00	0.00e+00	0.00e+00	0.00e+00	0.00e+00
 2.57814e+17	9.76e-01	2.43e-02	1.22e-05	0.00e+00	0.00e+00	0.00e+00	0.00e+00	0.00e+00
 2.58018e+17	9.76e-01	2.40e-02	1.22e-05	0.00e+00	0.00e+00	0.00e+00	0.00e+00	0.00e+00
 2.58232e+17	9.76e-01	2.35e-02	1.21e-05	0.00e+00	0.00e+00	0.00e+00	0.00e+00	0.00e+00
 2.58394e+17	9.77e-01	2.32e-02	1.20e-05	0.00e+00	0.00e+00	0.00e+00	0.00e+00	0.00e+00
 2.58521e+17	9.77e-01	2.31e-02	1.19e-05	0.00e+00	0.00e+00	0.00e+00	0.00e+00	0.00e+00
 2.58665e+17	9.77e-01	2.29e-02	1.18e-05	0.00e+00	0.00e+00	0.00e+00	0.00e+00	0.00e+00
 2.58852e+17	9.77e-01	2.26e-02	1.18e-05	0.00e+00	0.00e+00	0.00e+00	0.00e+00	0.00e+00
 2.59074e+17	9.78e-01	2.22e-02	1.17e-05	0.00e+00	0.00e+00	0.00e+00	0.00e+00	0.00e+00
 2.59274e+17	9.78e-01	2.18e-02	1.16e-05	0.00e+00	0.00e+00	0.00e+00	0.00e+00	0.00e+00
 2.59418e+17	9.78e-01	2.16e-02	1.15e-05	0.00e+00	0.00e+00	0.00e+00	0.00e+00	0.00e+00
 2.59556e+17	9.79e-01	2.15e-02	1.14e-05	0.00e+00	0.00e+00	0.00e+00	0.00e+00	0.00e+00
 2.59735e+17	9.79e-01	2.12e-02	1.14e-05	0.00e+00	0.00e+00	0.00e+00	0.00e+00	0.00e+00
 2.59965e+17	9.79e-01	2.08e-02	1.13e-05	0.00e+00	0.00e+00	0.00e+00	0.00e+00	0.00e+00
 2.60196e+17	9.80e-01	2.01e-02	1.10e-05	0.00e+00	0.00e+00	0.00e+00	0.00e+00	0.00e+00
 2.60358e+17	9.80e-01	1.99e-02	1.10e-05	0.00e+00	0.00e+00	0.00e+00	0.00e+00	0.00e+00
 2.60497e+17	9.80e-01	1.98e-02	1.09e-05	0.00e+00	0.00e+00	0.00e+00	0.00e+00	0.00e+00
 2.60679e+17	9.80e-01	1.96e-02	1.09e-05	0.00e+00	0.00e+00	0.00e+00	0.00e+00	0.00e+00
 2.60914e+17	9.81e-01	1.93e-02	1.08e-05	0.00e+00	0.00e+00	0.00e+00	0.00e+00	0.00e+00
 2.61171e+17	9.81e-01	1.85e-02	1.05e-05	0.00e+00	0.00e+00	0.00e+00	0.00e+00	0.00e+00
 2.61367e+17	9.82e-01	1.82e-02	1.05e-05	0.00e+00	0.00e+00	0.00e+00	0.00e+00	0.00e+00
 2.61525e+17	9.82e-01	1.81e-02	1.04e-05	0.00e+00	0.00e+00	0.00e+00	0.00e+00	0.00e+00
 2.61718e+17	9.82e-01	1.76e-02	1.02e-05	0.00e+00	0.00e+00	0.00e+00	0.00e+00	0.00e+00
 2.61896e+17	9.83e-01	1.72e-02	1.01e-05	0.00e+00	0.00e+00	0.00e+00	0.00e+00	0.00e+00
 2.62042e+17	9.83e-01	1.71e-02	1.00e-05	0.00e+00	0.00e+00	0.00e+00	0.00e+00	0.00e+00
 2.62218e+17	9.83e-01	1.68e-02	9.95e-06	0.00e+00	0.00e+00	0.00e+00	0.00e+00	0.00e+00
 2.62447e+17	9.84e-01	1.62e-02	9.74e-06	0.00e+00	0.00e+00	0.00e+00	0.00e+00	0.00e+00
 2.62694e+17	9.85e-01	1.47e-02	9.17e-06	0.00e+00	0.00e+00	0.00e+00	0.00e+00	0.00e+00
 2.62918e+17	9.87e-01	1.32e-02	8.50e-06	0.00e+00	0.00e+00	0.00e+00	0.00e+00	0.00e+00
 2.63123e+17	9.90e-01	1.04e-02	7.03e-06	0.00e+00	0.00e+00	0.00e+00	0.00e+00	0.00e+00
 2.63309e+17	9.90e-01	9.77e-03	6.67e-06	0.00e+00	0.00e+00	0.00e+00	0.00e+00	0.00e+00
 2.63478e+17	9.91e-01	9.41e-03	6.46e-06	0.00e+00	0.00e+00	0.00e+00	0.00e+00	0.00e+00
 2.63632e+17	9.91e-01	9.23e-03	6.34e-06	0.00e+00	0.00e+00	0.00e+00	0.00e+00	0.00e+00
 2.63788e+17	9.91e-01	9.13e-03	6.27e-06	0.00e+00	0.00e+00	0.00e+00	0.00e+00	0.00e+00
 2.63979e+17	9.91e-01	8.82e-03	6.09e-06	0.00e+00	0.00e+00	0.00e+00	0.00e+00	0.00e+00
 2.64185e+17	9.92e-01	8.36e-03	5.81e-06	0.00e+00	0.00e+00	0.00e+00	0.00e+00	0.00e+00
 2.64373e+17	9.92e-01	8.27e-03	5.75e-06	0.00e+00	0.00e+00	0.00e+00	0.00e+00	0.00e+00
 2.64577e+17	9.92e-01	8.18e-03	5.70e-06	0.00e+00	0.00e+00	0.00e+00	0.00e+00	0.00e+00
 2.64841e+17	9.92e-01	7.88e-03	5.51e-06	0.00e+00	0.00e+00	0.00e+00	0.00e+00	0.00e+00
 2.65125e+17	9.92e-01	7.59e-03	5.35e-06	0.00e+00	0.00e+00	0.00e+00	0.00e+00	0.00e+00
 2.65384e+17	9.92e-01	7.51e-03	5.31e-06	0.00e+00	0.00e+00	0.00e+00	0.00e+00	0.00e+00
 2.65647e+17	9.93e-01	7.45e-03	5.28e-06	0.00e+00	0.00e+00	0.00e+00	0.00e+00	0.00e+00
 2.65965e+17	9.93e-01	7.36e-03	5.25e-06	0.00e+00	0.00e+00	0.00e+00	0.00e+00	0.00e+00
 2.66355e+17	9.93e-01	7.24e-03	5.20e-06	0.00e+00	0.00e+00	0.00e+00	0.00e+00	0.00e+00
 2.66746e+17	9.93e-01	7.14e-03	5.18e-06	0.00e+00	0.00e+00	0.00e+00	0.00e+00	0.00e+00
 2.67078e+17	9.93e-01	7.13e-03	5.19e-06	0.00e+00	0.00e+00	0.00e+00	0.00e+00	0.00e+00
 2.67418e+17	9.93e-01	7.14e-03	5.22e-06	0.00e+00	0.00e+00	0.00e+00	0.00e+00	0.00e+00
 2.67850e+17	9.93e-01	7.10e-03	5.24e-06	0.00e+00	0.00e+00	0.00e+00	0.00e+00	0.00e+00
 2.68377e+17	9.93e-01	7.03e-03	5.27e-06	0.00e+00	0.00e+00	0.00e+00	0.00e+00	0.00e+00
 2.68937e+17	9.93e-01	7.07e-03	5.37e-06	0.00e+00	0.00e+00	0.00e+00	0.00e+00	0.00e+00
 2.69559e+17	9.93e-01	7.22e-03	5.54e-06	0.00e+00	0.00e+00	0.00e+00	0.00e+00	0.00e+00
 2.70213e+17	9.93e-01	7.39e-03	5.75e-06	0.00e+00	0.00e+00	0.00e+00	0.00e+00	0.00e+00
 2.70747e+17	9.92e-01	7.91e-03	6.17e-06	0.00e+00	0.00e+00	0.00e+00	0.00e+00	0.00e+00
 2.71084e+17	9.91e-01	8.56e-03	6.60e-06	0.00e+00	0.00e+00	0.00e+00	0.00e+00	0.00e+00
 2.71253e+17	9.91e-01	9.41e-03	7.09e-06	0.00e+00	0.00e+00	0.00e+00	0.00e+00	0.00e+00
 2.71337e+17	9.90e-01	1.02e-02	7.48e-06	0.00e+00	0.00e+00	0.00e+00	0.00e+00	0.00e+00
 2.71381e+17	9.89e-01	1.07e-02	7.75e-06	0.00e+00	0.00e+00	0.00e+00	0.00e+00	0.00e+00
 2.71411e+17	9.89e-01	1.10e-02	7.90e-06	0.00e+00	0.00e+00	0.00e+00	0.00e+00	0.00e+00
 2.71443e+17	9.89e-01	1.12e-02	7.97e-06	0.00e+00	0.00e+00	0.00e+00	0.00e+00	0.00e+00
 2.71484e+17	9.89e-01	1.14e-02	8.11e-06	0.00e+00	0.00e+00	0.00e+00	0.00e+00	0.00e+00
 2.71538e+17	9.88e-01	1.16e-02	8.16e-06	0.00e+00	0.00e+00	0.00e+00	0.00e+00	0.00e+00
 2.71608e+17	9.88e-01	1.17e-02	8.22e-06	0.00e+00	0.00e+00	0.00e+00	0.00e+00	0.00e+00
 2.71699e+17	9.88e-01	1.17e-02	8.26e-06	0.00e+00	0.00e+00	0.00e+00	0.00e+00	0.00e+00
 2.71818e+17	9.88e-01	1.17e-02	8.27e-06	0.00e+00	0.00e+00	0.00e+00	0.00e+00	0.00e+00
 2.71972e+17	9.88e-01	1.16e-02	8.26e-06	0.00e+00	0.00e+00	0.00e+00	0.00e+00	0.00e+00
 2.72172e+17	9.88e-01	1.15e-02	8.22e-06	0.00e+00	0.00e+00	0.00e+00	0.00e+00	0.00e+00
 2.72432e+17	9.89e-01	1.13e-02	8.15e-06	0.00e+00	0.00e+00	0.00e+00	0.00e+00	0.00e+00
 2.72770e+17	9.89e-01	1.09e-02	8.00e-06	0.00e+00	0.00e+00	0.00e+00	0.00e+00	0.00e+00
 2.73162e+17	9.89e-01	1.07e-02	7.92e-06	0.00e+00	0.00e+00	0.00e+00	0.00e+00	0.00e+00
 2.73621e+17	9.89e-01	1.05e-02	7.87e-06	0.00e+00	0.00e+00	0.00e+00	0.00e+00	0.00e+00
 2.74219e+17	9.90e-01	1.03e-02	7.82e-06	0.00e+00	0.00e+00	0.00e+00	0.00e+00	0.00e+00
 2.74991e+17	9.90e-01	1.02e-02	7.79e-06	0.00e+00	0.00e+00	0.00e+00	0.00e+00	0.00e+00
 2.75952e+17	9.90e-01	1.00e-02	7.79e-06	0.00e+00	0.00e+00	0.00e+00	0.00e+00	0.00e+00
 2.77060e+17	9.90e-01	9.97e-03	7.83e-06	0.00e+00	0.00e+00	0.00e+00	0.00e+00	0.00e+00
 2.78298e+17	9.90e-01	1.03e-02	8.06e-06	0.00e+00	0.00e+00	0.00e+00	0.00e+00	0.00e+00
 2.79564e+17	9.89e-01	1.06e-02	8.33e-06	0.00e+00	0.00e+00	0.00e+00	0.00e+00	0.00e+00
 2.80692e+17	9.89e-01	1.11e-02	8.61e-06	0.00e+00	0.00e+00	0.00e+00	0.00e+00	0.00e+00
 2.81674e+17	9.89e-01	1.14e-02	8.78e-06	0.00e+00	0.00e+00	0.00e+00	0.00e+00	0.00e+00
 2.82737e+17	9.89e-01	1.14e-02	8.84e-06	0.00e+00	0.00e+00	0.00e+00	0.00e+00	0.00e+00
 2.84118e+17	9.89e-01	1.13e-02	8.86e-06	0.00e+00	0.00e+00	0.00e+00	0.00e+00	0.00e+00
 2.85915e+17	9.89e-01	1.10e-02	8.85e-06	0.00e+00	0.00e+00	0.00e+00	0.00e+00	0.00e+00
 2.88029e+17	9.89e-01	1.06e-02	8.80e-06	0.00e+00	0.00e+00	0.00e+00	0.00e+00	0.00e+00
 2.90057e+17	9.90e-01	1.02e-02	8.73e-06	0.00e+00	0.00e+00	0.00e+00	0.00e+00	0.00e+00
 2.91822e+17	9.90e-01	9.89e-03	8.66e-06	0.00e+00	0.00e+00	0.00e+00	0.00e+00	0.00e+00
 2.93474e+17	9.90e-01	9.52e-03	8.56e-06	0.00e+00	0.00e+00	0.00e+00	0.00e+00	0.00e+00
 2.95198e+17	9.97e-01	2.72e-03	4.03e-06	0.00e+00	0.00e+00	0.00e+00	0.00e+00	0.00e+00
 2.96937e+17	9.99e-01	6.24e-04	2.16e-06	0.00e+00	0.00e+00	0.00e+00	0.00e+00	0.00e+00
###########################
 1.53562e+13	7.87e-03	6.60e-01	3.24e-01	7.83e-03	1.91e-04	1.28e-06	0.00e+00	0.00e+00
 9.21370e+13	7.88e-03	6.60e-01	3.24e-01	7.83e-03	1.91e-04	1.28e-06	0.00e+00	0.00e+00
 3.99260e+14	7.91e-03	6.59e-01	3.25e-01	7.85e-03	1.92e-04	1.28e-06	0.00e+00	0.00e+00
 1.62775e+15	8.04e-03	6.57e-01	3.27e-01	7.79e-03	1.91e-04	1.27e-06	0.00e+00	0.00e+00
 3.88818e+15	8.29e-03	6.50e-01	3.34e-01	7.93e-03	1.94e-04	1.29e-06	0.00e+00	0.00e+00
 6.82674e+15	8.70e-03	6.50e-01	3.34e-01	7.73e-03	1.90e-04	1.24e-06	0.00e+00	0.00e+00
 1.06469e+16	9.33e-03	6.56e-01	3.27e-01	7.20e-03	1.79e-04	1.12e-06	0.00e+00	0.00e+00
 1.56130e+16	1.04e-02	6.73e-01	3.10e-01	6.25e-03	1.58e-04	9.12e-07	0.00e+00	0.00e+00
 2.11703e+16	1.17e-02	6.95e-01	2.88e-01	5.19e-03	1.35e-04	0.00e+00	0.00e+00	0.00e+00
 2.64470e+16	1.32e-02	7.20e-01	2.62e-01	4.19e-03	1.12e-04	0.00e+00	0.00e+00	0.00e+00
 3.15575e+16	1.50e-02	7.49e-01	2.33e-01	3.26e-03	8.99e-05	0.00e+00	0.00e+00	0.00e+00
 3.69693e+16	1.74e-02	7.80e-01	2.00e-01	2.38e-03	6.76e-05	0.00e+00	0.00e+00	0.00e+00
 4.23251e+16	2.03e-02	8.10e-01	1.68e-01	1.70e-03	4.97e-05	0.00e+00	0.00e+00	0.00e+00
 4.70274e+16	2.34e-02	8.35e-01	1.41e-01	1.22e-03	3.62e-05	0.00e+00	0.00e+00	0.00e+00
 5.11702e+16	2.68e-02	8.55e-01	1.18e-01	8.90e-04	2.63e-05	0.00e+00	0.00e+00	0.00e+00
 5.50564e+16	3.07e-02	8.72e-01	9.70e-02	6.44e-04	1.89e-05	0.00e+00	0.00e+00	0.00e+00
 5.88698e+16	3.55e-02	8.86e-01	7.84e-02	4.58e-04	1.31e-05	0.00e+00	0.00e+00	0.00e+00
 6.25830e+16	4.16e-02	8.96e-01	6.21e-02	3.23e-04	8.79e-06	0.00e+00	0.00e+00	0.00e+00
 6.60451e+16	4.88e-02	9.02e-01	4.85e-02	2.29e-04	5.80e-06	0.00e+00	0.00e+00	0.00e+00
 6.90888e+16	5.71e-02	9.05e-01	3.81e-02	1.67e-04	3.87e-06	0.00e+00	0.00e+00	0.00e+00
 7.16820e+16	6.61e-02	9.03e-01	3.03e-02	1.27e-04	2.66e-06	0.00e+00	0.00e+00	0.00e+00
 7.39515e+16	7.60e-02	9.00e-01	2.43e-02	9.92e-05	1.85e-06	0.00e+00	0.00e+00	0.00e+00
 7.60223e+16	8.69e-02	8.93e-01	1.96e-02	7.93e-05	1.31e-06	0.00e+00	0.00e+00	0.00e+00
 7.79621e+16	9.93e-02	8.85e-01	1.58e-02	6.44e-05	9.26e-07	0.00e+00	0.00e+00	0.00e+00
 7.98038e+16	1.13e-01	8.74e-01	1.27e-02	5.29e-05	0.00e+00	0.00e+00	0.00e+00	0.00e+00
 8.15491e+16	1.29e-01	8.60e-01	1.02e-02	4.40e-05	0.00e+00	0.00e+00	0.00e+00	0.00e+00
 8.31814e+16	1.46e-01	8.45e-01	8.25e-03	3.72e-05	0.00e+00	0.00e+00	0.00e+00	0.00e+00
 8.46598e+16	1.64e-01	8.29e-01	6.76e-03	3.21e-05	0.00e+00	0.00e+00	0.00e+00	0.00e+00
 8.59672e+16	1.82e-01	8.13e-01	5.64e-03	2.82e-05	0.00e+00	0.00e+00	0.00e+00	0.00e+00
 8.71431e+16	1.99e-01	7.97e-01	4.78e-03	2.52e-05	0.00e+00	0.00e+00	0.00e+00	0.00e+00
 8.82532e+16	2.16e-01	7.80e-01	4.07e-03	2.27e-05	0.00e+00	0.00e+00	0.00e+00	0.00e+00
 8.93395e+16	2.34e-01	7.62e-01	3.47e-03	2.06e-05	0.00e+00	0.00e+00	0.00e+00	0.00e+00
 9.03992e+16	2.53e-01	7.44e-01	2.97e-03	1.88e-05	0.00e+00	0.00e+00	0.00e+00	0.00e+00
 9.14203e+16	2.71e-01	7.26e-01	2.55e-03	1.72e-05	0.00e+00	0.00e+00	0.00e+00	0.00e+00
 9.22228e+16	2.86e-01	7.12e-01	2.28e-03	1.61e-05	0.00e+00	0.00e+00	0.00e+00	0.00e+00
 9.27655e+16	2.96e-01	7.02e-01	2.11e-03	1.54e-05	0.00e+00	0.00e+00	0.00e+00	0.00e+00
 9.32976e+16	3.06e-01	6.92e-01	1.95e-03	1.48e-05	0.00e+00	0.00e+00	0.00e+00	0.00e+00
 9.39535e+16	3.20e-01	6.79e-01	1.76e-03	1.40e-05	0.00e+00	0.00e+00	0.00e+00	0.00e+00
 9.46675e+16	3.34e-01	6.65e-01	1.59e-03	1.32e-05	0.00e+00	0.00e+00	0.00e+00	0.00e+00
 9.53458e+16	3.48e-01	6.51e-01	1.43e-03	1.25e-05	0.00e+00	0.00e+00	0.00e+00	0.00e+00
 9.59936e+16	3.61e-01	6.38e-01	1.31e-03	1.19e-05	0.00e+00	0.00e+00	0.00e+00	0.00e+00
 9.66611e+16	3.75e-01	6.24e-01	1.18e-03	1.13e-05	0.00e+00	0.00e+00	0.00e+00	0.00e+00
 9.73527e+16	3.89e-01	6.10e-01	1.07e-03	1.07e-05	0.00e+00	0.00e+00	0.00e+00	0.00e+00
 9.80509e+16	4.04e-01	5.95e-01	9.62e-04	1.02e-05	0.00e+00	0.00e+00	0.00e+00	0.00e+00
 9.87614e+16	4.19e-01	5.81e-01	8.68e-04	9.65e-06	0.00e+00	0.00e+00	0.00e+00	0.00e+00
 9.94822e+16	4.33e-01	5.66e-01	7.84e-04	9.17e-06	0.00e+00	0.00e+00	0.00e+00	0.00e+00
 1.00221e+17	4.49e-01	5.51e-01	7.04e-04	8.67e-06	0.00e+00	0.00e+00	0.00e+00	0.00e+00
 1.00973e+17	4.64e-01	5.36e-01	6.36e-04	8.25e-06	0.00e+00	0.00e+00	0.00e+00	0.00e+00
 1.01755e+17	4.80e-01	5.20e-01	5.68e-04	7.78e-06	0.00e+00	0.00e+00	0.00e+00	0.00e+00
 1.02546e+17	4.95e-01	5.05e-01	5.12e-04	7.39e-06	0.00e+00	0.00e+00	0.00e+00	0.00e+00
 1.03345e+17	5.10e-01	4.90e-01	4.62e-04	7.02e-06	0.00e+00	0.00e+00	0.00e+00	0.00e+00
 1.04200e+17	5.27e-01	4.73e-01	4.11e-04	6.60e-06	0.00e+00	0.00e+00	0.00e+00	0.00e+00
 1.05063e+17	5.42e-01	4.57e-01	3.70e-04	6.25e-06	0.00e+00	0.00e+00	0.00e+00	0.00e+00
 1.05894e+17	5.57e-01	4.43e-01	3.34e-04	5.92e-06	0.00e+00	0.00e+00	0.00e+00	0.00e+00
 1.06770e+17	5.71e-01	4.28e-01	3.02e-04	5.63e-06	0.00e+00	0.00e+00	0.00e+00	0.00e+00
 1.07748e+17	5.88e-01	4.12e-01	2.69e-04	5.29e-06	0.00e+00	0.00e+00	0.00e+00	0.00e+00
 1.08759e+17	6.03e-01	3.96e-01	2.42e-04	4.99e-06	0.00e+00	0.00e+00	0.00e+00	0.00e+00
 1.09748e+17	6.17e-01	3.82e-01	2.19e-04	4.73e-06	0.00e+00	0.00e+00	0.00e+00	0.00e+00
 1.10779e+17	6.32e-01	3.68e-01	1.98e-04	4.47e-06	0.00e+00	0.00e+00	0.00e+00	0.00e+00
 1.11883e+17	6.46e-01	3.54e-01	1.79e-04	4.23e-06	0.00e+00	0.00e+00	0.00e+00	0.00e+00
 1.13036e+17	6.60e-01	3.40e-01	1.62e-04	3.99e-06	0.00e+00	0.00e+00	0.00e+00	0.00e+00
 1.14249e+17	6.73e-01	3.27e-01	1.48e-04	3.78e-06	0.00e+00	0.00e+00	0.00e+00	0.00e+00
 1.15525e+17	6.85e-01	3.15e-01	1.35e-04	3.59e-06	0.00e+00	0.00e+00	0.00e+00	0.00e+00
 1.16890e+17	6.98e-01	3.02e-01	1.23e-04	3.38e-06	0.00e+00	0.00e+00	0.00e+00	0.00e+00
 1.18357e+17	7.09e-01	2.90e-01	1.13e-04	3.22e-06	0.00e+00	0.00e+00	0.00e+00	0.00e+00
 1.19835e+17	7.20e-01	2.80e-01	1.05e-04	3.06e-06	0.00e+00	0.00e+00	0.00e+00	0.00e+00
 1.21289e+17	7.30e-01	2.70e-01	9.76e-05	2.91e-06	0.00e+00	0.00e+00	0.00e+00	0.00e+00
 1.22853e+17	7.40e-01	2.60e-01	9.11e-05	2.78e-06	0.00e+00	0.00e+00	0.00e+00	0.00e+00
 1.24659e+17	7.49e-01	2.51e-01	8.52e-05	2.66e-06	0.00e+00	0.00e+00	0.00e+00	0.00e+00
 1.26692e+17	7.59e-01	2.41e-01	7.93e-05	2.52e-06	0.00e+00	0.00e+00	0.00e+00	0.00e+00
 1.28892e+17	7.68e-01	2.32e-01	7.41e-05	2.39e-06	0.00e+00	0.00e+00	0.00e+00	0.00e+00
 1.31442e+17	7.77e-01	2.23e-01	6.94e-05	2.28e-06	0.00e+00	0.00e+00	0.00e+00	0.00e+00
 1.34214e+17	7.87e-01	2.13e-01	6.49e-05	2.15e-06	0.00e+00	0.00e+00	0.00e+00	0.00e+00
 1.37074e+17	7.95e-01	2.04e-01	6.10e-05	2.04e-06	0.00e+00	0.00e+00	0.00e+00	0.00e+00
 1.40278e+17	8.04e-01	1.96e-01	5.73e-05	1.93e-06	0.00e+00	0.00e+00	0.00e+00	0.00e+00
 1.43797e+17	8.13e-01	1.87e-01	5.40e-05	1.83e-06	0.00e+00	0.00e+00	0.00e+00	0.00e+00
 1.47475e+17	8.21e-01	1.79e-01	5.10e-05	1.73e-06	0.00e+00	0.00e+00	0.00e+00	0.00e+00
 1.51207e+17	8.29e-01	1.71e-01	4.82e-05	1.64e-06	0.00e+00	0.00e+00	0.00e+00	0.00e+00
 1.54895e+17	8.36e-01	1.64e-01	4.58e-05	1.55e-06	0.00e+00	0.00e+00	0.00e+00	0.00e+00
 1.58506e+17	8.43e-01	1.57e-01	4.37e-05	1.47e-06	0.00e+00	0.00e+00	0.00e+00	0.00e+00
 1.62055e+17	8.50e-01	1.50e-01	4.17e-05	1.39e-06	0.00e+00	0.00e+00	0.00e+00	0.00e+00
 1.65501e+17	8.56e-01	1.44e-01	3.99e-05	1.32e-06	0.00e+00	0.00e+00	0.00e+00	0.00e+00
 1.68867e+17	8.61e-01	1.39e-01	3.85e-05	1.27e-06	0.00e+00	0.00e+00	0.00e+00	0.00e+00
 1.72285e+17	8.66e-01	1.34e-01	3.71e-05	1.21e-06	0.00e+00	0.00e+00	0.00e+00	0.00e+00
 1.75792e+17	8.72e-01	1.28e-01	3.56e-05	1.15e-06	0.00e+00	0.00e+00	0.00e+00	0.00e+00
 1.79132e+17	8.77e-01	1.23e-01	3.44e-05	1.09e-06	0.00e+00	0.00e+00	0.00e+00	0.00e+00
 1.82206e+17	8.82e-01	1.18e-01	3.32e-05	1.05e-06	0.00e+00	0.00e+00	0.00e+00	0.00e+00
 1.85147e+17	8.87e-01	1.13e-01	3.22e-05	9.97e-07	0.00e+00	0.00e+00	0.00e+00	0.00e+00
 1.87945e+17	8.90e-01	1.10e-01	3.13e-05	0.00e+00	0.00e+00	0.00e+00	0.00e+00	0.00e+00
 1.90743e+17	8.95e-01	1.05e-01	3.03e-05	0.00e+00	0.00e+00	0.00e+00	0.00e+00	0.00e+00
 1.93489e+17	8.98e-01	1.02e-01	2.95e-05	0.00e+00	0.00e+00	0.00e+00	0.00e+00	0.00e+00
 1.96117e+17	9.02e-01	9.77e-02	2.87e-05	0.00e+00	0.00e+00	0.00e+00	0.00e+00	0.00e+00
 1.98651e+17	9.06e-01	9.44e-02	2.80e-05	0.00e+00	0.00e+00	0.00e+00	0.00e+00	0.00e+00
 2.01154e+17	9.09e-01	9.15e-02	2.73e-05	0.00e+00	0.00e+00	0.00e+00	0.00e+00	0.00e+00
 2.03673e+17	9.12e-01	8.80e-02	2.66e-05	0.00e+00	0.00e+00	0.00e+00	0.00e+00	0.00e+00
 2.06080e+17	9.15e-01	8.48e-02	2.60e-05	0.00e+00	0.00e+00	0.00e+00	0.00e+00	0.00e+00
 2.08303e+17	9.18e-01	8.19e-02	2.54e-05	0.00e+00	0.00e+00	0.00e+00	0.00e+00	0.00e+00
 2.10331e+17	9.20e-01	7.96e-02	2.48e-05	0.00e+00	0.00e+00	0.00e+00	0.00e+00	0.00e+00
 2.12340e+17	9.23e-01	7.69e-02	2.43e-05	0.00e+00	0.00e+00	0.00e+00	0.00e+00	0.00e+00
 2.14331e+17	9.26e-01	7.44e-02	2.38e-05	0.00e+00	0.00e+00	0.00e+00	0.00e+00	0.00e+00
 2.16216e+17	9.28e-01	7.19e-02	2.33e-05	0.00e+00	0.00e+00	0.00e+00	0.00e+00	0.00e+00
 2.17968e+17	9.30e-01	6.99e-02	2.29e-05	0.00e+00	0.00e+00	0.00e+00	0.00e+00	0.00e+00
 2.19858e+17	9.33e-01	6.71e-02	2.23e-05	0.00e+00	0.00e+00	0.00e+00	0.00e+00	0.00e+00
 2.21722e+17	9.35e-01	6.47e-02	2.18e-05	0.00e+00	0.00e+00	0.00e+00	0.00e+00	0.00e+00
 2.23199e+17	9.37e-01	6.32e-02	2.15e-05	0.00e+00	0.00e+00	0.00e+00	0.00e+00	0.00e+00
 2.24725e+17	9.39e-01	6.10e-02	2.11e-05	0.00e+00	0.00e+00	0.00e+00	0.00e+00	0.00e+00
 2.26298e+17	9.41e-01	5.88e-02	2.06e-05	0.00e+00	0.00e+00	0.00e+00	0.00e+00	0.00e+00
 2.27594e+17	9.42e-01	5.75e-02	2.04e-05	0.00e+00	0.00e+00	0.00e+00	0.00e+00	0.00e+00
 2.28908e+17	9.44e-01	5.56e-02	1.99e-05	0.00e+00	0.00e+00	0.00e+00	0.00e+00	0.00e+00
 2.30244e+17	9.46e-01	5.37e-02	1.95e-05	0.00e+00	0.00e+00	0.00e+00	0.00e+00	0.00e+00
 2.31351e+17	9.46e-01	5.41e-02	1.94e-05	0.00e+00	0.00e+00	0.00e+00	0.00e+00	0.00e+00
 2.32499e+17	9.48e-01	5.24e-02	1.90e-05	0.00e+00	0.00e+00	0.00e+00	0.00e+00	0.00e+00
 2.33699e+17	9.49e-01	5.06e-02	1.86e-05	0.00e+00	0.00e+00	0.00e+00	0.00e+00	0.00e+00
 2.34683e+17	9.50e-01	4.99e-02	1.85e-05	0.00e+00	0.00e+00	0.00e+00	0.00e+00	0.00e+00
 2.35677e+17	9.52e-01	4.84e-02	1.81e-05	0.00e+00	0.00e+00	0.00e+00	0.00e+00	0.00e+00
 2.36705e+17	9.52e-01	4.77e-02	1.80e-05	0.00e+00	0.00e+00	0.00e+00	0.00e+00	0.00e+00
 2.37776e+17	9.53e-01	4.70e-02	1.78e-05	0.00e+00	0.00e+00	0.00e+00	0.00e+00	0.00e+00
 2.39169e+17	9.55e-01	4.54e-02	1.75e-05	0.00e+00	0.00e+00	0.00e+00	0.00e+00	0.00e+00
 2.40515e+17	9.56e-01	4.35e-02	1.71e-05	0.00e+00	0.00e+00	0.00e+00	0.00e+00	0.00e+00
 2.41422e+17	9.58e-01	4.25e-02	1.69e-05	0.00e+00	0.00e+00	0.00e+00	0.00e+00	0.00e+00
 2.42138e+17	9.58e-01	4.19e-02	1.67e-05	0.00e+00	0.00e+00	0.00e+00	0.00e+00	0.00e+00
 2.42986e+17	9.59e-01	4.06e-02	1.64e-05	0.00e+00	0.00e+00	0.00e+00	0.00e+00	0.00e+00
 2.43861e+17	9.61e-01	3.93e-02	1.61e-05	0.00e+00	0.00e+00	0.00e+00	0.00e+00	0.00e+00
 2.44542e+17	9.61e-01	3.85e-02	1.60e-05	0.00e+00	0.00e+00	0.00e+00	0.00e+00	0.00e+00
 2.45202e+17	9.62e-01	3.79e-02	1.58e-05	0.00e+00	0.00e+00	0.00e+00	0.00e+00	0.00e+00
 2.46055e+17	9.64e-01	3.62e-02	1.54e-05	0.00e+00	0.00e+00	0.00e+00	0.00e+00	0.00e+00
 2.46808e+17	9.65e-01	3.49e-02	1.51e-05	0.00e+00	0.00e+00	0.00e+00	0.00e+00	0.00e+00
 2.47250e+17	9.66e-01	3.45e-02	1.50e-05	0.00e+00	0.00e+00	0.00e+00	0.00e+00	0.00e+00
 2.47640e+17	9.66e-01	3.42e-02	1.49e-05	0.00e+00	0.00e+00	0.00e+00	0.00e+00	0.00e+00
 2.48146e+17	9.67e-01	3.35e-02	1.47e-05	0.00e+00	0.00e+00	0.00e+00	0.00e+00	0.00e+00
 2.48760e+17	9.68e-01	3.21e-02	1.44e-05	0.00e+00	0.00e+00	0.00e+00	0.00e+00	0.00e+00
 2.49283e+17	9.69e-01	3.11e-02	1.41e-05	0.00e+00	0.00e+00	0.00e+00	0.00e+00	0.00e+00
 2.49596e+17	9.69e-01	3.07e-02	1.40e-05	0.00e+00	0.00e+00	0.00e+00	0.00e+00	0.00e+00
 2.49866e+17	9.69e-01	3.05e-02	1.40e-05	0.00e+00	0.00e+00	0.00e+00	0.00e+00	0.00e+00
 2.50215e+17	9.70e-01	3.01e-02	1.39e-05	0.00e+00	0.00e+00	0.00e+00	0.00e+00	0.00e+00
 2.50532e+17	9.70e-01	2.95e-02	1.37e-05	0.00e+00	0.00e+00	0.00e+00	0.00e+00	0.00e+00
 2.50728e+17	9.71e-01	2.92e-02	1.36e-05	0.00e+00	0.00e+00	0.00e+00	0.00e+00	0.00e+00
 2.50876e+17	9.71e-01	2.91e-02	1.36e-05	0.00e+00	0.00e+00	0.00e+00	0.00e+00	0.00e+00
 2.51038e+17	9.71e-01	2.89e-02	1.35e-05	0.00e+00	0.00e+00	0.00e+00	0.00e+00	0.00e+00
 2.51250e+17	9.71e-01	2.85e-02	1.34e-05	0.00e+00	0.00e+00	0.00e+00	0.00e+00	0.00e+00
 2.51492e+17	9.72e-01	2.82e-02	1.34e-05	0.00e+00	0.00e+00	0.00e+00	0.00e+00	0.00e+00
 2.51702e+17	9.72e-01	2.78e-02	1.33e-05	0.00e+00	0.00e+00	0.00e+00	0.00e+00	0.00e+00
 2.51863e+17	9.73e-01	2.74e-02	1.32e-05	0.00e+00	0.00e+00	0.00e+00	0.00e+00	0.00e+00
 2.52002e+17	9.73e-01	2.72e-02	1.31e-05	0.00e+00	0.00e+00	0.00e+00	0.00e+00	0.00e+00
 2.52152e+17	9.73e-01	2.70e-02	1.30e-05	0.00e+00	0.00e+00	0.00e+00	0.00e+00	0.00e+00
 2.52346e+17	9.73e-01	2.67e-02	1.30e-05	0.00e+00	0.00e+00	0.00e+00	0.00e+00	0.00e+00
 2.52566e+17	9.74e-01	2.63e-02	1.29e-05	0.00e+00	0.00e+00	0.00e+00	0.00e+00	0.00e+00
 2.52749e+17	9.74e-01	2.59e-02	1.28e-05	0.00e+00	0.00e+00	0.00e+00	0.00e+00	0.00e+00
 2.52889e+17	9.74e-01	2.57e-02	1.27e-05	0.00e+00	0.00e+00	0.00e+00	0.00e+00	0.00e+00
 2.53026e+17	9.75e-01	2.55e-02	1.26e-05	0.00e+00	0.00e+00	0.00e+00	0.00e+00	0.00e+00
 2.53181e+17	9.75e-01	2.52e-02	1.25e-05	0.00e+00	0.00e+00	0.00e+00	0.00e+00	0.00e+00
 2.53376e+17	9.75e-01	2.49e-02	1.25e-05	0.00e+00	0.00e+00	0.00e+00	0.00e+00	0.00e+00
 2.53585e+17	9.75e-01	2.45e-02	1.24e-05	0.00e+00	0.00e+00	0.00e+00	0.00e+00	0.00e+00
 2.53761e+17	9.76e-01	2.42e-02	1.23e-05	0.00e+00	0.00e+00	0.00e+00	0.00e+00	0.00e+00
 2.53912e+17	9.76e-01	2.40e-02	1.22e-05	0.00e+00	0.00e+00	0.00e+00	0.00e+00	0.00e+00
 2.54068e+17	9.76e-01	2.37e-02	1.21e-05	0.00e+00	0.00e+00	0.00e+00	0.00e+00	0.00e+00
 2.54251e+17	9.77e-01	2.35e-02	1.21e-05	0.00e+00	0.00e+00	0.00e+00	0.00e+00	0.00e+00
 2.54455e+17	9.77e-01	2.31e-02	1.20e-05	0.00e+00	0.00e+00	0.00e+00	0.00e+00	0.00e+00
 2.54641e+17	9.77e-01	2.27e-02	1.19e-05	0.00e+00	0.00e+00	0.00e+00	0.00e+00	0.00e+00
 2.54801e+17	9.78e-01	2.25e-02	1.18e-05	0.00e+00	0.00e+00	0.00e+00	0.00e+00	0.00e+00
 2.54959e+17	9.78e-01	2.22e-02	1.17e-05	0.00e+00	0.00e+00	0.00e+00	0.00e+00	0.00e+00
 2.55139e+17	9.78e-01	2.20e-02	1.16e-05	0.00e+00	0.00e+00	0.00e+00	0.00e+00	0.00e+00
 2.55342e+17	9.78e-01	2.17e-02	1.16e-05	0.00e+00	0.00e+00	0.00e+00	0.00e+00	0.00e+00
 2.55558e+17	9.79e-01	2.13e-02	1.15e-05	0.00e+00	0.00e+00	0.00e+00	0.00e+00	0.00e+00
 2.55763e+17	9.79e-01	2.10e-02	1.13e-05	0.00e+00	0.00e+00	0.00e+00	0.00e+00	0.00e+00
 2.55938e+17	9.79e-01	2.07e-02	1.13e-05	0.00e+00	0.00e+00	0.00e+00	0.00e+00	0.00e+00
 2.56101e+17	9.80e-01	2.04e-02	1.12e-05	0.00e+00	0.00e+00	0.00e+00	0.00e+00	0.00e+00
 2.56283e+17	9.80e-01	2.02e-02	1.11e-05	0.00e+00	0.00e+00	0.00e+00	0.00e+00	0.00e+00
 2.56501e+17	9.80e-01	1.98e-02	1.10e-05	0.00e+00	0.00e+00	0.00e+00	0.00e+00	0.00e+00
 2.56731e+17	9.81e-01	1.95e-02	1.09e-05	0.00e+00	0.00e+00	0.00e+00	0.00e+00	0.00e+00
 2.56933e+17	9.81e-01	1.91e-02	1.08e-05	0.00e+00	0.00e+00	0.00e+00	0.00e+00	0.00e+00
 2.57117e+17	9.81e-01	1.89e-02	1.07e-05	0.00e+00	0.00e+00	0.00e+00	0.00e+00	0.00e+00
 2.57323e+17	9.81e-01	1.86e-02	1.06e-05	0.00e+00	0.00e+00	0.00e+00	0.00e+00	0.00e+00
 2.57564e+17	9.82e-01	1.80e-02	1.04e-05	0.00e+00	0.00e+00	0.00e+00	0.00e+00	0.00e+00
 2.57764e+17	9.82e-01	1.77e-02	1.03e-05	0.00e+00	0.00e+00	0.00e+00	0.00e+00	0.00e+00
 2.57916e+17	9.83e-01	1.71e-02	1.01e-05	0.00e+00	0.00e+00	0.00e+00	0.00e+00	0.00e+00
 2.58044e+17	9.83e-01	1.68e-02	9.98e-06	0.00e+00	0.00e+00	0.00e+00	0.00e+00	0.00e+00
 2.58162e+17	9.83e-01	1.67e-02	9.91e-06	0.00e+00	0.00e+00	0.00e+00	0.00e+00	0.00e+00
 2.58315e+17	9.84e-01	1.64e-02	9.83e-06	0.00e+00	0.00e+00	0.00e+00	0.00e+00	0.00e+00
 2.58515e+17	9.84e-01	1.59e-02	9.63e-06	0.00e+00	0.00e+00	0.00e+00	0.00e+00	0.00e+00
 2.58730e+17	9.85e-01	1.48e-02	9.23e-06	0.00e+00	0.00e+00	0.00e+00	0.00e+00	0.00e+00
 2.58926e+17	9.86e-01	1.40e-02	8.85e-06	0.00e+00	0.00e+00	0.00e+00	0.00e+00	0.00e+00
 2.59104e+17	9.88e-01	1.20e-02	7.95e-06	0.00e+00	0.00e+00	0.00e+00	0.00e+00	0.00e+00
 2.59267e+17	9.90e-01	1.02e-02	6.93e-06	0.00e+00	0.00e+00	0.00e+00	0.00e+00	0.00e+00
 2.59414e+17	9.90e-01	9.74e-03	6.65e-06	0.00e+00	0.00e+00	0.00e+00	0.00e+00	0.00e+00
 2.59549e+17	9.90e-01	9.50e-03	6.51e-06	0.00e+00	0.00e+00	0.00e+00	0.00e+00	0.00e+00
 2.59671e+17	9.91e-01	9.30e-03	6.39e-06	0.00e+00	0.00e+00	0.00e+00	0.00e+00	0.00e+00
 2.59805e+17	9.91e-01	9.21e-03	6.33e-06	0.00e+00	0.00e+00	0.00e+00	0.00e+00	0.00e+00
 2.59979e+17	9.91e-01	8.79e-03	6.07e-06	0.00e+00	0.00e+00	0.00e+00	0.00e+00	0.00e+00
 2.60167e+17	9.92e-01	8.48e-03	5.88e-06	0.00e+00	0.00e+00	0.00e+00	0.00e+00	0.00e+00
 2.60338e+17	9.92e-01	8.39e-03	5.82e-06	0.00e+00	0.00e+00	0.00e+00	0.00e+00	0.00e+00
 2.60526e+17	9.92e-01	8.30e-03	5.77e-06	0.00e+00	0.00e+00	0.00e+00	0.00e+00	0.00e+00
 2.60770e+17	9.92e-01	8.00e-03	5.59e-06	0.00e+00	0.00e+00	0.00e+00	0.00e+00	0.00e+00
 2.61033e+17	9.92e-01	7.78e-03	5.47e-06	0.00e+00	0.00e+00	0.00e+00	0.00e+00	0.00e+00
 2.61272e+17	9.92e-01	7.70e-03	5.42e-06	0.00e+00	0.00e+00	0.00e+00	0.00e+00	0.00e+00
 2.61528e+17	9.92e-01	7.62e-03	5.38e-06	0.00e+00	0.00e+00	0.00e+00	0.00e+00	0.00e+00
 2.61855e+17	9.92e-01	7.50e-03	5.33e-06	0.00e+00	0.00e+00	0.00e+00	0.00e+00	0.00e+00
 2.62221e+17	9.93e-01	7.36e-03	5.28e-06	0.00e+00	0.00e+00	0.00e+00	0.00e+00	0.00e+00
 2.62566e+17	9.93e-01	7.28e-03	5.24e-06	0.00e+00	0.00e+00	0.00e+00	0.00e+00	0.00e+00
 2.62873e+17	9.93e-01	7.25e-03	5.24e-06	0.00e+00	0.00e+00	0.00e+00	0.00e+00	0.00e+00
 2.63200e+17	9.93e-01	7.24e-03	5.25e-06	0.00e+00	0.00e+00	0.00e+00	0.00e+00	0.00e+00
 2.63617e+17	9.93e-01	7.17e-03	5.26e-06	0.00e+00	0.00e+00	0.00e+00	0.00e+00	0.00e+00
 2.64127e+17	9.93e-01	7.09e-03	5.26e-06	0.00e+00	0.00e+00	0.00e+00	0.00e+00	0.00e+00
 2.64648e+17	9.93e-01	7.10e-03	5.34e-06	0.00e+00	0.00e+00	0.00e+00	0.00e+00	0.00e+00
 2.65176e+17	9.93e-01	7.18e-03	5.45e-06	0.00e+00	0.00e+00	0.00e+00	0.00e+00	0.00e+00
 2.65804e+17	9.93e-01	7.30e-03	5.60e-06	0.00e+00	0.00e+00	0.00e+00	0.00e+00	0.00e+00
 2.66505e+17	9.93e-01	7.43e-03	5.79e-06	0.00e+00	0.00e+00	0.00e+00	0.00e+00	0.00e+00
 2.67145e+17	9.92e-01	7.90e-03	6.19e-06	0.00e+00	0.00e+00	0.00e+00	0.00e+00	0.00e+00
 2.67576e+17	9.91e-01	8.53e-03	6.64e-06	0.00e+00	0.00e+00	0.00e+00	0.00e+00	0.00e+00
 2.67791e+17	9.91e-01	9.36e-03	7.12e-06	0.00e+00	0.00e+00	0.00e+00	0.00e+00	0.00e+00
 2.67899e+17	9.90e-01	1.00e-02	7.47e-06	0.00e+00	0.00e+00	0.00e+00	0.00e+00	0.00e+00
 2.67958e+17	9.90e-01	1.05e-02	7.70e-06	0.00e+00	0.00e+00	0.00e+00	0.00e+00	0.00e+00
 2.68003e+17	9.89e-01	1.06e-02	7.77e-06	0.00e+00	0.00e+00	0.00e+00	0.00e+00	0.00e+00
 2.68056e+17	9.89e-01	1.08e-02	7.84e-06	0.00e+00	0.00e+00	0.00e+00	0.00e+00	0.00e+00
 2.68125e+17	9.89e-01	1.09e-02	7.91e-06	0.00e+00	0.00e+00	0.00e+00	0.00e+00	0.00e+00
 2.68214e+17	9.89e-01	1.10e-02	7.97e-06	0.00e+00	0.00e+00	0.00e+00	0.00e+00	0.00e+00
 2.68330e+17	9.89e-01	1.10e-02	8.00e-06	0.00e+00	0.00e+00	0.00e+00	0.00e+00	0.00e+00
 2.68480e+17	9.89e-01	1.10e-02	8.01e-06	0.00e+00	0.00e+00	0.00e+00	0.00e+00	0.00e+00
 2.68676e+17	9.89e-01	1.10e-02	8.01e-06	0.00e+00	0.00e+00	0.00e+00	0.00e+00	0.00e+00
 2.68931e+17	9.89e-01	1.09e-02	8.00e-06	0.00e+00	0.00e+00	0.00e+00	0.00e+00	0.00e+00
 2.69262e+17	9.89e-01	1.08e-02	7.97e-06	0.00e+00	0.00e+00	0.00e+00	0.00e+00	0.00e+00
 2.69692e+17	9.89e-01	1.06e-02	7.94e-06	0.00e+00	0.00e+00	0.00e+00	0.00e+00	0.00e+00
 2.70251e+17	9.89e-01	1.05e-02	7.91e-06	0.00e+00	0.00e+00	0.00e+00	0.00e+00	0.00e+00
 2.70978e+17	9.90e-01	1.04e-02	7.89e-06	0.00e+00	0.00e+00	0.00e+00	0.00e+00	0.00e+00
 2.71923e+17	9.90e-01	1.02e-02	7.90e-06	0.00e+00	0.00e+00	0.00e+00	0.00e+00	0.00e+00
 2.73135e+17	9.90e-01	1.01e-02	7.92e-06	0.00e+00	0.00e+00	0.00e+00	0.00e+00	0.00e+00
 2.74531e+17	9.90e-01	1.03e-02	8.13e-06	0.00e+00	0.00e+00	0.00e+00	0.00e+00	0.00e+00
 2.75972e+17	9.90e-01	1.05e-02	8.30e-06	0.00e+00	0.00e+00	0.00e+00	0.00e+00	0.00e+00
 2.77534e+17	9.89e-01	1.08e-02	8.54e-06	0.00e+00	0.00e+00	0.00e+00	0.00e+00	0.00e+00
 2.79256e+17	9.89e-01	1.07e-02	8.59e-06	0.00e+00	0.00e+00	0.00e+00	0.00e+00	0.00e+00
 2.81061e+17	9.89e-01	1.06e-02	8.64e-06	0.00e+00	0.00e+00	0.00e+00	0.00e+00	0.00e+00
 2.82973e+17	9.90e-01	1.04e-02	8.66e-06	0.00e+00	0.00e+00	0.00e+00	0.00e+00	0.00e+00
 2.84964e+17	9.90e-01	1.01e-02	8.64e-06	0.00e+00	0.00e+00	0.00e+00	0.00e+00	0.00e+00
 2.86995e+17	9.90e-01	9.66e-03	8.57e-06	0.00e+00	0.00e+00	0.00e+00	0.00e+00	0.00e+00
 2.88898e+17	9.91e-01	8.86e-03	8.28e-06	0.00e+00	0.00e+00	0.00e+00	0.00e+00	0.00e+00
 2.90571e+17	9.98e-01	2.40e-03	3.77e-06	0.00e+00	0.00e+00	0.00e+00	0.00e+00	0.00e+00
 2.92093e+17	9.99e-01	5.52e-04	2.06e-06	0.00e+00	0.00e+00	0.00e+00	0.00e+00	0.00e+00
###########################
 1.53562e+13	7.87e-03	6.60e-01	3.24e-01	7.83e-03	1.91e-04	1.28e-06	0.00e+00	0.00e+00
 9.21370e+13	7.89e-03	6.60e-01	3.24e-01	7.83e-03	1.91e-04	1.28e-06	0.00e+00	0.00e+00
 3.99260e+14	7.91e-03	6.59e-01	3.25e-01	7.85e-03	1.92e-04	1.28e-06	0.00e+00	0.00e+00
 1.62775e+15	8.05e-03	6.57e-01	3.27e-01	7.77e-03	1.91e-04	1.26e-06	0.00e+00	0.00e+00
 3.88818e+15	8.30e-03	6.50e-01	3.34e-01	7.92e-03	1.94e-04	1.29e-06	0.00e+00	0.00e+00
 6.82674e+15	8.70e-03	6.50e-01	3.34e-01	7.73e-03	1.90e-04	1.24e-06	0.00e+00	0.00e+00
 1.06469e+16	9.33e-03	6.56e-01	3.27e-01	7.20e-03	1.79e-04	1.12e-06	0.00e+00	0.00e+00
 1.56130e+16	1.04e-02	6.73e-01	3.10e-01	6.25e-03	1.58e-04	9.11e-07	0.00e+00	0.00e+00
 2.11699e+16	1.17e-02	6.95e-01	2.88e-01	5.19e-03	1.35e-04	0.00e+00	0.00e+00	0.00e+00
 2.64458e+16	1.32e-02	7.20e-01	2.62e-01	4.19e-03	1.12e-04	0.00e+00	0.00e+00	0.00e+00
 3.15554e+16	1.50e-02	7.49e-01	2.33e-01	3.25e-03	8.98e-05	0.00e+00	0.00e+00	0.00e+00
 3.69663e+16	1.75e-02	7.80e-01	2.00e-01	2.38e-03	6.76e-05	0.00e+00	0.00e+00	0.00e+00
 4.23215e+16	2.03e-02	8.10e-01	1.68e-01	1.70e-03	4.97e-05	0.00e+00	0.00e+00	0.00e+00
 4.70237e+16	2.34e-02	8.35e-01	1.41e-01	1.22e-03	3.62e-05	0.00e+00	0.00e+00	0.00e+00
 5.11665e+16	2.68e-02	8.55e-01	1.18e-01	8.89e-04	2.63e-05	0.00e+00	0.00e+00	0.00e+00
 5.50528e+16	3.07e-02	8.72e-01	9.70e-02	6.44e-04	1.89e-05	0.00e+00	0.00e+00	0.00e+00
 5.88662e+16	3.55e-02	8.86e-01	7.84e-02	4.58e-04	1.31e-05	0.00e+00	0.00e+00	0.00e+00
 6.25791e+16	4.16e-02	8.96e-01	6.21e-02	3.23e-04	8.78e-06	0.00e+00	0.00e+00	0.00e+00
 6.60413e+16	4.88e-02	9.02e-01	4.85e-02	2.29e-04	5.80e-06	0.00e+00	0.00e+00	0.00e+00
 6.90850e+16	5.71e-02	9.05e-01	3.81e-02	1.67e-04	3.87e-06	0.00e+00	0.00e+00	0.00e+00
 7.16779e+16	6.61e-02	9.03e-01	3.03e-02	1.27e-04	2.66e-06	0.00e+00	0.00e+00	0.00e+00
 7.39471e+16	7.60e-02	9.00e-01	2.43e-02	9.92e-05	1.85e-06	0.00e+00	0.00e+00	0.00e+00
 7.60176e+16	8.70e-02	8.93e-01	1.96e-02	7.93e-05	1.30e-06	0.00e+00	0.00e+00	0.00e+00
 7.79575e+16	9.94e-02	8.85e-01	1.58e-02	6.44e-05	9.26e-07	0.00e+00	0.00e+00	0.00e+00
 7.97992e+16	1.14e-01	8.74e-01	1.27e-02	5.28e-05	0.00e+00	0.00e+00	0.00e+00	0.00e+00
 8.15397e+16	1.29e-01	8.60e-01	1.02e-02	4.40e-05	0.00e+00	0.00e+00	0.00e+00	0.00e+00
 8.31696e+16	1.46e-01	8.45e-01	8.26e-03	3.72e-05	0.00e+00	0.00e+00	0.00e+00	0.00e+00
 8.46477e+16	1.64e-01	8.29e-01	6.77e-03	3.21e-05	0.00e+00	0.00e+00	0.00e+00	0.00e+00
 8.59540e+16	1.82e-01	8.13e-01	5.64e-03	2.82e-05	0.00e+00	0.00e+00	0.00e+00	0.00e+00
 8.71337e+16	1.99e-01	7.97e-01	4.78e-03	2.52e-05	0.00e+00	0.00e+00	0.00e+00	0.00e+00
 8.82491e+16	2.16e-01	7.80e-01	4.07e-03	2.27e-05	0.00e+00	0.00e+00	0.00e+00	0.00e+00
 8.93437e+16	2.34e-01	7.62e-01	3.47e-03	2.06e-05	0.00e+00	0.00e+00	0.00e+00	0.00e+00
 9.04009e+16	2.53e-01	7.44e-01	2.97e-03	1.87e-05	0.00e+00	0.00e+00	0.00e+00	0.00e+00
 9.14087e+16	2.71e-01	7.26e-01	2.56e-03	1.72e-05	0.00e+00	0.00e+00	0.00e+00	0.00e+00
 9.22061e+16	2.86e-01	7.12e-01	2.28e-03	1.61e-05	0.00e+00	0.00e+00	0.00e+00	0.00e+00
 9.27513e+16	2.96e-01	7.02e-01	2.11e-03	1.54e-05	0.00e+00	0.00e+00	0.00e+00	0.00e+00
 9.32853e+16	3.06e-01	6.92e-01	1.95e-03	1.47e-05	0.00e+00	0.00e+00	0.00e+00	0.00e+00
 9.39266e+16	3.19e-01	6.79e-01	1.77e-03	1.40e-05	0.00e+00	0.00e+00	0.00e+00	0.00e+00
 9.46372e+16	3.34e-01	6.65e-01	1.59e-03	1.32e-05	0.00e+00	0.00e+00	0.00e+00	0.00e+00
 9.53275e+16	3.47e-01	6.51e-01	1.44e-03	1.26e-05	0.00e+00	0.00e+00	0.00e+00	0.00e+00
 9.59865e+16	3.61e-01	6.38e-01	1.30e-03	1.19e-05	0.00e+00	0.00e+00	0.00e+00	0.00e+00
 9.66462e+16	3.74e-01	6.24e-01	1.18e-03	1.13e-05	0.00e+00	0.00e+00	0.00e+00	0.00e+00
 9.73333e+16	3.89e-01	6.10e-01	1.07e-03	1.07e-05	0.00e+00	0.00e+00	0.00e+00	0.00e+00
 9.80416e+16	4.04e-01	5.95e-01	9.65e-04	1.02e-05	0.00e+00	0.00e+00	0.00e+00	0.00e+00
 9.87483e+16	4.19e-01	5.81e-01	8.68e-04	9.65e-06	0.00e+00	0.00e+00	0.00e+00	0.00e+00
 9.94635e+16	4.33e-01	5.66e-01	7.86e-04	9.18e-06	0.00e+00	0.00e+00	0.00e+00	0.00e+00
 1.00198e+17	4.48e-01	5.51e-01	7.06e-04	8.68e-06	0.00e+00	0.00e+00	0.00e+00	0.00e+00
 1.00956e+17	4.63e-01	5.36e-01	6.36e-04	8.26e-06	0.00e+00	0.00e+00	0.00e+00	0.00e+00
 1.01738e+17	4.80e-01	5.20e-01	5.69e-04	7.78e-06	0.00e+00	0.00e+00	0.00e+00	0.00e+00
 1.02523e+17	4.94e-01	5.05e-01	5.14e-04	7.41e-06	0.00e+00	0.00e+00	0.00e+00	0.00e+00
 1.03327e+17	5.10e-01	4.89e-01	4.60e-04	6.99e-06	0.00e+00	0.00e+00	0.00e+00	0.00e+00
 1.04162e+17	5.26e-01	4.73e-01	4.14e-04	6.61e-06	0.00e+00	0.00e+00	0.00e+00	0.00e+00
 1.04985e+17	5.40e-01	4.60e-01	3.75e-04	6.31e-06	0.00e+00	0.00e+00	0.00e+00	0.00e+00
 1.05822e+17	5.56e-01	4.44e-01	3.36e-04	5.95e-06	0.00e+00	0.00e+00	0.00e+00	0.00e+00
 1.06678e+17	5.70e-01	4.30e-01	3.05e-04	5.66e-06	0.00e+00	0.00e+00	0.00e+00	0.00e+00
 1.07595e+17	5.85e-01	4.14e-01	2.74e-04	5.34e-06	0.00e+00	0.00e+00	0.00e+00	0.00e+00
 1.08584e+17	6.00e-01	3.99e-01	2.46e-04	5.05e-06	0.00e+00	0.00e+00	0.00e+00	0.00e+00
 1.09595e+17	6.16e-01	3.84e-01	2.22e-04	4.76e-06	0.00e+00	0.00e+00	0.00e+00	0.00e+00
 1.10627e+17	6.30e-01	3.70e-01	2.01e-04	4.51e-06	0.00e+00	0.00e+00	0.00e+00	0.00e+00
 1.11700e+17	6.44e-01	3.56e-01	1.82e-04	4.26e-06	0.00e+00	0.00e+00	0.00e+00	0.00e+00
 1.12848e+17	6.57e-01	3.43e-01	1.65e-04	4.04e-06	0.00e+00	0.00e+00	0.00e+00	0.00e+00
 1.14071e+17	6.71e-01	3.29e-01	1.49e-04	3.80e-06	0.00e+00	0.00e+00	0.00e+00	0.00e+00
 1.15333e+17	6.83e-01	3.17e-01	1.37e-04	3.62e-06	0.00e+00	0.00e+00	0.00e+00	0.00e+00
 1.16602e+17	6.96e-01	3.04e-01	1.25e-04	3.42e-06	0.00e+00	0.00e+00	0.00e+00	0.00e+00
 1.17934e+17	7.06e-01	2.94e-01	1.16e-04	3.27e-06	0.00e+00	0.00e+00	0.00e+00	0.00e+00
 1.19306e+17	7.17e-01	2.83e-01	1.07e-04	3.10e-06	0.00e+00	0.00e+00	0.00e+00	0.00e+00
 1.20763e+17	7.27e-01	2.73e-01	9.98e-05	2.95e-06	0.00e+00	0.00e+00	0.00e+00	0.00e+00
 1.22392e+17	7.36e-01	2.64e-01	9.32e-05	2.83e-06	0.00e+00	0.00e+00	0.00e+00	0.00e+00
 1.24118e+17	7.46e-01	2.54e-01	8.69e-05	2.69e-06	0.00e+00	0.00e+00	0.00e+00	0.00e+00
 1.26135e+17	7.56e-01	2.44e-01	8.07e-05	2.55e-06	0.00e+00	0.00e+00	0.00e+00	0.00e+00
 1.28473e+17	7.66e-01	2.34e-01	7.51e-05	2.42e-06	0.00e+00	0.00e+00	0.00e+00	0.00e+00
 1.30865e+17	7.76e-01	2.24e-01	7.03e-05	2.29e-06	0.00e+00	0.00e+00	0.00e+00	0.00e+00
 1.33493e+17	7.85e-01	2.15e-01	6.58e-05	2.18e-06	0.00e+00	0.00e+00	0.00e+00	0.00e+00
 1.36604e+17	7.94e-01	2.06e-01	6.16e-05	2.06e-06	0.00e+00	0.00e+00	0.00e+00	0.00e+00
 1.39927e+17	8.03e-01	1.97e-01	5.77e-05	1.94e-06	0.00e+00	0.00e+00	0.00e+00	0.00e+00
 1.43254e+17	8.12e-01	1.88e-01	5.44e-05	1.84e-06	0.00e+00	0.00e+00	0.00e+00	0.00e+00
 1.46733e+17	8.20e-01	1.80e-01	5.14e-05	1.74e-06	0.00e+00	0.00e+00	0.00e+00	0.00e+00
 1.50384e+17	8.28e-01	1.72e-01	4.87e-05	1.65e-06	0.00e+00	0.00e+00	0.00e+00	0.00e+00
 1.54066e+17	8.35e-01	1.65e-01	4.62e-05	1.56e-06	0.00e+00	0.00e+00	0.00e+00	0.00e+00
 1.57679e+17	8.42e-01	1.58e-01	4.40e-05	1.48e-06	0.00e+00	0.00e+00	0.00e+00	0.00e+00
 1.61231e+17	8.48e-01	1.52e-01	4.21e-05	1.41e-06	0.00e+00	0.00e+00	0.00e+00	0.00e+00
 1.64763e+17	8.54e-01	1.46e-01	4.04e-05	1.35e-06	0.00e+00	0.00e+00	0.00e+00	0.00e+00
 1.68347e+17	8.61e-01	1.39e-01	3.86e-05	1.27e-06	0.00e+00	0.00e+00	0.00e+00	0.00e+00
 1.71853e+17	8.66e-01	1.34e-01	3.72e-05	1.22e-06	0.00e+00	0.00e+00	0.00e+00	0.00e+00
 1.75173e+17	8.71e-01	1.29e-01	3.59e-05	1.16e-06	0.00e+00	0.00e+00	0.00e+00	0.00e+00
 1.78429e+17	8.76e-01	1.24e-01	3.46e-05	1.11e-06	0.00e+00	0.00e+00	0.00e+00	0.00e+00
 1.81583e+17	8.81e-01	1.19e-01	3.34e-05	1.05e-06	0.00e+00	0.00e+00	0.00e+00	0.00e+00
 1.84509e+17	8.85e-01	1.15e-01	3.24e-05	1.01e-06	0.00e+00	0.00e+00	0.00e+00	0.00e+00
 1.87385e+17	8.90e-01	1.10e-01	3.14e-05	9.63e-07	0.00e+00	0.00e+00	0.00e+00	0.00e+00
 1.90251e+17	8.94e-01	1.06e-01	3.05e-05	0.00e+00	0.00e+00	0.00e+00	0.00e+00	0.00e+00
 1.92973e+17	8.98e-01	1.02e-01	2.97e-05	0.00e+00	0.00e+00	0.00e+00	0.00e+00	0.00e+00
 1.95601e+17	9.01e-01	9.87e-02	2.88e-05	0.00e+00	0.00e+00	0.00e+00	0.00e+00	0.00e+00
 1.98152e+17	9.04e-01	9.55e-02	2.82e-05	0.00e+00	0.00e+00	0.00e+00	0.00e+00	0.00e+00
 2.00868e+17	9.08e-01	9.16e-02	2.74e-05	0.00e+00	0.00e+00	0.00e+00	0.00e+00	0.00e+00
 2.03510e+17	9.12e-01	8.81e-02	2.66e-05	0.00e+00	0.00e+00	0.00e+00	0.00e+00	0.00e+00
 2.05775e+17	9.15e-01	8.53e-02	2.60e-05	0.00e+00	0.00e+00	0.00e+00	0.00e+00	0.00e+00
 2.07884e+17	9.17e-01	8.29e-02	2.56e-05	0.00e+00	0.00e+00	0.00e+00	0.00e+00	0.00e+00
 2.10105e+17	9.20e-01	7.95e-02	2.49e-05	0.00e+00	0.00e+00	0.00e+00	0.00e+00	0.00e+00
 2.12275e+17	9.23e-01	7.68e-02	2.43e-05	0.00e+00	0.00e+00	0.00e+00	0.00e+00	0.00e+00
 2.14123e+17	9.26e-01	7.45e-02	2.38e-05	0.00e+00	0.00e+00	0.00e+00	0.00e+00	0.00e+00
 2.15888e+17	9.27e-01	7.25e-02	2.34e-05	0.00e+00	0.00e+00	0.00e+00	0.00e+00	0.00e+00
 2.17892e+17	9.30e-01	6.95e-02	2.28e-05	0.00e+00	0.00e+00	0.00e+00	0.00e+00	0.00e+00
 2.19839e+17	9.33e-01	6.71e-02	2.23e-05	0.00e+00	0.00e+00	0.00e+00	0.00e+00	0.00e+00
 2.21378e+17	9.34e-01	6.55e-02	2.20e-05	0.00e+00	0.00e+00	0.00e+00	0.00e+00	0.00e+00
 2.22989e+17	9.37e-01	6.32e-02	2.15e-05	0.00e+00	0.00e+00	0.00e+00	0.00e+00	0.00e+00
 2.24654e+17	9.39e-01	6.09e-02	2.10e-05	0.00e+00	0.00e+00	0.00e+00	0.00e+00	0.00e+00
 2.26029e+17	9.40e-01	5.95e-02	2.08e-05	0.00e+00	0.00e+00	0.00e+00	0.00e+00	0.00e+00
 2.27415e+17	9.42e-01	5.75e-02	2.03e-05	0.00e+00	0.00e+00	0.00e+00	0.00e+00	0.00e+00
 2.28822e+17	9.44e-01	5.55e-02	1.99e-05	0.00e+00	0.00e+00	0.00e+00	0.00e+00	0.00e+00
 2.29997e+17	9.46e-01	5.43e-02	1.97e-05	0.00e+00	0.00e+00	0.00e+00	0.00e+00	0.00e+00
 2.31202e+17	9.46e-01	5.44e-02	1.95e-05	0.00e+00	0.00e+00	0.00e+00	0.00e+00	0.00e+00
 2.32734e+17	9.48e-01	5.21e-02	1.90e-05	0.00e+00	0.00e+00	0.00e+00	0.00e+00	0.00e+00
 2.34122e+17	9.50e-01	4.98e-02	1.85e-05	0.00e+00	0.00e+00	0.00e+00	0.00e+00	0.00e+00
 2.35002e+17	9.51e-01	4.94e-02	1.84e-05	0.00e+00	0.00e+00	0.00e+00	0.00e+00	0.00e+00
 2.35814e+17	9.51e-01	4.87e-02	1.82e-05	0.00e+00	0.00e+00	0.00e+00	0.00e+00	0.00e+00
 2.36868e+17	9.52e-01	4.78e-02	1.80e-05	0.00e+00	0.00e+00	0.00e+00	0.00e+00	0.00e+00
 2.38240e+17	9.53e-01	4.65e-02	1.78e-05	0.00e+00	0.00e+00	0.00e+00	0.00e+00	0.00e+00
 2.39870e+17	9.56e-01	4.43e-02	1.73e-05	0.00e+00	0.00e+00	0.00e+00	0.00e+00	0.00e+00
 2.41195e+17	9.57e-01	4.25e-02	1.69e-05	0.00e+00	0.00e+00	0.00e+00	0.00e+00	0.00e+00
 2.41953e+17	9.58e-01	4.19e-02	1.68e-05	0.00e+00	0.00e+00	0.00e+00	0.00e+00	0.00e+00
 2.42617e+17	9.59e-01	4.14e-02	1.66e-05	0.00e+00	0.00e+00	0.00e+00	0.00e+00	0.00e+00
 2.43479e+17	9.60e-01	3.99e-02	1.63e-05	0.00e+00	0.00e+00	0.00e+00	0.00e+00	0.00e+00
 2.44314e+17	9.61e-01	3.85e-02	1.59e-05	0.00e+00	0.00e+00	0.00e+00	0.00e+00	0.00e+00
 2.44905e+17	9.62e-01	3.80e-02	1.58e-05	0.00e+00	0.00e+00	0.00e+00	0.00e+00	0.00e+00
 2.45467e+17	9.63e-01	3.74e-02	1.57e-05	0.00e+00	0.00e+00	0.00e+00	0.00e+00	0.00e+00
 2.46196e+17	9.64e-01	3.61e-02	1.54e-05	0.00e+00	0.00e+00	0.00e+00	0.00e+00	0.00e+00
 2.46886e+17	9.65e-01	3.47e-02	1.51e-05	0.00e+00	0.00e+00	0.00e+00	0.00e+00	0.00e+00
 2.47355e+17	9.66e-01	3.45e-02	1.50e-05	0.00e+00	0.00e+00	0.00e+00	0.00e+00	0.00e+00
 2.47799e+17	9.66e-01	3.41e-02	1.49e-05	0.00e+00	0.00e+00	0.00e+00	0.00e+00	0.00e+00
 2.48375e+17	9.67e-01	3.28e-02	1.46e-05	0.00e+00	0.00e+00	0.00e+00	0.00e+00	0.00e+00
 2.48911e+17	9.68e-01	3.17e-02	1.43e-05	0.00e+00	0.00e+00	0.00e+00	0.00e+00	0.00e+00
 2.49248e+17	9.69e-01	3.13e-02	1.42e-05	0.00e+00	0.00e+00	0.00e+00	0.00e+00	0.00e+00
 2.49515e+17	9.69e-01	3.11e-02	1.41e-05	0.00e+00	0.00e+00	0.00e+00	0.00e+00	0.00e+00
 2.49831e+17	9.69e-01	3.07e-02	1.40e-05	0.00e+00	0.00e+00	0.00e+00	0.00e+00	0.00e+00
 2.50150e+17	9.70e-01	3.03e-02	1.39e-05	0.00e+00	0.00e+00	0.00e+00	0.00e+00	0.00e+00
 2.50384e+17	9.70e-01	2.99e-02	1.38e-05	0.00e+00	0.00e+00	0.00e+00	0.00e+00	0.00e+00
 2.50556e+17	9.70e-01	2.96e-02	1.37e-05	0.00e+00	0.00e+00	0.00e+00	0.00e+00	0.00e+00
 2.50736e+17	9.71e-01	2.94e-02	1.37e-05	0.00e+00	0.00e+00	0.00e+00	0.00e+00	0.00e+00
 2.50962e+17	9.71e-01	2.91e-02	1.36e-05	0.00e+00	0.00e+00	0.00e+00	0.00e+00	0.00e+00
 2.51200e+17	9.71e-01	2.86e-02	1.35e-05	0.00e+00	0.00e+00	0.00e+00	0.00e+00	0.00e+00
 2.51398e+17	9.72e-01	2.84e-02	1.34e-05	0.00e+00	0.00e+00	0.00e+00	0.00e+00	0.00e+00
 2.51562e+17	9.72e-01	2.80e-02	1.33e-05	0.00e+00	0.00e+00	0.00e+00	0.00e+00	0.00e+00
 2.51722e+17	9.72e-01	2.78e-02	1.32e-05	0.00e+00	0.00e+00	0.00e+00	0.00e+00	0.00e+00
 2.51899e+17	9.72e-01	2.75e-02	1.32e-05	0.00e+00	0.00e+00	0.00e+00	0.00e+00	0.00e+00
 2.52087e+17	9.73e-01	2.72e-02	1.31e-05	0.00e+00	0.00e+00	0.00e+00	0.00e+00	0.00e+00
 2.52271e+17	9.73e-01	2.69e-02	1.30e-05	0.00e+00	0.00e+00	0.00e+00	0.00e+00	0.00e+00
 2.52445e+17	9.73e-01	2.66e-02	1.29e-05	0.00e+00	0.00e+00	0.00e+00	0.00e+00	0.00e+00
 2.52613e+17	9.74e-01	2.63e-02	1.28e-05	0.00e+00	0.00e+00	0.00e+00	0.00e+00	0.00e+00
 2.52775e+17	9.74e-01	2.60e-02	1.28e-05	0.00e+00	0.00e+00	0.00e+00	0.00e+00	0.00e+00
 2.52935e+17	9.74e-01	2.57e-02	1.27e-05	0.00e+00	0.00e+00	0.00e+00	0.00e+00	0.00e+00
 2.53099e+17	9.75e-01	2.54e-02	1.26e-05	0.00e+00	0.00e+00	0.00e+00	0.00e+00	0.00e+00
 2.53266e+17	9.75e-01	2.51e-02	1.25e-05	0.00e+00	0.00e+00	0.00e+00	0.00e+00	0.00e+00
 2.53435e+17	9.75e-01	2.48e-02	1.24e-05	0.00e+00	0.00e+00	0.00e+00	0.00e+00	0.00e+00
 2.53603e+17	9.75e-01	2.45e-02	1.24e-05	0.00e+00	0.00e+00	0.00e+00	0.00e+00	0.00e+00
 2.53771e+17	9.76e-01	2.42e-02	1.23e-05	0.00e+00	0.00e+00	0.00e+00	0.00e+00	0.00e+00
 2.53941e+17	9.76e-01	2.40e-02	1.22e-05	0.00e+00	0.00e+00	0.00e+00	0.00e+00	0.00e+00
 2.54114e+17	9.76e-01	2.36e-02	1.21e-05	0.00e+00	0.00e+00	0.00e+00	0.00e+00	0.00e+00
 2.54287e+17	9.77e-01	2.34e-02	1.20e-05	0.00e+00	0.00e+00	0.00e+00	0.00e+00	0.00e+00
 2.54461e+17	9.77e-01	2.31e-02	1.20e-05	0.00e+00	0.00e+00	0.00e+00	0.00e+00	0.00e+00
 2.54629e+17	9.77e-01	2.28e-02	1.19e-05	0.00e+00	0.00e+00	0.00e+00	0.00e+00	0.00e+00
 2.54811e+17	9.77e-01	2.25e-02	1.18e-05	0.00e+00	0.00e+00	0.00e+00	0.00e+00	0.00e+00
 2.55002e+17	9.78e-01	2.22e-02	1.17e-05	0.00e+00	0.00e+00	0.00e+00	0.00e+00	0.00e+00
 2.55181e+17	9.78e-01	2.19e-02	1.16e-05	0.00e+00	0.00e+00	0.00e+00	0.00e+00	0.00e+00
 2.55353e+17	9.78e-01	2.16e-02	1.15e-05	0.00e+00	0.00e+00	0.00e+00	0.00e+00	0.00e+00
 2.55531e+17	9.79e-01	2.13e-02	1.14e-05	0.00e+00	0.00e+00	0.00e+00	0.00e+00	0.00e+00
 2.55730e+17	9.79e-01	2.10e-02	1.14e-05	0.00e+00	0.00e+00	0.00e+00	0.00e+00	0.00e+00
 2.55938e+17	9.79e-01	2.06e-02	1.13e-05	0.00e+00	0.00e+00	0.00e+00	0.00e+00	0.00e+00
 2.56124e+17	9.80e-01	2.04e-02	1.12e-05	0.00e+00	0.00e+00	0.00e+00	0.00e+00	0.00e+00
 2.56294e+17	9.80e-01	2.01e-02	1.11e-05	0.00e+00	0.00e+00	0.00e+00	0.00e+00	0.00e+00
 2.56479e+17	9.80e-01	1.98e-02	1.10e-05	0.00e+00	0.00e+00	0.00e+00	0.00e+00	0.00e+00
 2.56700e+17	9.80e-01	1.95e-02	1.09e-05	0.00e+00	0.00e+00	0.00e+00	0.00e+00	0.00e+00
 2.56935e+17	9.81e-01	1.89e-02	1.07e-05	0.00e+00	0.00e+00	0.00e+00	0.00e+00	0.00e+00
 2.57117e+17	9.81e-01	1.87e-02	1.06e-05	0.00e+00	0.00e+00	0.00e+00	0.00e+00	0.00e+00
 2.57274e+17	9.82e-01	1.85e-02	1.05e-05	0.00e+00	0.00e+00	0.00e+00	0.00e+00	0.00e+00
 2.57478e+17	9.82e-01	1.82e-02	1.05e-05	0.00e+00	0.00e+00	0.00e+00	0.00e+00	0.00e+00
 2.57733e+17	9.82e-01	1.76e-02	1.03e-05	0.00e+00	0.00e+00	0.00e+00	0.00e+00	0.00e+00
 2.57959e+17	9.84e-01	1.64e-02	9.82e-06	0.00e+00	0.00e+00	0.00e+00	0.00e+00	0.00e+00
 2.58122e+17	9.84e-01	1.62e-02	9.75e-06	0.00e+00	0.00e+00	0.00e+00	0.00e+00	0.00e+00
 2.58301e+17	9.84e-01	1.61e-02	9.68e-06	0.00e+00	0.00e+00	0.00e+00	0.00e+00	0.00e+00
 2.58533e+17	9.85e-01	1.55e-02	9.48e-06	0.00e+00	0.00e+00	0.00e+00	0.00e+00	0.00e+00
 2.58783e+17	9.86e-01	1.39e-02	8.84e-06	0.00e+00	0.00e+00	0.00e+00	0.00e+00	0.00e+00
 2.59012e+17	9.90e-01	1.01e-02	6.85e-06	0.00e+00	0.00e+00	0.00e+00	0.00e+00	0.00e+00
 2.59219e+17	9.91e-01	9.46e-03	6.48e-06	0.00e+00	0.00e+00	0.00e+00	0.00e+00	0.00e+00
 2.59408e+17	9.91e-01	9.02e-03	6.21e-06	0.00e+00	0.00e+00	0.00e+00	0.00e+00	0.00e+00
 2.59580e+17	9.91e-01	8.92e-03	6.15e-06	0.00e+00	0.00e+00	0.00e+00	0.00e+00	0.00e+00
 2.59768e+17	9.91e-01	8.73e-03	6.02e-06	0.00e+00	0.00e+00	0.00e+00	0.00e+00	0.00e+00
 2.59984e+17	9.92e-01	8.41e-03	5.84e-06	0.00e+00	0.00e+00	0.00e+00	0.00e+00	0.00e+00
 2.60192e+17	9.92e-01	8.22e-03	5.72e-06	0.00e+00	0.00e+00	0.00e+00	0.00e+00	0.00e+00
 2.60381e+17	9.92e-01	8.13e-03	5.66e-06	0.00e+00	0.00e+00	0.00e+00	0.00e+00	0.00e+00
 2.60587e+17	9.92e-01	8.06e-03	5.62e-06	0.00e+00	0.00e+00	0.00e+00	0.00e+00	0.00e+00
 2.60855e+17	9.92e-01	7.86e-03	5.51e-06	0.00e+00	0.00e+00	0.00e+00	0.00e+00	0.00e+00
 2.61145e+17	9.92e-01	7.66e-03	5.41e-06	0.00e+00	0.00e+00	0.00e+00	0.00e+00	0.00e+00
 2.61387e+17	9.92e-01	7.60e-03	5.38e-06	0.00e+00	0.00e+00	0.00e+00	0.00e+00	0.00e+00
 2.61627e+17	9.92e-01	7.57e-03	5.36e-06	0.00e+00	0.00e+00	0.00e+00	0.00e+00	0.00e+00
 2.61939e+17	9.93e-01	7.47e-03	5.32e-06	0.00e+00	0.00e+00	0.00e+00	0.00e+00	0.00e+00
 2.62313e+17	9.93e-01	7.35e-03	5.28e-06	0.00e+00	0.00e+00	0.00e+00	0.00e+00	0.00e+00
 2.62699e+17	9.93e-01	7.25e-03	5.25e-06	0.00e+00	0.00e+00	0.00e+00	0.00e+00	0.00e+00
 2.63048e+17	9.93e-01	7.22e-03	5.26e-06	0.00e+00	0.00e+00	0.00e+00	0.00e+00	0.00e+00
 2.63387e+17	9.93e-01	7.22e-03	5.28e-06	0.00e+00	0.00e+00	0.00e+00	0.00e+00	0.00e+00
 2.63798e+17	9.93e-01	7.19e-03	5.30e-06	0.00e+00	0.00e+00	0.00e+00	0.00e+00	0.00e+00
 2.64331e+17	9.93e-01	7.12e-03	5.32e-06	0.00e+00	0.00e+00	0.00e+00	0.00e+00	0.00e+00
 2.64931e+17	9.93e-01	7.12e-03	5.41e-06	0.00e+00	0.00e+00	0.00e+00	0.00e+00	0.00e+00
 2.65555e+17	9.93e-01	7.26e-03	5.57e-06	0.00e+00	0.00e+00	0.00e+00	0.00e+00	0.00e+00
 2.66162e+17	9.92e-01	7.54e-03	5.85e-06	0.00e+00	0.00e+00	0.00e+00	0.00e+00	0.00e+00
 2.66616e+17	9.92e-01	7.97e-03	6.18e-06	0.00e+00	0.00e+00	0.00e+00	0.00e+00	0.00e+00
 2.66876e+17	9.91e-01	8.66e-03	6.63e-06	0.00e+00	0.00e+00	0.00e+00	0.00e+00	0.00e+00
 2.67009e+17	9.91e-01	9.25e-03	6.97e-06	0.00e+00	0.00e+00	0.00e+00	0.00e+00	0.00e+00
 2.67080e+17	9.90e-01	9.71e-03	7.22e-06	0.00e+00	0.00e+00	0.00e+00	0.00e+00	0.00e+00
 2.67130e+17	9.90e-01	9.97e-03	7.36e-06	0.00e+00	0.00e+00	0.00e+00	0.00e+00	0.00e+00
 2.67183e+17	9.90e-01	1.02e-02	7.49e-06	0.00e+00	0.00e+00	0.00e+00	0.00e+00	0.00e+00
 2.67252e+17	9.90e-01	1.03e-02	7.54e-06	0.00e+00	0.00e+00	0.00e+00	0.00e+00	0.00e+00
 2.67342e+17	9.90e-01	1.04e-02	7.59e-06	0.00e+00	0.00e+00	0.00e+00	0.00e+00	0.00e+00
 2.67459e+17	9.90e-01	1.04e-02	7.62e-06	0.00e+00	0.00e+00	0.00e+00	0.00e+00	0.00e+00
 2.67611e+17	9.90e-01	1.04e-02	7.64e-06	0.00e+00	0.00e+00	0.00e+00	0.00e+00	0.00e+00
 2.67809e+17	9.90e-01	1.04e-02	7.64e-06	0.00e+00	0.00e+00	0.00e+00	0.00e+00	0.00e+00
 2.68065e+17	9.90e-01	1.03e-02	7.63e-06	0.00e+00	0.00e+00	0.00e+00	0.00e+00	0.00e+00
 2.68399e+17	9.90e-01	1.02e-02	7.60e-06	0.00e+00	0.00e+00	0.00e+00	0.00e+00	0.00e+00
 2.68833e+17	9.90e-01	1.01e-02	7.57e-06	0.00e+00	0.00e+00	0.00e+00	0.00e+00	0.00e+00
 2.69397e+17	9.90e-01	9.90e-03	7.54e-06	0.00e+00	0.00e+00	0.00e+00	0.00e+00	0.00e+00
 2.70130e+17	9.90e-01	9.79e-03	7.54e-06	0.00e+00	0.00e+00	0.00e+00	0.00e+00	0.00e+00
 2.71054e+17	9.90e-01	9.68e-03	7.55e-06	0.00e+00	0.00e+00	0.00e+00	0.00e+00	0.00e+00
 2.72147e+17	9.90e-01	9.77e-03	7.68e-06	0.00e+00	0.00e+00	0.00e+00	0.00e+00	0.00e+00
 2.73488e+17	9.90e-01	9.98e-03	7.89e-06	0.00e+00	0.00e+00	0.00e+00	0.00e+00	0.00e+00
 2.75029e+17	9.90e-01	1.02e-02	8.14e-06	0.00e+00	0.00e+00	0.00e+00	0.00e+00	0.00e+00
 2.76465e+17	9.89e-01	1.08e-02	8.53e-06	0.00e+00	0.00e+00	0.00e+00	0.00e+00	0.00e+00
 2.77531e+17	9.89e-01	1.14e-02	8.82e-06	0.00e+00	0.00e+00	0.00e+00	0.00e+00	0.00e+00
 2.78302e+17	9.88e-01	1.18e-02	9.00e-06	0.00e+00	0.00e+00	0.00e+00	0.00e+00	0.00e+00
 2.79121e+17	9.88e-01	1.19e-02	9.05e-06	0.00e+00	0.00e+00	0.00e+00	0.00e+00	0.00e+00
 2.80187e+17	9.88e-01	1.17e-02	9.06e-06	0.00e+00	0.00e+00	0.00e+00	0.00e+00	0.00e+00
 2.81572e+17	9.89e-01	1.15e-02	9.04e-06	0.00e+00	0.00e+00	0.00e+00	0.00e+00	0.00e+00
 2.83373e+17	9.89e-01	1.11e-02	8.97e-06	0.00e+00	0.00e+00	0.00e+00	0.00e+00	0.00e+00
 2.85423e+17	9.89e-01	1.05e-02	8.87e-06	0.00e+00	0.00e+00	0.00e+00	0.00e+00	0.00e+00
 2.87302e+17	9.90e-01	9.91e-03	8.68e-06	0.00e+00	0.00e+00	0.00e+00	0.00e+00	0.00e+00
 2.88773e+17	9.91e-01	9.40e-03	8.50e-06	0.00e+00	0.00e+00	0.00e+00	0.00e+00	0.00e+00
 2.89936e+17	9.91e-01	8.97e-03	8.33e-06	0.00e+00	0.00e+00	0.00e+00	0.00e+00	0.00e+00
 2.90968e+17	9.97e-01	2.60e-03	3.93e-06	0.00e+00	0.00e+00	0.00e+00	0.00e+00	0.00e+00
 2.91907e+17	9.99e-01	1.00e-03	2.58e-06	0.00e+00	0.00e+00	0.00e+00	0.00e+00	0.00e+00
